1 66 623.249 69.1893 3
1 137 562.905 670.038 1
1 20 488.312 437.487 1
1 114 658.913 583.958 1
1 41 494.859 148.122 3
1 70 579.327 601.036 1
1 43 471.101 314.222 1
1 109 457.263 350.016 1
1 28 672.862 432.883 1
1 83 396.127 539.465 1
1 60 595.836 81.813 3
1 69 630.923 230.343 3
1 81 530.732 504.067 1
1 120 598.416 414.556 1
1 110 537.466 472.584 1
1 8 141.488 504.818 2
1 84 118.663 508.713 2
1 75 342.358 599.388 1
1 26 322.422 550.317 1
1 124 197.897 512.389 2
1 93 216.701 466.482 2
1 82 42.5331 656.365 2
1 94 130.924 351.149 2
1 121 172.309 344.396 2
1 89 141.451 485.248 2
1 98 49.9187 541.435 2
1 117 500.257 64.9136 3
1 22 17.3633 240.241 2
1 27 397.559 74.7588 3
1 133 278.871 299.931 2
1 4 53.4418 131.485 2
1 38 415.026 233.305 3
1 140 558.201 0.419881 3
1 74 259.71 10.62 3
1 79 192.119 314.184 2
1 45 91.5848 110.02 2
1 149 48.0798 270.968 2
1 68 59.4163 40.128 2
2 65 432.264 629.409 2
2 134 381.654 360.334 3
2 148 690.966 134.579 3
2 130 635.497 133.323 3
2 67 436.519 282.936 3
2 135 557.607 595.319 2
2 12 536.489 287.228 3
2 47 565.162 429.16 3
2 61 661.559 217.046 3
2 53 578.381 321.33 3
2 86 559.016 560.887 2
2 42 629.998 433.455 3
2 19 633.392 534.94 2
2 37 639.031 467.23 3
2 90 396.774 460.756 2
2 143 193.661 669.743 2
2 18 352.966 666.787 2
2 85 395.691 699.538 2
2 76 10.0261 488.931 1
2 88 135.638 325.841 1
2 3 38.1312 353.148 1
2 1 37.4394 541.209 1
2 113 88.4678 384.051 1
2 62 43.6892 305.472 1
2 73 22.7643 455.534 1
2 92 350.425 420.653 2
2 142 354.724 685.405 2
2 136 249.059 76.6595 1
2 106 146.539 39.4232 1
2 123 303.838 21.0526 1
2 14 282.787 229.8 1
2 104 15.2146 143.044 1
2 78 220.704 270.082 1
2 119 66.2308 24.1317 1
2 131 378.348 272.291 3
2 128 70.2723 77.9227 1
2 16 246.928 322.461 1
2 23 397.559 231.359 3
2 32 400.407 253.679 3
3 108 588.197 580.595 2
3 54 358.917 404.467 3
3 17 649.731 62.3332 1
3 99 656.694 558.111 2
3 58 498.807 576.21 2
3 57 530.363 137.688 1
3 55 486.465 593.043 2
3 101 500.383 198.743 1
3 46 390.697 423.977 3
3 102 634.318 612.829 2
3 132 484.803 677.073 2
3 127 608.426 222.542 1
3 9 661.051 445.938 2
3 116 506.619 233.002 1
3 11 697.388 180.396 1
3 95 72.633 645.785 3
3 97 212.373 594.922 3
3 100 176.594 648.524 3
3 48 54.5249 438.552 3
3 126 255.557 448.865 3
3 111 269.367 367.476 3
3 107 101.869 635.099 3
3 96 144.6 457.422 3
3 30 104.653 482.822 3
3 105 283.005 376.444 3
3 10 98.7899 384.593 3
3 31 356.71 67.6477 1
3 72 297.791 166.313 1
3 122 299.481 251.83 1
3 145 308.435 115.205 1
3 13 192.407 20.4394 1
3 71 117.862 112.98 1
3 125 56.02 243.066 3
3 44 138.244 137.168 1
3 80 271.504 225.292 1
3 147 334.275 152.149 1
3 59 224.318 312.468 3
4 118 594.405 275.874 2
4 40 616.655 339.341 2
4 39 547.266 161.659 2
4 6 689.945 468.535 2
4 139 590.894 370.741 2
4 141 461.411 530.525 2
4 29 571.219 530.262 2
4 24 565.785 282.386 2
4 2 612.176 494.317 2
4 36 659.912 226.628 2
4 50 531.029 612.387 2
4 138 398.55 392.649 2
4 25 475.898 468.539 2
4 51 475.735 385.784 2
4 33 282.304 426.838 1
4 5 143.061 631.72 1
4 103 59.7537 551.632 1
4 56 343.169 509.312 1
4 7 112.748 529.418 1
4 63 79.4653 445.964 1
4 146 299.588 530.589 1
4 34 58.7767 507.171 1
4 52 228.833 410.446 1
4 87 22.6471 526.247 1
4 35 189.751 460.382 1
4 129 398.23 119.558 3
4 21 141.404 228.433 3
4 64 210.416 130.715 3
4 150 91.6468 166.354 3
4 144 352.314 140.327 3
4 91 87.7495 19.617 3
4 77 315.293 273.228 3
4 15 240.825 281.514 3
4 115 97.7359 157.456 3
4 49 334.351 153.797 3
4 112 239.905 102.63 3
