1 3 38.1312 353.148 1
1 18 352.966 666.787 2
1 26 322.422 550.317 2
1 34 58.7767 507.171 1
1 48 54.5249 438.552 1
1 63 79.4653 445.964 1
1 87 22.6471 526.247 1
1 92 350.425 420.653 2
1 93 216.701 466.482 1
1 103 59.7537 551.632 1
1 121 172.309 344.396 1
1 142 354.724 685.405 2
1 6 689.945 468.535 2
1 11 697.388 180.396 3
1 42 629.998 433.455 2
1 60 595.836 81.813 3
1 69 630.923 230.343 3
1 81 530.732 504.067 2
1 86 559.016 560.887 2
1 90 396.774 460.756 2
1 114 658.913 583.958 2
1 118 594.405 275.874 3
1 120 598.416 414.556 2
1 134 381.654 360.334 2
1 141 461.411 530.525 2
1 137 562.905 670.038 2
1 148 690.966 134.579 3
1 14 282.787 229.8 1
1 32 400.407 253.679 3
1 44 138.244 137.168 1
1 71 117.862 112.98 1
1 104 15.2146 143.044 1
1 112 239.905 102.63 1
1 115 97.7359 157.456 1
1 117 500.257 64.9136 3
1 119 66.2308 24.1317 1
1 122 299.481 251.83 1
1 131 378.348 272.291 3
1 136 249.059 76.6595 1
2 111 269.367 367.476 1
2 30 104.653 482.822 1
2 35 189.751 460.382 1
2 75 342.358 599.388 1
2 82 42.5331 656.365 1
2 88 135.638 325.841 1
2 89 141.451 485.248 1
2 95 72.633 645.785 1
2 98 49.9187 541.435 1
2 113 88.4678 384.051 1
2 126 255.557 448.865 1
2 143 193.661 669.743 1
2 2 612.176 494.317 2
2 40 616.655 339.341 2
2 41 494.859 148.122 3
2 51 475.735 385.784 2
2 53 578.381 321.33 2
2 54 358.917 404.467 2
2 55 486.465 593.043 2
2 57 530.363 137.688 3
2 58 498.807 576.21 2
2 99 656.694 558.111 2
2 101 500.383 198.743 3
2 102 634.318 612.829 2
2 110 537.466 472.584 2
2 127 608.426 222.542 2
2 132 484.803 677.073 2
2 15 240.825 281.514 3
2 21 141.404 228.433 3
2 31 356.71 67.6477 3
2 45 91.5848 110.02 3
2 49 334.351 153.797 3
2 64 210.416 130.715 3
2 77 315.293 273.228 3
2 123 303.838 21.0526 3
2 125 56.02 243.066 3
2 147 334.275 152.149 3
3 107 101.869 635.099 2
3 5 143.061 631.72 2
3 33 282.304 426.838 2
3 52 228.833 410.446 2
3 62 43.6892 305.472 2
3 76 10.0261 488.931 2
3 84 118.663 508.713 2
3 85 395.691 699.538 1
3 94 130.924 351.149 2
3 96 144.6 457.422 2
3 100 176.594 648.524 2
3 105 283.005 376.444 2
3 19 633.392 534.94 1
3 29 571.219 530.262 1
3 36 659.912 226.628 3
3 37 639.031 467.23 1
3 43 471.101 314.222 3
3 50 531.029 612.387 1
3 61 661.559 217.046 3
3 66 623.249 69.1893 3
3 67 436.519 282.936 3
3 70 579.327 601.036 1
3 83 396.127 539.465 1
3 108 588.197 580.595 1
3 109 457.263 350.016 3
3 130 635.497 133.323 3
3 138 398.55 392.649 3
3 144 352.314 140.327 3
3 4 53.4418 131.485 2
3 16 246.928 322.461 2
3 23 397.559 231.359 3
3 59 224.318 312.468 2
3 68 59.4163 40.128 2
3 72 297.791 166.313 3
3 150 91.6468 166.354 2
3 128 70.2723 77.9227 2
3 129 398.23 119.558 3
3 133 278.871 299.931 2
3 145 308.435 115.205 3
4 1 37.4394 541.209 2
4 7 112.748 529.418 2
4 8 141.488 504.818 2
4 10 98.7899 384.593 2
4 56 343.169 509.312 2
4 73 22.7643 455.534 2
4 97 212.373 594.922 2
4 124 197.897 512.389 2
4 146 299.588 530.589 2
4 139 590.894 370.741 3
4 9 661.051 445.938 3
4 12 536.489 287.228 3
4 17 649.731 62.3332 3
4 20 488.312 437.487 3
4 24 565.785 282.386 3
4 25 475.898 468.539 3
4 28 672.862 432.883 3
4 39 547.266 161.659 3
4 46 390.697 423.977 3
4 47 565.162 429.16 3
4 65 432.264 629.409 2
4 116 506.619 233.002 3
4 135 557.607 595.319 3
4 13 192.407 20.4394 1
4 22 17.3633 240.241 1
4 27 397.559 74.7588 1
4 38 415.026 233.305 3
4 74 259.71 10.62 1
4 78 220.704 270.082 1
4 79 192.119 314.184 1
4 80 271.504 225.292 1
4 91 87.7495 19.617 1
4 106 146.539 39.4232 1
4 140 558.201 0.419881 3
4 149 48.0798 270.968 1
