1 3 2256 1640 2
1 4 2656 1640 2
1 8 3375 1600 7
1 14 4275 1625 7
1 21 4775 1725 5
1 28 5610 1565 5
1 29 6375 1575 6
1 32 6675 1725 6
1 33 6525 1725 6
1 36 7260 1575 6
1 37 7259 1576 6
1 46 7875 1575 10
1 49 8175 1575 10
1 50 8275 1575 10
1 55 8825 1825 10
1 62 6825 1925 6
1 66 6200 1975 6
1 67 6425 2075 6
1 68 6000 1975 6
1 71 5275 1825 5
1 74 5025 1825 5
1 76 5075 1925 5
1 77 5075 2075 5
1 78 4775 1875 5
1 79 4925 1925 5
1 83 4525 2050 5
1 87 3875 1900 7
1 90 3975 2075 7
1 92 2925 2150 2
1 93 4175 2150 7
1 104 6775 2225 6
1 106 7075 2175 6
1 109 7475 2175 10
1 112 7875 2350 10
1 113 8825 2225 10
1 114 8725 2375 10
1 120 8375 2600 10
1 126 7975 2625 10
1 134 5075 2575 5
1 137 4875 2675 5
1 141 3725 2450 7
1 144 2575 2525 2
1 145 2675 2525 2
1 149 2148 2786 2
1 151 2352 2786 2
1 152 2451 2785 2
1 157 3725 2900 3
1 159 4175 2925 3
1 160 4175 2725 3
1 161 4975 2825 9
1 169 7425 2875 1
1 170 7925 2875 1
1 172 7825 2925 1
1 173 7750 2800 1
1 180 8775 2925 1
1 189 7825 3125 1
1 190 7575 3075 1
1 191 7600 3175 1
1 198 5375 3250 9
1 202 5075 3275 9
1 203 4525 3200 3
1 204 4575 3125 3
1 205 4575 3025 3
1 210 4275 3025 3
1 211 3975 3275 3
1 212 3875 3275 3
1 221 4125 3300 3
1 224 4725 3525 9
1 229 5175 3475 9
1 231 5375 3525 9
1 234 5908 3574 4
1 239 6875 3325 4
1 240 6775 3425 4
1 247 7825 3525 1
1 248 7725 3525 1
1 249 7825 3375 1
1 250 7725 3375 1
1 256 8775 3700 1
1 257 8675 3800 1
1 260 8325 3625 1
1 262 8175 3625 1
1 263 8225 3775 1
1 264 8075 3775 1
1 265 8075 3675 1
1 267 7875 3675 1
1 268 7075 3675 4
1 270 6975 3725 4
1 272 6375 3750 4
1 273 5975 3750 4
1 274 5325 3775 9
1 277 5075 3800 9
1 281 4925 3675 9
1 282 4775 3675 9
1 283 4575 3675 9
1 285 4325 3725 3
1 286 3825 3650 3
1 290 3325 3750 8
1 291 3125 3725 8
1 292 2925 3725 8
1 294 2675 3675 8
2 0 2156 1639 8
2 1 2456 1639 8
2 2 2355 1640 8
2 6 2975 1725 8
2 11 3700 1600 2
2 12 3900 1625 2
2 13 3875 1775 2
2 15 4275 1725 2
2 16 4375 1675 2
2 17 4500 1675 2
2 19 4550 1750 2
2 20 4560 1565 2
2 22 4710 1565 2
2 23 4860 1565 7
2 24 5010 1565 7
2 30 6525 1575 1
2 31 6675 1575 1
2 35 7075 1575 1
2 38 7625 1775 1
2 39 7410 1575 1
2 41 7409 1576 1
2 47 7975 1575 10
2 48 8075 1575 10
2 51 8375 1575 10
2 52 8475 1575 10
2 56 7725 1825 1
2 59 7625 1925 1
2 60 7575 2075 1
2 70 5675 1825 7
2 72 5425 1825 7
2 73 5525 1825 7
2 75 4975 2025 7
2 80 4675 1950 2
2 81 4775 1975 7
2 82 4425 2050 2
2 84 4175 1950 2
2 85 4125 2050 2
2 86 4275 2050 2
2 88 3875 2075 2
2 89 3975 1975 2
2 94 4325 2150 2
2 95 4275 2225 2
2 96 4275 2325 2
2 98 4525 2150 2
2 99 4600 2225 2
2 101 4775 2125 7
2 103 5450 2375 7
2 108 7525 2375 1
2 115 8703 2197 10
2 116 8825 2425 3
2 124 8225 2600 3
2 125 8125 2575 3
2 128 5350 2400 7
2 130 5450 2675 9
2 131 5250 2400 7
2 132 5175 2475 7
2 133 5175 2675 9
2 136 5025 2675 9
2 138 4175 2425 2
2 146 2275 2525 8
2 156 3325 2900 5
2 162 5075 2775 9
2 166 6125 2875 4
2 167 6025 2875 4
2 171 7875 2775 3
2 174 8125 2775 3
2 175 8075 2875 3
2 176 8025 2775 3
2 178 7975 2975 3
2 179 8775 2825 3
2 181 8775 3025 3
2 183 8775 3275 3
2 184 8625 3225 3
2 185 8525 3225 3
2 186 8075 3075 3
2 192 7425 3275 6
2 195 7325 3225 6
2 196 6125 3025 4
2 197 6025 3175 4
2 201 5175 3150 9
2 207 4325 3200 5
2 209 4275 3125 5
2 216 3825 3475 5
2 217 3975 3375 5
2 219 4275 3300 5
2 220 4175 3400 5
2 222 4500 3300 5
2 223 4400 3300 5
2 228 4975 3325 9
2 230 5025 3450 9
2 232 5275 3525 9
2 237 6575 3525 4
2 238 6975 3525 6
2 242 7150 3475 6
2 243 7625 3525 6
2 246 7425 3425 6
2 252 8225 3325 3
2 253 8475 3525 3
2 254 8325 3525 3
2 259 8425 3625 3
3 5 2556 1639 4
3 7 3275 1600 4
3 9 3475 1600 4
3 10 3575 1600 4
3 18 4450 1750 7
3 25 5160 1565 7
3 26 5310 1565 7
3 27 5460 1565 7
3 34 6875 1575 3
3 40 7560 1575 3
3 42 7560 1576 3
3 43 7825 1675 3
3 44 7710 1575 3
3 45 7711 1575 3
3 53 8825 1625 8
3 54 8820 1928 8
3 57 7725 1975 3
3 58 7475 1975 3
3 61 7075 1975 3
3 63 6775 2075 3
3 64 6975 2075 3
3 65 6675 1925 3
3 69 6025 2075 7
3 91 2925 1875 4
3 97 4425 2150 7
3 100 4600 2325 7
3 102 5175 2325 7
3 105 7275 2275 3
3 107 7425 2325 3
3 110 7775 2350 3
3 111 7825 2175 3
3 117 8575 2450 8
3 118 8725 2525 8
3 119 8625 2600 8
3 121 8475 2600 8
3 122 7975 2475 8
3 123 8225 2500 8
3 127 7750 2650 3
3 129 5450 2525 7
3 135 4975 2525 7
3 139 4175 2625 5
3 140 3925 2450 4
3 142 3325 2450 4
3 143 2925 2425 10
3 147 2375 2525 10
3 148 2175 2525 10
3 150 2249 2786 10
3 153 2552 2785 10
3 154 2651 2787 10
3 155 2925 2925 10
3 158 3925 2900 5
3 163 5175 2875 1
3 164 5450 2825 1
3 165 5450 2925 1
3 168 7575 2875 2
3 177 8125 2975 6
3 182 8775 3125 6
3 187 7975 3275 6
3 188 7975 3075 6
3 193 7425 3125 2
3 194 7425 3025 2
3 199 5275 3250 1
3 200 5450 3025 1
3 206 4425 3200 5
3 208 4175 3200 5
3 213 2925 3198 9
3 214 2925 3475 9
3 215 3925 3475 5
3 218 4325 3575 5
3 225 4675 3400 5
3 226 4775 3375 5
3 227 5175 3300 1
3 233 6050 3375 1
3 235 6450 3375 2
3 236 6675 3325 2
3 241 7150 3325 2
3 244 7575 3425 2
3 245 7475 3525 2
3 251 8225 3425 6
3 255 8575 3325 6
3 258 8575 3700 6
3 261 8375 3775 6
3 266 7925 3775 6
3 269 7150 3750 2
3 271 6575 3750 2
3 275 5275 3675 1
3 276 5375 3675 1
3 278 5204 3772 1
3 279 4675 3675 5
3 280 4925 3800 1
3 284 4425 3675 5
3 287 3625 3750 9
3 288 3475 3750 9
3 289 3225 3750 9
3 293 2575 3675 9
3 295 2275 3675 9
3 296 2375 3675 9
3 297 2175 3675 9
3 298 4775 3225 5
