1 7 3275 1600 5
1 8 3375 1600 5
1 13 3875 1775 5
1 19 4550 1750 2
1 20 4560 1565 2
1 21 4775 1725 2
1 22 4710 1565 2
1 23 4860 1565 2
1 27 5460 1565 2
1 29 6375 1575 3
1 30 6525 1575 3
1 51 8375 1575 7
1 54 8820 1928 7
1 56 7725 1825 3
1 57 7725 1975 3
1 59 7625 1925 3
1 63 6775 2075 3
1 65 6675 1925 3
1 72 5425 1825 2
1 73 5525 1825 2
1 74 5025 1825 2
1 75 4975 2025 2
1 82 4425 2050 5
1 84 4175 1950 5
1 89 3975 1975 5
1 92 2925 2150 10
1 93 4175 2150 5
1 101 4775 2125 2
1 103 5450 2375 2
1 105 7275 2275 3
1 109 7475 2175 3
1 116 8825 2425 7
1 118 8725 2525 7
1 119 8625 2600 7
1 122 7975 2475 7
1 123 8225 2500 7
1 128 5350 2400 2
1 137 4875 2675 4
1 139 4175 2625 1
1 140 3925 2450 5
1 142 3325 2450 10
1 144 2575 2525 10
1 151 2352 2786 10
1 154 2651 2787 10
1 157 3725 2900 1
1 158 3925 2900 1
1 159 4175 2925 1
1 162 5075 2775 4
1 165 5450 2925 4
1 172 7825 2925 8
1 174 8125 2775 7
1 175 8075 2875 8
1 189 7825 3125 8
1 191 7600 3175 8
1 195 7325 3225 6
1 196 6125 3025 6
1 200 5450 3025 4
1 206 4425 3200 1
1 207 4325 3200 1
1 211 3975 3275 1
1 214 2925 3475 9
1 216 3825 3475 1
1 218 4325 3575 1
1 219 4275 3300 1
1 220 4175 3400 1
1 221 4125 3300 1
1 224 4725 3525 4
1 225 4675 3400 4
1 230 5025 3450 4
1 231 5375 3525 4
1 232 5275 3525 4
1 235 6450 3375 6
1 236 6675 3325 6
1 238 6975 3525 6
1 239 6875 3325 6
1 242 7150 3475 6
1 244 7575 3425 8
1 246 7425 3425 8
1 256 8775 3700 8
1 259 8425 3625 8
1 260 8325 3625 8
1 264 8075 3775 8
1 266 7925 3775 8
1 269 7150 3750 6
1 272 6375 3750 6
1 275 5275 3675 4
1 276 5375 3675 4
1 280 4925 3800 4
1 281 4925 3675 4
1 284 4425 3675 1
1 285 4325 3725 1
1 287 3625 3750 1
1 289 3225 3750 9
1 290 3325 3750 9
1 291 3125 3725 9
1 292 2925 3725 9
1 293 2575 3675 9
1 294 2675 3675 9
1 295 2275 3675 9
1 296 2375 3675 9
2 1 2456 1639 2
2 2 2355 1640 2
2 3 2256 1640 2
2 5 2556 1639 2
2 11 3700 1600 3
2 14 4275 1625 3
2 16 4375 1675 3
2 17 4500 1675 3
2 18 4450 1750 3
2 24 5010 1565 7
2 25 5160 1565 7
2 31 6675 1575 4
2 33 6525 1725 4
2 34 6875 1575 4
2 35 7075 1575 4
2 36 7260 1575 4
2 37 7259 1576 4
2 39 7410 1575 4
2 41 7409 1576 4
2 45 7711 1575 4
2 47 7975 1575 4
2 49 8175 1575 4
2 55 8825 1825 1
2 58 7475 1975 4
2 60 7575 2075 4
2 62 6825 1925 4
2 64 6975 2075 4
2 70 5675 1825 7
2 71 5275 1825 7
2 80 4675 1950 3
2 81 4775 1975 7
2 83 4525 2050 3
2 85 4125 2050 3
2 87 3875 1900 3
2 90 3975 2075 3
2 96 4275 2325 3
2 98 4525 2150 3
2 99 4600 2225 3
2 100 4600 2325 3
2 104 6775 2225 4
2 106 7075 2175 4
2 107 7425 2325 4
2 110 7775 2350 4
2 112 7875 2350 4
2 113 8825 2225 1
2 114 8725 2375 1
2 117 8575 2450 1
2 127 7750 2650 9
2 129 5450 2525 7
2 132 5175 2475 7
2 135 4975 2525 7
2 141 3725 2450 3
2 145 2675 2525 8
2 146 2275 2525 8
2 147 2375 2525 8
2 149 2148 2786 8
2 152 2451 2785 8
2 160 4175 2725 3
2 161 4975 2825 6
2 163 5175 2875 6
2 164 5450 2825 6
2 167 6025 2875 5
2 168 7575 2875 9
2 176 8025 2775 9
2 177 8125 2975 9
2 179 8775 2825 1
2 180 8775 2925 1
2 181 8775 3025 1
2 184 8625 3225 9
2 186 8075 3075 9
2 194 7425 3025 9
2 197 6025 3175 5
2 198 5375 3250 6
2 201 5175 3150 6
2 203 4525 3200 6
2 204 4575 3125 6
2 213 2925 3198 8
2 215 3925 3475 10
2 222 4500 3300 6
2 227 5175 3300 6
2 233 6050 3375 5
2 234 5908 3574 5
2 237 6575 3525 5
2 245 7475 3525 9
2 247 7825 3525 9
2 248 7725 3525 9
2 249 7825 3375 9
2 250 7725 3375 9
2 254 8325 3525 9
2 257 8675 3800 9
2 258 8575 3700 9
2 262 8175 3625 9
2 273 5975 3750 5
2 274 5325 3775 6
2 282 4775 3675 6
2 286 3825 3650 10
2 288 3475 3750 10
2 297 2175 3675 8
2 298 4775 3225 6
3 0 2156 1639 6
3 4 2656 1640 6
3 6 2975 1725 6
3 9 3475 1600 7
3 10 3575 1600 7
3 12 3900 1625 7
3 15 4275 1725 7
3 26 5310 1565 5
3 28 5610 1565 5
3 32 6675 1725 4
3 38 7625 1775 2
3 40 7560 1575 2
3 42 7560 1576 2
3 43 7825 1675 2
3 44 7710 1575 2
3 46 7875 1575 2
3 48 8075 1575 2
3 50 8275 1575 2
3 52 8475 1575 2
3 53 8825 1625 2
3 61 7075 1975 4
3 66 6200 1975 4
3 67 6425 2075 4
3 68 6000 1975 4
3 69 6025 2075 4
3 76 5075 1925 5
3 77 5075 2075 5
3 78 4775 1875 5
3 79 4925 1925 5
3 86 4275 2050 7
3 88 3875 2075 7
3 91 2925 1875 6
3 94 4325 2150 7
3 95 4275 2225 7
3 97 4425 2150 7
3 102 5175 2325 5
3 108 7525 2375 10
3 111 7825 2175 10
3 115 8703 2197 10
3 120 8375 2600 10
3 121 8475 2600 10
3 124 8225 2600 10
3 125 8125 2575 10
3 126 7975 2625 10
3 130 5450 2675 5
3 131 5250 2400 5
3 133 5175 2675 5
3 134 5075 2575 5
3 136 5025 2675 5
3 138 4175 2425 7
3 143 2925 2425 6
3 148 2175 2525 6
3 150 2249 2786 6
3 153 2552 2785 6
3 155 2925 2925 6
3 156 3325 2900 1
3 166 6125 2875 4
3 169 7425 2875 9
3 170 7925 2875 10
3 171 7875 2775 10
3 173 7750 2800 10
3 178 7975 2975 10
3 182 8775 3125 3
3 183 8775 3275 3
3 185 8525 3225 3
3 187 7975 3275 3
3 188 7975 3075 10
3 190 7575 3075 9
3 192 7425 3275 9
3 193 7425 3125 9
3 199 5275 3250 8
3 202 5075 3275 8
3 205 4575 3025 1
3 208 4175 3200 1
3 209 4275 3125 1
3 210 4275 3025 1
3 212 3875 3275 1
3 217 3975 3375 1
3 223 4400 3300 1
3 226 4775 3375 8
3 228 4975 3325 8
3 229 5175 3475 8
3 240 6775 3425 9
3 241 7150 3325 9
3 243 7625 3525 9
3 251 8225 3425 3
3 252 8225 3325 3
3 253 8475 3525 3
3 255 8575 3325 3
3 261 8375 3775 3
3 263 8225 3775 3
3 265 8075 3675 3
3 267 7875 3675 3
3 268 7075 3675 9
3 270 6975 3725 9
3 271 6575 3750 9
3 277 5075 3800 8
3 278 5204 3772 8
3 279 4675 3675 8
3 283 4575 3675 8
