1 92 2925 2150 8
1 91 2925 1875 8
1 4 2656 1640 8
1 5 2556 1639 8
1 1 2456 1639 8
1 2 2355 1640 8
1 38 7625 1775 2
1 56 7725 1825 2
1 59 7625 1925 2
1 57 7725 1975 2
1 58 7475 1975 2
1 43 7825 1675 2
1 42 7560 1576 2
1 40 7560 1575 2
1 44 7710 1575 2
1 45 7711 1575 2
1 60 7575 2075 2
1 225 4675 3400 1
1 226 4775 3375 1
1 298 4775 3225 1
1 224 4725 3525 1
1 222 4500 3300 1
1 203 4525 3200 1
1 204 4575 3125 1
1 228 4975 3325 1
1 223 4400 3300 1
1 206 4425 3200 1
1 279 4675 3675 1
1 282 4775 3675 1
1 283 4575 3675 1
1 205 4575 3025 1
1 230 5025 3450 1
1 207 4325 3200 1
1 202 5075 3275 1
1 86 4275 2050 5
1 84 4175 1950 5
1 85 4125 2050 5
1 82 4425 2050 5
1 94 4325 2150 5
1 93 4175 2150 5
1 97 4425 2150 5
1 15 4275 1725 5
1 95 4275 2225 5
1 89 3975 1975 5
1 83 4525 2050 5
1 90 3975 2075 5
1 18 4450 1750 5
1 249 7825 3375 4
1 247 7825 3525 4
1 187 7975 3275 4
1 250 7725 3375 4
1 248 7725 3525 4
1 267 7875 3675 4
1 243 7625 3525 4
1 265 8075 3675 4
1 251 8225 3425 4
1 244 7575 3425 4
1 252 8225 3325 4
1 262 8175 3625 4
1 188 7975 3075 4
1 266 7925 3775 4
1 191 7600 3175 4
1 264 8075 3775 4
1 124 8225 2600 9
1 120 8375 2600 9
1 123 8225 2500 9
1 125 8125 2575 9
1 121 8475 2600 9
1 174 8125 2775 9
1 126 7975 2625 9
1 176 8025 2775 9
1 117 8575 2450 9
1 122 7975 2475 9
1 119 8625 2600 9
1 213 2925 3198 3
1 214 2925 3475 3
1 155 2925 2925 3
1 292 2925 3725 3
1 156 3325 2900 3
1 291 3125 3725 3
1 294 2675 3675 3
1 289 3225 3750 3
1 154 2651 2787 3
1 235 6450 3375 6
1 233 6050 3375 6
1 197 6025 3175 6
1 237 6575 3525 6
1 196 6125 3025 6
1 102 5175 2325 10
1 131 5250 2400 10
1 77 5075 2075 10
1 128 5350 2400 10
1 103 5450 2375 10
1 132 5175 2475 10
1 75 4975 2025 10
1 76 5075 1925 10
1 71 5275 1825 10
1 129 5450 2525 10
1 72 5425 1825 10
1 33 6525 1725 7
1 32 6675 1725 7
1 67 6425 2075 7
1 30 6525 1575 7
1 29 6375 1575 7
2 6 2975 1725 3
2 144 2575 2525 3
2 3 2256 1640 3
2 143 2925 2425 3
2 0 2156 1639 3
2 146 2275 2525 3
2 41 7409 1576 7
2 39 7410 1575 7
2 46 7875 1575 1
2 109 7475 2175 1
2 111 7825 2175 1
2 47 7975 1575 1
2 36 7260 1575 7
2 37 7259 1576 7
2 48 8075 1575 1
2 107 7425 2325 1
2 110 7775 2350 1
2 281 4925 3675 6
2 219 4275 3300 6
2 284 4425 3675 6
2 218 4325 3575 6
2 209 4275 3125 6
2 227 5175 3300 2
2 229 5175 3475 2
2 280 4925 3800 6
2 220 4175 3400 6
2 285 4325 3725 6
2 210 4275 3025 6
2 201 5175 3150 2
2 208 4175 3200 6
2 221 4125 3300 6
2 277 5075 3800 6
2 199 5275 3250 2
2 98 4525 2150 5
2 16 4375 1675 5
2 14 4275 1625 5
2 96 4275 2325 5
2 19 4550 1750 5
2 87 3875 1900 5
2 17 4500 1675 5
2 88 3875 2075 5
2 80 4675 1950 5
2 99 4600 2225 5
2 13 3875 1775 5
2 138 4175 2425 5
2 100 4600 2325 5
2 254 8325 3525 8
2 245 7475 3525 10
2 260 8325 3625 8
2 190 7575 3075 10
2 246 7425 3425 10
2 263 8225 3775 8
2 192 7425 3275 10
2 259 8425 3625 8
2 193 7425 3125 10
2 253 8475 3525 8
2 261 8375 3775 8
2 194 7425 3025 10
2 168 7575 2875 10
2 173 7750 2800 10
2 185 8525 3225 8
2 255 8575 3325 8
2 175 8075 2875 10
2 177 8125 2975 10
2 118 8725 2525 1
2 171 7875 2775 10
2 170 7925 2875 10
2 112 7875 2350 1
2 178 7975 2975 10
2 114 8725 2375 1
2 186 8075 3075 10
2 179 8775 2825 8
2 127 7750 2650 10
2 293 2575 3675 4
2 290 3325 3750 4
2 153 2552 2785 3
2 288 3475 3750 4
2 152 2451 2785 3
2 296 2375 3675 4
2 151 2352 2786 3
2 145 2675 2525 3
2 287 3625 3750 4
2 272 6375 3750 9
2 236 6675 3325 9
2 234 5908 3574 9
2 271 6575 3750 9
2 79 4925 1925 5
2 74 5025 1825 5
2 73 5525 1825 5
2 133 5175 2675 2
2 130 5450 2675 2
2 136 5025 2675 2
2 81 4775 1975 5
2 162 5075 2775 2
2 137 4875 2675 2
2 26 5310 1565 5
2 62 6825 1925 7
2 31 6675 1575 7
2 63 6775 2075 7
2 66 6200 1975 7
2 34 6875 1575 7
3 148 2175 2525 7
3 7 3275 1600 2
3 150 2249 2786 7
3 8 3375 1600 2
3 149 2148 2786 7
3 108 7525 2375 9
3 61 7075 1975 9
3 105 7275 2275 9
3 35 7075 1575 9
3 49 8175 1575 4
3 106 7075 2175 9
3 50 8275 1575 4
3 51 8375 1575 4
3 52 8475 1575 4
3 65 6675 1925 9
3 161 4975 2825 1
3 232 5275 3525 8
3 159 4175 2925 5
3 278 5204 3772 8
3 275 5275 3675 8
3 198 5375 3250 8
3 231 5375 3525 8
3 211 3975 3275 5
3 276 5375 3675 8
3 274 5325 3775 8
3 215 3925 3475 5
3 160 4175 2725 5
3 212 3875 3275 5
3 134 5075 2575 1
3 135 4975 2525 1
3 286 3825 3650 5
3 12 3900 1625 2
3 20 4560 1565 10
3 78 4775 1875 10
3 101 4775 2125 10
3 21 4775 1725 10
3 140 3925 2450 5
3 22 4710 1565 10
3 139 4175 2625 5
3 11 3700 1600 2
3 141 3725 2450 5
3 10 3575 1600 2
3 9 3475 1600 2
3 169 7425 2875 6
3 258 8575 3700 3
3 184 8625 3225 3
3 242 7150 3475 6
3 241 7150 3325 6
3 269 7150 3750 6
3 257 8675 3800 3
3 268 7075 3675 6
3 183 8775 3275 3
3 256 8775 3700 3
3 182 8775 3125 3
3 238 6975 3525 6
3 181 8775 3025 3
3 270 6975 3725 6
3 239 6875 3325 6
3 172 7825 2925 6
3 116 8825 2425 4
3 115 8703 2197 4
3 180 8775 2925 3
3 113 8825 2225 4
3 189 7825 3125 6
3 54 8820 1928 4
3 55 8825 1825 4
3 53 8825 1625 4
3 195 7325 3225 6
3 157 3725 2900 5
3 295 2275 3675 7
3 216 3825 3475 5
3 142 3325 2450 2
3 297 2175 3675 7
3 147 2375 2525 7
3 217 3975 3375 5
3 158 3925 2900 5
3 273 5975 3750 8
3 240 6775 3425 6
3 166 6125 2875 1
3 167 6025 2875 1
3 25 5160 1565 10
3 164 5450 2825 1
3 163 5175 2875 1
3 27 5460 1565 10
3 24 5010 1565 10
3 28 5610 1565 10
3 23 4860 1565 10
3 165 5450 2925 1
3 69 6025 2075 1
3 200 5450 3025 1
3 104 6775 2225 9
3 64 6975 2075 9
3 68 6000 1975 1
3 70 5675 1825 10
