1 4 2656 1640 6
1 5 2556 1639 6
1 6 2975 1725 6
1 7 3275 1600 6
1 9 3475 1600 6
1 10 3575 1600 6
1 13 3875 1775 8
1 14 4275 1625 8
1 15 4275 1725 8
1 18 4450 1750 8
1 20 4560 1565 8
1 21 4775 1725 7
1 26 5310 1565 7
1 28 5610 1565 7
1 29 6375 1575 9
1 31 6675 1575 9
1 35 7075 1575 9
1 37 7259 1576 4
1 40 7560 1575 4
1 42 7560 1576 4
1 48 8075 1575 4
1 52 8475 1575 4
1 53 8825 1625 1
1 55 8825 1825 1
1 57 7725 1975 4
1 60 7575 2075 4
1 63 6775 2075 9
1 66 6200 1975 9
1 71 5275 1825 7
1 76 5075 1925 7
1 79 4925 1925 7
1 81 4775 1975 7
1 86 4275 2050 8
1 87 3875 1900 8
1 89 3975 1975 8
1 90 3975 2075 8
1 91 2925 1875 6
1 93 4175 2150 8
1 94 4325 2150 8
1 98 4525 2150 8
1 100 4600 2325 8
1 102 5175 2325 7
1 109 7475 2175 4
1 110 7775 2350 4
1 111 7825 2175 4
1 113 8825 2225 1
1 116 8825 2425 1
1 117 8575 2450 1
1 118 8725 2525 1
1 119 8625 2600 1
1 123 8225 2500 1
1 128 5350 2400 7
1 130 5450 2675 3
1 136 5025 2675 3
1 137 4875 2675 3
1 141 3725 2450 8
1 142 3325 2450 2
1 144 2575 2525 2
1 145 2675 2525 2
1 146 2275 2525 2
1 149 2148 2786 2
1 151 2352 2786 2
1 156 3325 2900 2
1 157 3725 2900 10
1 163 5175 2875 3
1 164 5450 2825 3
1 165 5450 2925 3
1 166 6125 2875 3
1 168 7575 2875 5
1 169 7425 2875 5
1 172 7825 2925 5
1 179 8775 2825 1
1 180 8775 2925 1
1 183 8775 3275 1
1 184 8625 3225 1
1 185 8525 3225 1
1 186 8075 3075 5
1 188 7975 3075 5
1 189 7825 3125 5
1 190 7575 3075 5
1 192 7425 3275 5
1 194 7425 3025 5
1 197 6025 3175 3
1 201 5175 3150 3
1 202 5075 3275 3
1 205 4575 3025 10
1 208 4175 3200 10
1 210 4275 3025 10
1 219 4275 3300 10
1 220 4175 3400 10
1 224 4725 3525 10
1 225 4675 3400 10
1 226 4775 3375 10
1 227 5175 3300 3
1 231 5375 3525 3
1 236 6675 3325 5
1 239 6875 3325 5
1 243 7625 3525 5
1 244 7575 3425 5
1 246 7425 3425 5
2 1 2456 1639 9
2 3 2256 1640 9
2 8 3375 1600 2
2 11 3700 1600 2
2 17 4500 1675 2
2 19 4550 1750 2
2 23 4860 1565 6
2 25 5160 1565 6
2 34 6875 1575 10
2 38 7625 1775 10
2 39 7410 1575 10
2 43 7825 1675 10
2 45 7711 1575 10
2 50 8275 1575 10
2 51 8375 1575 10
2 70 5675 1825 6
2 72 5425 1825 6
2 74 5025 1825 6
2 77 5075 2075 6
2 80 4675 1950 2
2 84 4175 1950 2
2 92 2925 2150 9
2 95 4275 2225 2
2 97 4425 2150 2
2 104 6775 2225 10
2 106 7075 2175 10
2 108 7525 2375 3
2 112 7875 2350 3
2 121 8475 2600 3
2 122 7975 2475 3
2 126 7975 2625 3
2 129 5450 2525 6
2 132 5175 2475 6
2 133 5175 2675 6
2 138 4175 2425 2
2 140 3925 2450 2
2 147 2375 2525 9
2 148 2175 2525 9
2 153 2552 2785 9
2 154 2651 2787 9
2 159 4175 2925 1
2 160 4175 2725 1
2 162 5075 2775 6
2 170 7925 2875 3
2 173 7750 2800 3
2 175 8075 2875 3
2 176 8025 2775 3
2 182 8775 3125 5
2 187 7975 3275 5
2 198 5375 3250 7
2 199 5275 3250 7
2 200 5450 3025 7
2 203 4525 3200 1
2 207 4325 3200 1
2 211 3975 3275 1
2 213 2925 3198 4
2 214 2925 3475 4
2 218 4325 3575 1
2 221 4125 3300 1
2 223 4400 3300 1
2 230 5025 3450 7
2 238 6975 3525 8
2 240 6775 3425 8
2 241 7150 3325 8
2 242 7150 3475 8
2 245 7475 3525 8
2 247 7825 3525 5
2 248 7725 3525 5
2 249 7825 3375 5
2 251 8225 3425 5
2 252 8225 3325 5
2 253 8475 3525 5
2 254 8325 3525 5
2 256 8775 3700 5
2 258 8575 3700 5
2 259 8425 3625 5
2 260 8325 3625 5
2 261 8375 3775 5
2 263 8225 3775 5
2 264 8075 3775 5
2 265 8075 3675 5
2 266 7925 3775 5
2 267 7875 3675 5
2 273 5975 3750 7
2 274 5325 3775 7
2 275 5275 3675 7
2 278 5204 3772 7
2 281 4925 3675 7
2 283 4575 3675 1
2 286 3825 3650 1
2 288 3475 3750 4
2 289 3225 3750 4
2 290 3325 3750 4
2 293 2575 3675 4
2 294 2675 3675 4
2 295 2275 3675 4
2 296 2375 3675 4
2 297 2175 3675 4
2 298 4775 3225 1
3 0 2156 1639 6
3 2 2355 1640 6
3 12 3900 1625 2
3 16 4375 1675 2
3 22 4710 1565 8
3 24 5010 1565 8
3 27 5460 1565 8
3 30 6525 1575 7
3 32 6675 1725 7
3 33 6525 1725 7
3 36 7260 1575 10
3 41 7409 1576 10
3 44 7710 1575 10
3 46 7875 1575 10
3 47 7975 1575 10
3 49 8175 1575 10
3 54 8820 1928 9
3 56 7725 1825 10
3 58 7475 1975 10
3 59 7625 1925 10
3 61 7075 1975 7
3 62 6825 1925 7
3 64 6975 2075 7
3 65 6675 1925 7
3 67 6425 2075 7
3 68 6000 1975 7
3 69 6025 2075 7
3 73 5525 1825 8
3 75 4975 2025 8
3 78 4775 1875 8
3 82 4425 2050 2
3 83 4525 2050 2
3 85 4125 2050 2
3 88 3875 2075 2
3 96 4275 2325 2
3 99 4600 2225 2
3 101 4775 2125 8
3 103 5450 2375 8
3 105 7275 2275 10
3 107 7425 2325 10
3 114 8725 2375 9
3 115 8703 2197 9
3 120 8375 2600 9
3 124 8225 2600 9
3 125 8125 2575 9
3 127 7750 2650 9
3 131 5250 2400 8
3 134 5075 2575 8
3 135 4975 2525 8
3 139 4175 2625 2
3 143 2925 2425 6
3 150 2249 2786 6
3 152 2451 2785 6
3 155 2925 2925 6
3 158 3925 2900 3
3 161 4975 2825 4
3 167 6025 2875 5
3 171 7875 2775 9
3 174 8125 2775 9
3 177 8125 2975 9
3 178 7975 2975 9
3 181 8775 3025 9
3 191 7600 3175 1
3 193 7425 3125 1
3 195 7325 3225 1
3 196 6125 3025 5
3 204 4575 3125 4
3 206 4425 3200 4
3 209 4275 3125 4
3 212 3875 3275 3
3 215 3925 3475 3
3 216 3825 3475 3
3 217 3975 3375 3
3 222 4500 3300 4
3 228 4975 3325 4
3 229 5175 3475 4
3 232 5275 3525 4
3 233 6050 3375 5
3 234 5908 3574 5
3 235 6450 3375 5
3 237 6575 3525 5
3 250 7725 3375 1
3 255 8575 3325 9
3 257 8675 3800 9
3 262 8175 3625 1
3 268 7075 3675 1
3 269 7150 3750 1
3 270 6975 3725 1
3 271 6575 3750 5
3 272 6375 3750 5
3 276 5375 3675 4
3 277 5075 3800 4
3 279 4675 3675 4
3 280 4925 3800 4
3 282 4775 3675 4
3 284 4425 3675 4
3 285 4325 3725 4
3 287 3625 3750 3
3 291 3125 3725 3
3 292 2925 3725 3
