1 128 5350 2400 8
1 131 5250 2400 8
1 129 5450 2525 8
1 132 5175 2475 8
1 103 5450 2375 8
1 102 5175 2325 8
1 130 5450 2675 8
1 133 5175 2675 8
1 134 5075 2575 8
1 135 4975 2525 8
1 136 5025 2675 8
1 223 4400 3300 6
1 219 4275 3300 6
1 222 4500 3300 6
1 206 4425 3200 6
1 207 4325 3200 6
1 203 4525 3200 6
1 220 4175 3400 6
1 209 4275 3125 6
1 208 4175 3200 6
1 221 4125 3300 6
1 218 4325 3575 6
1 204 4575 3125 6
1 210 4275 3025 6
1 225 4675 3400 6
1 205 4575 3025 6
1 255 8575 3325 4
1 253 8475 3525 4
1 185 8525 3225 4
1 184 8625 3225 4
1 183 8775 3275 4
1 259 8425 3625 4
1 83 4525 2050 5
1 82 4425 2050 5
1 18 4450 1750 5
1 19 4550 1750 5
1 80 4675 1950 5
1 98 4525 2150 5
1 17 4500 1675 5
1 97 4425 2150 5
1 86 4275 2050 5
1 16 4375 1675 5
1 78 4775 1875 5
1 81 4775 1975 5
1 94 4325 2150 5
1 15 4275 1725 5
1 84 4175 1950 5
1 61 7075 1975 1
1 35 7075 1575 1
1 37 7259 1576 1
1 36 7260 1575 1
1 64 6975 2075 1
1 58 7475 1975 1
1 106 7075 2175 1
1 62 6825 1925 1
1 41 7409 1576 1
1 39 7410 1575 1
1 34 6875 1575 1
1 105 7275 2275 1
1 92 2925 2150 2
1 91 2925 1875 2
1 6 2975 1725 2
1 143 2925 2425 2
1 4 2656 1640 2
1 5 2556 1639 2
1 145 2675 2525 2
1 1 2456 1639 2
1 123 8225 2500 9
1 117 8575 2450 9
1 115 8703 2197 9
1 120 8375 2600 9
1 124 8225 2600 9
1 121 8475 2600 9
1 114 8725 2375 9
1 125 8125 2575 9
1 122 7975 2475 9
1 112 7875 2350 9
1 234 5908 3574 10
1 233 6050 3375 10
1 273 5975 3750 10
1 197 6025 3175 10
1 231 5375 3525 10
1 276 5375 3675 10
1 196 6125 3025 10
1 214 2925 3475 7
1 213 2925 3198 7
1 294 2675 3675 7
1 293 2575 3675 7
1 292 2925 3725 7
1 155 2925 2925 7
1 296 2375 3675 7
1 250 7725 3375 3
1 191 7600 3175 3
1 244 7575 3425 3
1 249 7825 3375 3
1 190 7575 3075 3
1 192 7425 3275 3
1 189 7825 3125 3
1 243 7625 3525 3
1 248 7725 3525 3
1 246 7425 3425 3
1 193 7425 3125 3
1 245 7475 3525 3
1 247 7825 3525 3
1 195 7325 3225 3
1 187 7975 3275 3
2 164 5450 2825 3
2 162 5075 2775 3
2 163 5175 2875 3
2 165 5450 2925 3
2 161 4975 2825 3
2 137 4875 2675 3
2 77 5075 2075 4
2 200 5450 3025 3
2 75 4975 2025 4
2 76 5075 1925 4
2 284 4425 3675 10
2 226 4775 3375 3
2 211 3975 3275 10
2 217 3975 3375 10
2 224 4725 3525 10
2 283 4575 3675 10
2 298 4775 3225 3
2 285 4325 3725 10
2 159 4175 2925 10
2 279 4675 3675 10
2 215 3925 3475 10
2 212 3875 3275 10
2 282 4775 3675 10
2 216 3825 3475 10
2 254 8325 3525 2
2 258 8575 3700 2
2 260 8325 3625 2
2 182 8775 3125 2
2 256 8775 3700 2
2 257 8675 3800 2
2 99 4600 2225 4
2 21 4775 1725 4
2 101 4775 2125 4
2 20 4560 1565 4
2 14 4275 1625 4
2 95 4275 2225 4
2 85 4125 2050 4
2 93 4175 2150 4
2 22 4710 1565 4
2 100 4600 2325 4
2 79 4925 1925 4
2 96 4275 2325 4
2 23 4860 1565 4
2 89 3975 1975 4
2 63 6775 2075 7
2 109 7475 2175 7
2 38 7625 1775 7
2 59 7625 1925 7
2 60 7575 2075 7
2 42 7560 1576 7
2 40 7560 1575 7
2 65 6675 1925 7
2 32 6675 1725 7
2 104 6775 2225 7
2 107 7425 2325 7
2 31 6675 1575 7
2 144 2575 2525 1
2 2 2355 1640 1
2 3 2256 1640 1
2 7 3275 1600 1
2 142 3325 2450 1
2 146 2275 2525 1
2 8 3375 1600 1
2 0 2156 1639 1
2 113 8825 2225 5
2 119 8625 2600 5
2 111 7825 2175 6
2 118 8725 2525 5
2 116 8825 2425 5
2 54 8820 1928 5
2 126 7975 2625 6
2 110 7775 2350 6
2 55 8825 1825 5
2 174 8125 2775 6
2 198 5375 3250 3
2 232 5275 3525 3
2 272 6375 3750 8
2 274 5325 3775 3
2 235 6450 3375 8
2 275 5275 3675 3
2 291 3125 3725 9
2 295 2275 3675 9
2 154 2651 2787 1
2 289 3225 3750 9
2 297 2175 3675 9
2 290 3325 3750 9
2 194 7425 3025 6
2 188 7975 3075 6
2 172 7825 2925 6
2 168 7575 2875 6
2 178 7975 2975 6
2 267 7875 3675 2
2 169 7425 2875 6
2 186 8075 3075 6
2 170 7925 2875 6
2 173 7750 2800 6
2 241 7150 3325 8
2 242 7150 3475 8
2 171 7875 2775 6
2 266 7925 3775 2
3 71 5275 1825 2
3 201 5175 3150 1
3 72 5425 1825 2
3 70 5675 1825 2
3 199 5275 3250 1
3 167 6025 2875 6
3 227 5175 3300 1
3 69 6025 2075 6
3 68 6000 1975 6
3 28 5610 1565 2
3 228 4975 3325 1
3 158 3925 2900 10
3 160 4175 2725 10
3 286 3825 3650 9
3 281 4925 3675 1
3 230 5025 3450 1
3 202 5075 3275 1
3 139 4175 2625 10
3 280 4925 3800 1
3 157 3725 2900 10
3 277 5075 3800 1
3 287 3625 3750 9
3 140 3925 2450 10
3 261 8375 3775 3
3 181 8775 3025 3
3 263 8225 3775 3
3 180 8775 2925 3
3 179 8775 2825 3
3 74 5025 1825 2
3 90 3975 2075 7
3 138 4175 2425 10
3 87 3875 1900 7
3 24 5010 1565 2
3 13 3875 1775 7
3 88 3875 2075 7
3 12 3900 1625 7
3 25 5160 1565 2
3 26 5310 1565 2
3 141 3725 2450 10
3 27 5460 1565 2
3 73 5525 1825 2
3 56 7725 1825 8
3 57 7725 1975 8
3 44 7710 1575 8
3 45 7711 1575 8
3 108 7525 2375 8
3 33 6525 1725 6
3 43 7825 1675 8
3 30 6525 1575 6
3 67 6425 2075 6
3 29 6375 1575 6
3 66 6200 1975 6
3 148 2175 2525 5
3 153 2552 2785 5
3 152 2451 2785 5
3 9 3475 1600 7
3 151 2352 2786 5
3 10 3575 1600 7
3 11 3700 1600 7
3 51 8375 1575 8
3 50 8275 1575 8
3 52 8475 1575 8
3 49 8175 1575 8
3 176 8025 2775 3
3 48 8075 1575 8
3 47 7975 1575 8
3 53 8825 1625 8
3 46 7875 1575 8
3 166 6125 2875 6
3 229 5175 3475 1
3 278 5204 3772 1
3 237 6575 3525 4
3 271 6575 3750 4
3 236 6675 3325 4
3 156 3325 2900 10
3 150 2249 2786 5
3 288 3475 3750 9
3 149 2148 2786 5
3 147 2375 2525 5
3 177 8125 2975 3
3 265 8075 3675 3
3 252 8225 3325 3
3 175 8075 2875 3
3 251 8225 3425 3
3 262 8175 3625 3
3 127 7750 2650 3
3 264 8075 3775 3
3 269 7150 3750 4
3 268 7075 3675 4
3 238 6975 3525 4
3 239 6875 3325 4
3 270 6975 3725 4
3 240 6775 3425 4
