1 117 8575 2450 7
1 115 8703 2197 7
1 123 8225 2500 7
1 114 8725 2375 7
1 120 8375 2600 7
1 121 8475 2600 7
1 124 8225 2600 7
1 113 8825 2225 7
1 119 8625 2600 7
1 118 8725 2525 7
1 144 2575 2525 8
1 145 2675 2525 8
1 147 2375 2525 8
1 92 2925 2150 8
1 143 2925 2425 8
1 146 2275 2525 8
1 148 2175 2525 8
1 91 2925 1875 8
1 198 5375 3250 3
1 199 5275 3250 3
1 231 5375 3525 3
1 232 5275 3525 3
1 227 5175 3300 3
1 229 5175 3475 3
1 201 5175 3150 3
1 202 5075 3275 3
1 276 5375 3675 3
1 275 5275 3675 3
1 240 6775 3425 5
1 237 6575 3525 5
1 236 6675 3325 5
1 235 6450 3375 5
1 239 6875 3325 5
1 84 4175 1950 1
1 86 4275 2050 1
1 85 4125 2050 1
1 93 4175 2150 1
1 82 4425 2050 1
1 94 4325 2150 1
1 15 4275 1725 1
1 97 4425 2150 1
1 95 4275 2225 1
1 89 3975 1975 1
1 90 3975 2075 1
1 83 4525 2050 1
1 18 4450 1750 1
1 16 4375 1675 1
1 187 7975 3275 2
1 249 7825 3375 2
1 188 7975 3075 2
1 186 8075 3075 2
1 189 7825 3125 2
1 252 8225 3325 2
1 251 8225 3425 2
1 250 7725 3375 2
1 247 7825 3525 2
1 178 7975 2975 2
1 177 8125 2975 2
1 248 7725 3525 2
1 262 8175 3625 2
1 265 8075 3675 2
1 172 7825 2925 2
1 267 7875 3675 2
1 191 7600 3175 2
1 254 8325 3525 2
1 170 7925 2875 2
1 214 2925 3475 6
1 292 2925 3725 6
1 291 3125 3725 6
1 294 2675 3675 6
1 213 2925 3198 6
1 289 3225 3750 6
1 77 5075 2075 9
1 102 5175 2325 9
1 131 5250 2400 9
1 76 5075 1925 9
1 128 5350 2400 9
1 71 5275 1825 9
1 103 5450 2375 9
1 72 5425 1825 9
1 75 4975 2025 9
1 73 5525 1825 9
1 132 5175 2475 9
1 61 7075 1975 4
1 37 7259 1576 4
1 36 7260 1575 4
1 35 7075 1575 4
1 58 7475 1975 4
1 41 7409 1576 4
1 39 7410 1575 4
1 64 6975 2075 4
1 106 7075 2175 4
1 62 6825 1925 4
1 38 7625 1775 4
1 59 7625 1925 4
1 219 4275 3300 10
1 223 4400 3300 10
1 207 4325 3200 10
1 220 4175 3400 10
1 206 4425 3200 10
1 208 4175 3200 10
1 221 4125 3300 10
1 209 4275 3125 10
1 222 4500 3300 10
1 203 4525 3200 10
1 218 4325 3575 10
1 210 4275 3025 10
2 125 8125 2575 6
2 116 8825 2425 6
2 122 7975 2475 6
2 54 8820 1928 6
2 112 7875 2350 6
2 111 7825 2175 6
2 55 8825 1825 6
2 126 7975 2625 6
2 110 7775 2350 6
2 153 2552 2785 9
2 154 2651 2787 9
2 152 2451 2785 9
2 151 2352 2786 9
2 5 2556 1639 5
2 4 2656 1640 5
2 1 2456 1639 5
2 2 2355 1640 5
2 230 5025 3450 10
2 200 5450 3025 10
2 228 4975 3325 10
2 274 5325 3775 10
2 278 5204 3772 10
2 165 5450 2925 10
2 277 5075 3800 10
2 163 5175 2875 10
2 281 4925 3675 10
2 271 6575 3750 3
2 238 6975 3525 3
2 270 6975 3725 3
2 272 6375 3750 3
2 98 4525 2150 7
2 14 4275 1625 7
2 96 4275 2325 7
2 19 4550 1750 7
2 87 3875 1900 7
2 88 3875 2075 7
2 17 4500 1675 7
2 13 3875 1775 7
2 80 4675 1950 7
2 99 4600 2225 7
2 138 4175 2425 7
2 12 3900 1625 7
2 100 4600 2325 7
2 175 8075 2875 6
2 243 7625 3525 3
2 244 7575 3425 3
2 190 7575 3075 3
2 260 8325 3625 8
2 266 7925 3775 8
2 264 8075 3775 8
2 176 8025 2775 6
2 171 7875 2775 6
2 174 8125 2775 6
2 263 8225 3775 8
2 185 8525 3225 8
2 253 8475 3525 8
2 173 7750 2800 6
2 259 8425 3625 8
2 192 7425 3275 3
2 245 7475 3525 3
2 246 7425 3425 3
2 293 2575 3675 9
2 290 3325 3750 2
2 296 2375 3675 9
2 288 3475 3750 2
2 155 2925 2925 9
2 74 5025 1825 4
2 79 4925 1925 4
2 129 5450 2525 4
2 70 5675 1825 4
2 134 5075 2575 4
2 135 4975 2525 4
2 26 5310 1565 4
2 25 5160 1565 4
2 133 5175 2675 4
2 27 5460 1565 4
2 34 6875 1575 1
2 109 7475 2175 1
2 60 7575 2075 1
2 42 7560 1576 1
2 40 7560 1575 1
2 105 7275 2275 1
2 63 6775 2075 1
2 56 7725 1825 1
2 107 7425 2325 1
2 57 7725 1975 1
2 65 6675 1925 1
2 32 6675 1725 1
2 204 4575 3125 10
2 211 3975 3275 2
2 217 3975 3375 2
2 225 4675 3400 10
2 284 4425 3675 2
2 205 4575 3025 10
2 159 4175 2925 2
2 215 3925 3475 2
2 285 4325 3725 2
2 212 3875 3275 2
2 283 4575 3675 10
3 51 8375 1575 2
3 52 8475 1575 2
3 50 8275 1575 2
3 49 8175 1575 2
3 179 8775 2825 6
3 48 8075 1575 2
3 53 8825 1625 2
3 47 7975 1575 2
3 180 8775 2925 6
3 150 2249 2786 4
3 6 2975 1725 10
3 3 2256 1640 10
3 149 2148 2786 4
3 0 2156 1639 10
3 142 3325 2450 1
3 7 3275 1600 10
3 164 5450 2825 9
3 234 5908 3574 9
3 280 4925 3800 5
3 161 4975 2825 5
3 233 6050 3375 9
3 197 6025 3175 9
3 273 5975 3750 9
3 167 6025 2875 9
3 268 7075 3675 8
3 269 7150 3750 8
3 196 6125 3025 9
3 166 6125 2875 9
3 20 4560 1565 7
3 81 4775 1975 7
3 78 4775 1875 7
3 101 4775 2125 7
3 140 3925 2450 1
3 21 4775 1725 7
3 22 4710 1565 7
3 11 3700 1600 10
3 139 4175 2625 1
3 141 3725 2450 1
3 10 3575 1600 10
3 9 3475 1600 10
3 8 3375 1600 10
3 168 7575 2875 8
3 193 7425 3125 8
3 255 8575 3325 6
3 261 8375 3775 6
3 194 7425 3025 8
3 184 8625 3225 6
3 195 7325 3225 8
3 127 7750 2650 8
3 169 7425 2875 8
3 258 8575 3700 6
3 183 8775 3275 6
3 182 8775 3125 6
3 181 8775 3025 6
3 241 7150 3325 8
3 257 8675 3800 6
3 242 7150 3475 8
3 256 8775 3700 6
3 295 2275 3675 4
3 287 3625 3750 1
3 297 2175 3675 4
3 156 3325 2900 1
3 130 5450 2675 9
3 24 5010 1565 7
3 136 5025 2675 5
3 28 5610 1565 3
3 162 5075 2775 5
3 137 4875 2675 5
3 23 4860 1565 7
3 68 6000 1975 3
3 69 6025 2075 3
3 66 6200 1975 3
3 44 7710 1575 2
3 45 7711 1575 2
3 104 6775 2225 3
3 31 6675 1575 3
3 108 7525 2375 8
3 43 7825 1675 2
3 33 6525 1725 3
3 46 7875 1575 2
3 30 6525 1575 3
3 67 6425 2075 3
3 29 6375 1575 3
3 224 4725 3525 5
3 226 4775 3375 5
3 298 4775 3225 5
3 216 3825 3475 1
3 279 4675 3675 5
3 158 3925 2900 1
3 286 3825 3650 1
3 282 4775 3675 5
3 160 4175 2725 1
3 157 3725 2900 1
