1 0 2156 1639 5
1 16 4375 1675 10
1 17 4500 1675 10
1 23 4860 1565 7
1 25 5160 1565 7
1 29 6375 1575 9
1 30 6525 1575 9
1 31 6675 1575 9
1 32 6675 1725 9
1 34 6875 1575 9
1 36 7260 1575 2
1 46 7875 1575 2
1 51 8375 1575 2
1 57 7725 1975 2
1 58 7475 1975 2
1 59 7625 1925 2
1 61 7075 1975 2
1 63 6775 2075 9
1 67 6425 2075 9
1 68 6000 1975 9
1 73 5525 1825 7
1 76 5075 1925 7
1 77 5075 2075 7
1 79 4925 1925 7
1 81 4775 1975 7
1 82 4425 2050 10
1 83 4525 2050 10
1 86 4275 2050 10
1 89 3975 1975 10
1 91 2925 1875 5
1 93 4175 2150 10
1 96 4275 2325 10
1 98 4525 2150 10
1 99 4600 2225 10
1 100 4600 2325 10
1 102 5175 2325 3
1 103 5450 2375 3
1 105 7275 2275 2
1 106 7075 2175 2
1 107 7425 2325 2
1 108 7525 2375 2
1 110 7775 2350 2
1 129 5450 2525 3
1 130 5450 2675 3
1 131 5250 2400 3
1 132 5175 2475 3
1 133 5175 2675 3
1 136 5025 2675 3
1 137 4875 2675 3
1 138 4175 2425 10
1 139 4175 2625 10
1 156 3325 2900 8
1 157 3725 2900 8
1 158 3925 2900 8
1 162 5075 2775 3
1 163 5175 2875 3
1 164 5450 2825 3
1 165 5450 2925 3
1 169 7425 2875 1
1 173 7750 2800 1
1 188 7975 3075 1
1 190 7575 3075 1
1 191 7600 3175 1
1 194 7425 3025 1
1 197 6025 3175 4
1 198 5375 3250 6
1 199 5275 3250 6
1 200 5450 3025 3
1 201 5175 3150 6
1 202 5075 3275 6
1 205 4575 3025 6
1 216 3825 3475 8
1 217 3975 3375 8
1 225 4675 3400 6
1 226 4775 3375 6
1 227 5175 3300 6
1 229 5175 3475 6
1 230 5025 3450 6
1 233 6050 3375 4
1 236 6675 3325 4
1 240 6775 3425 4
1 241 7150 3325 1
1 243 7625 3525 1
1 244 7575 3425 1
1 245 7475 3525 1
1 246 7425 3425 1
1 249 7825 3375 1
1 250 7725 3375 1
1 266 7925 3775 1
1 268 7075 3675 1
1 269 7150 3750 1
1 271 6575 3750 4
1 273 5975 3750 4
1 274 5325 3775 6
1 275 5275 3675 6
1 276 5375 3675 6
1 277 5075 3800 6
1 278 5204 3772 6
1 280 4925 3800 6
2 3 2256 1640 6
2 9 3475 1600 10
2 14 4275 1625 10
2 15 4275 1725 10
2 18 4450 1750 10
2 19 4550 1750 10
2 21 4775 1725 10
2 22 4710 1565 10
2 24 5010 1565 1
2 26 5310 1565 1
2 27 5460 1565 1
2 28 5610 1565 1
2 35 7075 1575 2
2 38 7625 1775 2
2 39 7410 1575 2
2 41 7409 1576 2
2 42 7560 1576 2
2 43 7825 1675 2
2 44 7710 1575 2
2 47 7975 1575 2
2 48 8075 1575 2
2 49 8175 1575 2
2 53 8825 1625 4
2 60 7575 2075 2
2 65 6675 1925 2
2 69 6025 2075 1
2 71 5275 1825 1
2 72 5425 1825 1
2 74 5025 1825 1
2 75 4975 2025 1
2 78 4775 1875 10
2 80 4675 1950 10
2 84 4175 1950 10
2 85 4125 2050 10
2 101 4775 2125 10
2 109 7475 2175 2
2 111 7825 2175 2
2 115 8703 2197 4
2 116 8825 2425 4
2 117 8575 2450 4
2 118 8725 2525 4
2 120 8375 2600 4
2 122 7975 2475 8
2 124 8225 2600 4
2 127 7750 2650 8
2 128 5350 2400 1
2 143 2925 2425 6
2 144 2575 2525 6
2 146 2275 2525 6
2 148 2175 2525 6
2 149 2148 2786 6
2 150 2249 2786 6
2 159 4175 2925 7
2 166 6125 2875 5
2 167 6025 2875 5
2 168 7575 2875 8
2 171 7875 2775 8
2 177 8125 2975 8
2 179 8775 2825 4
2 183 8775 3275 9
2 184 8625 3225 9
2 185 8525 3225 9
2 192 7425 3275 8
2 193 7425 3125 8
2 196 6125 3025 5
2 204 4575 3125 7
2 209 4275 3125 7
2 213 2925 3198 3
2 214 2925 3475 3
2 220 4175 3400 7
2 221 4125 3300 7
2 234 5908 3574 5
2 235 6450 3375 5
2 237 6575 3525 5
2 238 6975 3525 5
2 239 6875 3325 5
2 242 7150 3475 5
2 247 7825 3525 8
2 253 8475 3525 9
2 257 8675 3800 9
2 258 8575 3700 9
2 259 8425 3625 9
2 262 8175 3625 9
2 270 6975 3725 5
2 272 6375 3750 5
2 281 4925 3675 7
2 282 4775 3675 7
2 284 4425 3675 7
2 286 3825 3650 7
2 287 3625 3750 3
2 288 3475 3750 3
2 290 3325 3750 3
2 291 3125 3725 3
2 292 2925 3725 3
2 293 2575 3675 3
2 294 2675 3675 3
2 295 2275 3675 3
2 296 2375 3675 3
2 297 2175 3675 3
2 298 4775 3225 7
3 1 2456 1639 1
3 2 2355 1640 1
3 4 2656 1640 1
3 5 2556 1639 1
3 6 2975 1725 1
3 7 3275 1600 1
3 8 3375 1600 1
3 10 3575 1600 6
3 11 3700 1600 6
3 12 3900 1625 6
3 13 3875 1775 6
3 20 4560 1565 6
3 33 6525 1725 4
3 37 7259 1576 7
3 40 7560 1575 7
3 45 7711 1575 7
3 50 8275 1575 7
3 52 8475 1575 7
3 54 8820 1928 2
3 55 8825 1825 2
3 56 7725 1825 7
3 62 6825 1925 4
3 64 6975 2075 4
3 66 6200 1975 4
3 70 5675 1825 4
3 87 3875 1900 6
3 88 3875 2075 6
3 90 3975 2075 6
3 92 2925 2150 1
3 94 4325 2150 6
3 95 4275 2225 6
3 97 4425 2150 6
3 104 6775 2225 4
3 112 7875 2350 9
3 113 8825 2225 2
3 114 8725 2375 2
3 119 8625 2600 2
3 121 8475 2600 2
3 123 8225 2500 9
3 125 8125 2575 9
3 126 7975 2625 9
3 134 5075 2575 5
3 135 4975 2525 5
3 140 3925 2450 6
3 141 3725 2450 6
3 142 3325 2450 3
3 145 2675 2525 3
3 147 2375 2525 3
3 151 2352 2786 3
3 152 2451 2785 3
3 153 2552 2785 3
3 154 2651 2787 3
3 155 2925 2925 3
3 160 4175 2725 10
3 161 4975 2825 5
3 170 7925 2875 9
3 172 7825 2925 9
3 174 8125 2775 9
3 175 8075 2875 9
3 176 8025 2775 9
3 178 7975 2975 9
3 180 8775 2925 2
3 181 8775 3025 2
3 182 8775 3125 2
3 186 8075 3075 9
3 187 7975 3275 8
3 189 7825 3125 9
3 195 7325 3225 9
3 203 4525 3200 10
3 206 4425 3200 10
3 207 4325 3200 10
3 208 4175 3200 10
3 210 4275 3025 10
3 211 3975 3275 10
3 212 3875 3275 10
3 215 3925 3475 10
3 218 4325 3575 10
3 219 4275 3300 10
3 222 4500 3300 10
3 223 4400 3300 10
3 224 4725 3525 10
3 228 4975 3325 5
3 231 5375 3525 5
3 232 5275 3525 5
3 248 7725 3525 8
3 251 8225 3425 8
3 252 8225 3325 8
3 254 8325 3525 8
3 255 8575 3325 8
3 256 8775 3700 8
3 260 8325 3625 8
3 261 8375 3775 8
3 263 8225 3775 8
3 264 8075 3775 8
3 265 8075 3675 8
3 267 7875 3675 8
3 279 4675 3675 10
3 283 4575 3675 10
3 285 4325 3725 10
3 289 3225 3750 3
