8
0
0
0
0
0
0
0
0
0
11
11
11
11
11
11
11
11
0
0
0
0
0
0
0
19
19
19
19
11
11
19
19
19
19
19
11
11
11
19
19
11
11
11
11
11
11
11
11
11
15
15
19
19
19
19
19
19
19
19
19
19
19
19
19
19
19
15
15
15
15
15
15
15
15
15
15
15
15
15
15
15
15
9
9
15
15
15
15
15
15
15
15
15
15
15
15
15
17
17
17
17
17
17
17
17
17
17
17
17
17
17
17
17
17
17
17
17
17
9
9
9
9
9
9
9
9
9
9
9
9
9
9
9
9
9
9
9
3
1
1
1
1
1
1
1
1
1
3
8
8
8
8
14
5
5
5
5
5
5
5
5
5
5
5
5
3
3
3
3
3
3
3
3
3
3
3
3
3
3
3
3
3
3
3
3
3
3
3
3
3
3
3
4
4
4
4
4
4
4
4
4
4
4
4
4
4
4
4
4
4
4
4
4
4
4
3
6
4
4
4
4
4
4
4
4
4
4
4
4
4
4
4
4
1
1
1
1
1
1
1
1
1
1
1
1
1
1
1
1
1
1
1
1
1
8
8
8
8
1
8
8
8
1
1
1
1
1
1
8
8
8
8
8
8
8
8
8
8
8
8
8
8
8
1
1
1
1
1
1
1
1
1
1
1
1
1
1
1
1
1
1
1
1
1
1
1
1
11
11
14
14
14
14
14
14
8
8
8
8
8
8
8
14
14
8
8
8
8
8
8
8
8
8
8
8
8
8
8
8
8
8
8
8
8
8
8
8
8
8
8
8
8
8
8
8
8
8
8
8
8
8
8
8
8
8
8
8
8
8
8
8
8
8
8
8
8
8
8
8
8
8
8
8
8
8
8
8
8
8
14
14
8
14
14
14
8
14
14
14
8
8
14
8
8
14
14
14
14
14
14
14
14
14
14
14
14
8
8
8
8
14
14
14
14
14
14
14
14
14
14
14
14
14
14
5
14
14
14
14
14
14
14
14
14
14
14
14
14
16
16
14
14
14
14
14
14
5
5
5
5
16
16
16
16
16
16
16
16
16
16
16
16
16
12
12
12
18
18
18
18
18
18
18
18
18
14
14
14
5
5
5
5
5
5
5
5
5
5
5
5
5
5
5
5
5
5
5
5
5
5
5
5
5
5
5
5
5
5
5
5
5
5
5
5
5
5
16
16
13
13
13
13
13
13
13
13
13
13
13
13
13
13
13
13
13
13
13
13
13
13
13
13
13
13
13
13
13
13
13
13
13
13
12
13
12
12
12
12
12
12
10
10
12
10
10
10
10
10
10
10
10
10
10
10
10
10
10
10
10
10
10
10
10
10
10
10
10
12
12
12
13
12
12
12
12
12
12
12
12
12
12
12
12
12
12
12
12
18
18
18
18
18
18
18
18
18
18
18
18
18
18
18
18
12
18
10
7
7
10
10
7
7
7
7
7
7
7
7
7
7
7
2
2
7
7
7
7
7
2
2
2
2
2
17
6
