3	1	1025.7	1971.3
3	2	1161.67	1965.39
1	3	1191.23	1959.49
3	4	1167.59	1959.49
1	5	1096.64	1959.49
2	6	1102.56	1953.58
2	7	1090.73	1953.58
3	8	1019.79	1953.58
3	9	1232.62	1941.77
2	10	1043.44	1941.77
2	11	1238.53	1935.87
1	12	1167.59	1935.87
2	13	1132.11	1935.87
2	14	1268.09	1929.96
1	15	1244.44	1929.96
1	16	1067.08	1929.96
2	17	1179.41	1924.06
1	18	1049.35	1924.06
2	19	1037.53	1924.06
2	20	1126.2	1918.15
2	21	1090.73	1918.15
1	22	984.319	1918.15
1	23	1327.2	1906.34
3	24	1031.61	1906.34
2	25	996.143	1906.34
3	26	1049.35	1900.44
3	27	1185.32	1894.53
1	28	1114.38	1894.53
1	29	1315.38	1882.72
2	30	1291.73	1882.72
2	31	1078.91	1882.72
3	32	1013.88	1876.82
1	33	1735.12	1746.91
1	34	741.934	1746.91
2	35	1729.21	1741
2	36	736.022	1741
1	37	1522.3	1723.29
3	38	529.108	1723.29
2	39	1185.32	1646.52
2	40	1569.59	1522.52
3	41	576.403	1522.52
3	42	1149.85	1445.75
2	43	617.786	1445.75
2	44	1031.61	1422.13
2	45	1108.47	1416.22
1	46	753.758	1416.22
3	47	1031.61	1410.32
2	48	594.138	1410.32
2	49	759.67	1398.51
1	50	605.962	1398.51
1	51	753.758	1274.5
1	52	659.169	1250.88
2	53	1268.09	1244.98
3	54	594.138	1244.98
2	55	611.874	1227.26
3	56	1279.91	1221.36
2	57	659.169	1156.4
1	58	1226.7	1002.87
3	59	1149.85	996.967
2	60	1610.97	973.347
3	61	1037.53	802.101
3	62	1315.38	796.196
3	63	1114.38	796.196
2	64	1090.73	796.196
2	65	1274	790.29
2	66	1132.11	790.29
1	67	1108.47	790.29
2	68	1013.88	790.29
3	69	1268.09	784.386
2	70	1114.38	784.386
2	71	1031.61	784.386
1	72	1664.18	778.481
3	73	1238.53	778.481
3	74	1096.64	778.481
3	75	1049.35	778.481
3	76	978.407	778.481
1	77	1232.62	772.576
2	78	1185.32	772.576
3	79	1078.91	772.576
3	80	1055.26	772.576
3	81	1019.79	772.576
3	82	1214.88	766.67
3	83	1191.23	766.67
2	84	1167.59	766.67
2	85	1084.82	766.67
1	86	1073	766.67
3	87	1232.62	760.765
3	88	1161.67	760.765
3	89	1262.18	754.861
2	90	1250.35	754.861
2	91	1179.41	754.861
3	92	1025.7	754.861
2	93	1268.09	748.955
3	94	1244.44	748.955
3	95	1173.5	748.955
3	96	1132.11	743.05
2	97	1120.29	743.05
2	98	1019.79	725.335
1	99	996.143	725.335
3	100	1037.53	719.43
3	101	1002.05	719.43
3	102	1173.5	559.994
3	103	1610.97	548.184
3	104	1173.5	548.184
3	105	1220.79	536.374
3	106	1628.71	2048.06
2	107	1628.71	2036.25
2	108	1616.89	2048.06
3	109	1616.89	2036.25
2	110	1605.06	2048.06
2	111	1605.06	2036.25
1	112	1593.24	2048.06
1	113	1593.24	2036.25
2	114	1581.41	2048.06
2	115	1581.41	2036.25
3	116	1569.59	2048.06
3	117	1569.59	2036.25
2	118	1557.77	2048.06
3	119	1557.77	2036.25
3	120	1545.94	2048.06
2	121	1545.94	2036.25
2	122	1534.12	2048.06
2	123	1534.12	2036.25
3	124	1522.3	2048.06
3	125	1522.3	2036.25
2	126	1510.47	2048.06
1	127	1510.47	2036.25
2	128	1498.65	2048.06
2	129	1498.65	2036.25
1	130	1622.8	2042.16
2	131	1622.8	2030.35
1	132	1610.97	2042.16
3	133	1610.97	2030.35
3	134	1599.15	2042.16
2	135	1599.15	2030.35
2	136	1587.33	2042.16
3	137	1587.33	2030.35
1	138	1575.5	2042.16
2	139	1575.5	2030.35
2	140	1563.68	2042.16
1	141	1563.68	2030.35
1	142	1551.85	2042.16
2	143	1551.85	2030.35
2	144	1540.03	2042.16
1	145	1540.03	2030.35
1	146	1528.21	2042.16
1	147	1528.21	2030.35
2	148	1516.38	2042.16
2	149	1516.38	2030.35
3	150	1504.56	2042.16
3	151	1504.56	2030.35
1	152	1492.74	2042.16
3	153	1492.74	2030.35
1	154	647.346	2048.06
2	155	647.346	2036.25
1	156	635.522	2048.06
2	157	635.522	2036.25
3	158	623.699	2048.06
2	159	623.699	2036.25
2	160	611.875	2048.06
1	161	611.875	2036.25
3	162	600.051	2048.06
2	163	600.051	2036.25
2	164	588.228	2048.06
2	165	588.228	2036.25
3	166	576.404	2048.06
3	167	576.404	2036.25
2	168	564.581	2048.06
2	169	564.581	2036.25
3	170	552.757	2048.06
2	171	552.757	2036.25
2	172	540.933	2048.06
2	173	540.933	2036.25
3	174	529.109	2048.06
2	175	529.109	2036.25
2	176	517.286	2048.06
1	177	517.286	2036.25
3	178	641.434	2042.16
3	179	641.434	2030.35
2	180	629.611	2042.16
1	181	629.611	2030.35
1	182	617.787	2042.16
2	183	617.787	2030.35
2	184	605.963	2042.16
3	185	605.963	2030.35
3	186	594.14	2042.16
1	187	594.14	2030.35
2	188	582.316	2042.16
1	189	582.316	2030.35
2	190	570.492	2042.16
3	191	570.492	2030.35
1	192	558.669	2042.16
1	193	558.669	2030.35
2	194	546.845	2042.16
1	195	546.845	2030.35
1	196	535.022	2042.16
1	197	535.022	2030.35
2	198	523.198	2042.16
3	199	523.198	2030.35
3	200	511.374	2042.16
2	201	511.374	2030.35
3	202	1628.71	170.262
3	203	1628.71	158.452
2	204	1616.89	170.262
3	205	1616.89	158.452
2	206	1605.06	170.262
2	207	1605.06	158.452
3	208	1593.24	170.262
1	209	1593.24	158.452
1	210	1581.41	170.262
2	211	1581.41	158.452
2	212	1569.59	170.262
3	213	1569.59	158.452
3	214	1557.77	170.262
3	215	1557.77	158.452
3	216	1545.94	170.262
1	217	1545.94	158.452
3	218	1534.12	170.262
3	219	1534.12	158.452
1	220	1522.3	170.262
2	221	1522.3	158.452
3	222	1510.47	170.262
3	223	1510.47	158.452
3	224	1498.65	170.262
1	225	1498.65	158.452
1	226	1622.8	164.357
2	227	1622.8	152.547
3	228	1610.97	164.357
3	229	1610.97	152.547
3	230	1599.15	164.357
3	231	1599.15	152.547
2	232	1587.33	164.357
3	233	1587.33	152.547
3	234	1575.5	164.357
3	235	1575.5	152.547
3	236	1563.68	164.357
2	237	1563.68	152.547
2	238	1551.85	164.357
2	239	1551.85	152.547
2	240	1540.03	164.357
3	241	1540.03	152.547
3	242	1528.21	164.357
3	243	1528.21	152.547
2	244	1516.38	164.357
3	245	1516.38	152.547
2	246	1504.56	164.357
3	247	1504.56	152.547
3	248	1492.74	164.357
2	249	1492.74	152.547
1	250	647.346	170.262
3	251	647.346	158.452
3	252	635.522	170.262
2	253	635.522	158.452
3	254	623.699	170.262
2	255	623.699	158.452
2	256	611.875	170.262
3	257	611.875	158.452
3	258	600.051	170.262
3	259	600.051	158.452
3	260	588.228	170.262
3	261	588.228	158.452
3	262	576.404	170.262
3	263	576.404	158.452
2	264	564.581	170.262
2	265	564.581	158.452
2	266	552.757	170.262
1	267	552.757	158.452
3	268	540.933	170.262
3	269	540.933	158.452
1	270	529.109	170.262
2	271	529.109	158.452
2	272	517.286	170.262
2	273	517.286	158.452
3	274	641.434	164.357
3	275	641.434	152.547
2	276	629.611	164.357
3	277	629.611	152.547
3	278	617.787	164.357
1	279	617.787	152.547
3	280	605.963	164.357
1	281	605.963	152.547
3	282	594.14	164.357
2	283	594.14	152.547
2	284	582.316	164.357
2	285	582.316	152.547
3	286	570.492	164.357
1	287	570.492	152.547
3	288	558.669	164.357
3	289	558.669	152.547
3	290	546.845	164.357
2	291	546.845	152.547
3	292	535.022	164.357
2	293	535.022	152.547
3	294	523.198	164.357
3	295	523.198	152.547
1	296	511.374	164.357
3	297	511.374	152.547
3	298	1888.83	2048.06
2	299	1877.01	2048.06
3	300	1853.36	2048.06
1	301	1841.54	2048.06
2	302	1829.71	2048.06
2	303	1782.42	2048.06
2	304	1746.95	2048.06
1	305	1723.3	2048.06
2	306	1711.47	2048.06
1	307	1676	2048.06
3	308	1652.36	2048.06
2	309	907.466	2048.06
2	310	895.642	2048.06
1	311	871.994	2048.06
1	312	860.171	2048.06
2	313	848.347	2048.06
3	314	801.053	2048.06
1	315	765.581	2048.06
2	316	741.934	2048.06
1	317	730.111	2048.06
2	318	694.64	2048.06
3	319	670.992	2048.06
2	320	1871.09	2042.16
3	321	1800.15	2042.16
1	322	1776.51	2042.16
1	323	1752.86	2042.16
3	324	889.73	2042.16
2	325	818.788	2042.16
1	326	795.141	2042.16
3	327	771.494	2042.16
1	328	1877.01	2036.25
3	329	1853.36	2036.25
3	330	1841.54	2036.25
3	331	1746.95	2036.25
1	332	1723.3	2036.25
2	333	1699.65	2036.25
1	334	895.642	2036.25
3	335	871.994	2036.25
2	336	860.171	2036.25
3	337	765.581	2036.25
1	338	741.934	2036.25
2	339	718.287	2036.25
2	340	1894.74	2030.35
1	341	1871.09	2030.35
2	342	1859.27	2030.35
2	343	1823.8	2030.35
1	344	1811.98	2030.35
2	345	1800.15	2030.35
3	346	1776.51	2030.35
2	347	1764.68	2030.35
2	348	1752.86	2030.35
2	349	913.377	2030.35
2	350	889.73	2030.35
3	351	877.906	2030.35
1	352	842.435	2030.35
2	353	830.612	2030.35
3	354	818.788	2030.35
2	355	795.141	2030.35
2	356	783.317	2030.35
2	357	771.494	2030.35
3	358	1888.83	170.261
3	359	1877.01	170.261
2	360	1853.36	170.261
3	361	1841.54	170.261
2	362	1829.71	170.261
2	363	1782.42	170.261
2	364	1746.95	170.261
3	365	1723.3	170.261
2	366	1711.47	170.261
3	367	1676	170.261
1	368	1652.36	170.261
3	369	907.466	170.261
2	370	895.642	170.261
3	371	871.994	170.261
2	372	860.171	170.261
3	373	848.347	170.261
2	374	801.053	170.261
2	375	765.581	170.261
2	376	741.934	170.261
1	377	730.111	170.261
2	378	694.64	170.261
2	379	670.992	170.261
2	380	1871.09	164.357
3	381	1800.15	164.357
1	382	1776.51	164.357
3	383	1752.86	164.357
3	384	889.73	164.357
2	385	818.788	164.357
3	386	795.141	164.357
3	387	771.494	164.357
2	388	1877.01	158.451
3	389	1853.36	158.451
3	390	1841.54	158.451
2	391	1746.95	158.451
3	392	1723.3	158.451
3	393	1699.65	158.451
3	394	895.642	158.451
3	395	871.994	158.451
2	396	860.171	158.451
3	397	765.581	158.451
3	398	741.934	158.451
3	399	718.287	158.451
1	400	1894.74	152.546
3	401	1871.09	152.546
1	402	1859.27	152.546
3	403	1823.8	152.546
2	404	1811.98	152.546
3	405	1800.15	152.546
2	406	1776.51	152.546
3	407	1764.68	152.546
3	408	1752.86	152.546
3	409	913.377	152.546
3	410	889.73	152.546
2	411	877.906	152.546
3	412	842.435	152.546
3	413	830.612	152.546
1	414	818.788	152.546
3	415	795.141	152.546
2	416	783.317	152.546
3	417	771.494	152.546
