3	1	36.49	7.49
2	2	57.06	9.51
1	3	30.22	48.14
2	4	5.15	-3.56
3	5	34.59	-106.37
3	6	57.12	-2.12
3	7	16.45	-99.45
2	8	5.36	-0.1
2	9	28.56	-13.36
2	10	8.59	38.48
1	11	12.5	45.02
1	12	-34.48	138.38
2	13	30.23	-9.33
3	14	56.18	12.51
2	15	36.4	-4.3
3	16	40.38	8.17
1	17	35.11	-3.5
2	18	41.55	8.48
2	19	-37.01	174.47
2	20	38.17	-0.34
1	21	36.42	3.13
3	22	36.11	37.14
3	23	35.14	-101.42
2	24	31.58	35.59
2	25	52.18	4.46
3	26	61.1	-149.59
2	27	39.57	32.41
1	28	51.11	4.28
3	29	17.08	-61.47
2	30	43.37	13.22
3	31	29.38	35.01
2	32	59.39	17.55
1	33	15.18	38.55
3	34	-25.14	-57.31
2	35	23.58	32.47
3	36	37.54	23.44
2	37	33.46	-84.31
3	38	12.3	-70.01
2	39	24.26	54.28
2	40	36.55	30.48
2	41	26.16	50.38
2	42	40.29	50.01
3	43	39.11	-76.4
3	44	10.48	-74.52
1	45	-16.11	-52.3
2	46	10.25	45.01
2	47	41.18	2.05
3	48	32.22	-64.42
3	49	41.56	-72.41
1	50	40.39	17.57
3	51	44.49	20.19
3	52	9.21	34.31
2	53	32.06	20.16
2	54	52.29	13.24
2	55	48.27	-4.25
3	56	-19.48	3.45
2	57	33.49	35.29
3	58	54.39	-6.14
1	59	35.48	-101.22
3	60	4.24	18.31
3	61	13.04	-59.3
2	62	60.17	5.13
2	63	44.48	-68.5
2	64	33.14	44.14
1	65	45.4	9.24
1	66	33.34	-86.45
3	67	52.27	-1.45
1	68	42.33	9.29
1	69	45.48	-108.37
2	70	43.28	-1.32
1	71	13.21	-16.4
2	72	-3.19	29.19
3	73	13.55	100.36
2	74	12.38	-8.02
2	75	55.44	9.09
3	76	44.32	11.18
3	77	12.57	77.4
2	78	-15.41	34.58
1	79	27.13	56.22
1	80	-27.25	153.05
2	81	44.5	-0.43
2	82	4.42	-74.09
1	83	50.47	-1.51
1	84	19.05	72.52
1	85	67.16	14.22
3	86	42.22	-71
2	87	53.03	8.48
2	88	41.08	16.47
2	89	46.55	7.3
3	90	51.31	-2.35
3	91	50.54	4.29
1	92	-15.52	-47.55
2	93	47.35	7.32
2	94	48.1	16.13
1	95	47.27	19.15
2	96	-34.49	-58.32
3	97	42.55	-78.38
2	98	44.3	26.06
2	99	49.27	2.07
2	100	-4.15	15.15
3	101	39.15	9.04
1	102	30.08	31.24
3	103	23.11	113.16
1	104	33.33	-7.4
1	105	-11.54	22.45
3	106	4.49	-52.22
3	107	52.13	0.11
3	108	-35.19	149.12
2	109	10.36	-66.59
2	110	22.39	88.27
2	111	52.5	-1.19
3	112	49.01	2.33
2	113	43.33	6.57
3	114	45.4	-0.19
3	115	39.37	19.55
2	116	50.52	7.09
2	117	41.59	-87.54
2	118	41.48	12.36
2	119	9.34	-13.37
1	120	41.25	-81.51
1	121	3.26	-76.25
2	122	42.31	8.48
2	123	-28.02	145.37
2	124	7.11	79.53
3	125	40.04	-83.04
2	126	33.22	-7.35
1	127	48.07	7.22
3	128	44.22	28.29
2	129	45.4	-0.19
2	130	6.21	2.23
1	131	55.37	12.39
1	132	-33.58	18.36
3	133	37.28	15.04
3	134	10.27	-75.31
2	135	-26.25	146.14
2	136	39	17.05
3	137	12.12	-68.57
3	138	39.09	-84.2
2	139	39.03	-84.2
1	140	51.24	-3.12
2	141	29.11	-81.03
3	142	23.46	90.23
3	143	14.45	42.59
3	144	32.5	-96.51
1	145	33.25	36.31
3	146	-6.53	39.12
2	147	42.34	18.16
2	148	-29.58	30.57
2	149	38.51	-77.02
3	150	28.34	77.07
3	151	39.46	-104.53
2	152	32.46	-96.24
2	153	26.16	50.1
1	154	47.16	5.05
2	155	33.52	10.47
3	156	14.45	-17.3
2	157	4.01	9.43
2	158	19.08	30.26
2	159	25.16	51.34
2	160	49.22	0.1
3	161	-8.45	115.1
3	162	51.08	13.46
2	163	-12.25	130.52
3	164	42.14	-83.32
1	165	42.13	-83.21
2	166	53.26	-6.15
2	167	51.17	6.45
2	168	25.15	55.2
3	169	0.03	32.26
3	170	45.32	4.18
2	171	55.57	-3.22
2	172	51.27	5.23
2	173	31.48	-106.16
2	174	52.5	-1.19
2	175	48.19	6.04
2	176	40.07	33
3	177	40.09	82.4
2	178	40.42	-74.1
2	179	50.44	-3.25
3	180	-34.49	-58.32
2	181	64.49	-147.51
3	182	37.01	-7.58
2	183	-11.35	27.31
1	184	59.54	10.37
1	185	41.49	12.15
2	186	14.35	-61
3	187	33.56	45.8
2	188	-4.23	15.26
3	189	43.49	11.12
2	190	8.37	-13.12
3	191	41.26	15.32
2	192	50.02	8.34
2	193	44.12	12.04
2	194	-21.13	27.29
2	195	28.27	-13.52
1	196	53.29	-1
1	197	-19.27	29.52
1	198	54.23	18.28
2	199	60.12	11.05
1	200	24.57	10.1
3	201	-22.5	-43.15
2	202	55.52	-4.26
2	203	45.22	5.2
2	204	7.09	41.43
2	205	44.25	8.5
2	206	57.4	18.18
3	207	41.54	2.46
1	208	37.11	-3.47
1	209	47	15.26
2	210	51.09	-0.11
3	211	14.34	-90.32
3	212	46.14	6.07
2	213	-2.09	-79.53
1	214	52.28	9.42
2	215	53.38	10
1	216	60.19	24.58
1	217	35.2	25.11
2	218	30.2	120.51
3	219	22.19	114.12
3	220	31.4	6.09
2	221	35.33	139.46
3	222	21.2	-157.55
3	223	29.59	-95.28
1	224	38.57	-77.27
3	225	43.06	-78.57
3	226	38.52	1.22
2	227	47.34	-97.27
2	228	50.21	30.55
2	229	-25.44	-54.28
3	230	39.44	-86.17
3	231	40.59	28.49
1	232	38.17	27.1
3	233	21.3	39.12
2	234	49.13	-2.12
2	235	40.38	-73.46
2	236	11.33	43.1
2	237	-6.09	106.51
3	238	-26.08	28.15
1	239	-3.22	36.38
1	240	45.28	-73.44
1	241	12.03	8.31
2	242	34.34	69.12
2	243	63.59	-22.37
2	244	-1.58	30.08
2	245	22.34	120.17
3	246	24.54	67.09
1	247	-6.18	155.43
3	248	17.56	-76.48
2	249	50.05	19.47
2	250	15.36	32.33
2	251	27.42	85.22
2	252	3.08	101.33
3	253	29.13	47.58
2	254	-8.51	13.14
3	255	10.36	-66.59
1	256	36.04	-115.09
3	257	33.56	-118.24
2	258	53.52	-1.39
2	259	48.58	2.27
3	260	0.27	9.25
3	261	34.52	33.38
2	262	43.11	0
3	263	59.49	30.17
2	264	36.51	-2.22
2	265	51.24	12.25
3	266	51.25	12.14
3	267	6.1	1.15
3	268	40.46	-73.52
3	269	33.57	-118.24
2	270	50.38	5.27
1	271	51.09	-0.11
3	272	51.28	-0.27
1	273	50.34	3.05
3	274	-12.01	-77.07
2	275	45.27	9.16
2	276	38.46	-9.08
2	277	46.13	14.28
2	278	35.3	12.37
2	279	48.14	14.11
2	280	51.28	-0.27
3	281	6.35	3.2
2	282	27.56	-15.23
3	283	-16.3	-68.11
3	284	53.21	-2.53
1	285	6.1	1.15
2	286	51.53	-0.22
2	287	-25.55	32.34
1	288	-15.2	28.27
3	289	4.27	114
2	290	49.37	6.12
3	291	-17.49	25.49
2	292	25.41	32.43
2	293	45.44	4.56
2	294	13	80.11
1	295	40.29	-3.34
2	296	31.52	-4.13
2	297	53.21	-2.16
2	298	-3.04	-60
2	299	10.34	-71.44
2	300	-4.02	39.36
2	301	46.22	15.47
2	302	39.18	-94.44
3	303	28.32	-81.2
3	304	23.36	58.17
1	305	44.25	8.5
1	306	-37.44	144.54
3	307	24.31	39.42
3	308	-37.41	144.51
2	309	19.26	-99.04
3	310	12.07	-86.11
3	311	2.01	45.19
3	312	25.48	-80.17
2	313	20.56	-89.41
3	314	45.27	9.16
2	315	35.45	10.45
3	316	39.07	-94.36
2	317	35.52	14.29
2	318	4.11	73.32
3	319	47.45	7.26
2	320	55.33	13.22
2	321	54.31	-1.25
2	322	14.31	121.01
2	323	55.58	37.25
3	324	43.35	3.58
3	325	-25.55	32.34
2	326	-8.58	125.13
2	327	43.26	5.13
2	328	-20.26	57.41
2	329	51.21	1.21
3	330	44.53	-93.13
2	331	53.52	27.33
1	332	50.55	5.47
1	333	29.59	-90.16
1	334	-26.31	31.19
2	335	48.08	11.42
1	336	-34.5	-56.02
2	337	45.38	8.43
3	338	49.05	6.08
2	339	-17.45	177.27
1	340	40.53	14.18
1	341	25.02	-77.28
2	342	-1.19	36.56
3	343	43.4	7.13
2	344	55.02	-1.41
1	345	45.56	6.06
1	346	12.08	15.02
2	347	32.56	129.56
2	348	35.09	36.17
3	349	13.29	2.1
1	350	18.06	-15.57
2	351	-13	28.39
2	352	58.35	16.15
1	353	35.45	140.23
2	354	47.09	-1.36
3	355	49.3	11.05
3	356	52.41	1.17
1	357	40.38	-73.46
3	358	55.28	10.2
2	359	46.26	30.41
2	360	26.21	127.46
1	361	35.26	-97.46
2	362	40.54	9.31
3	363	41.07	-95.55
2	364	41.14	-8.41
3	365	41.59	-87.54
1	366	51.5	-8.29
1	367	28.26	-81.19
3	368	35.38	-0.37
2	369	48.43	2.23
2	370	34.47	135.27
1	371	60.12	11.05
3	372	51.12	2.52
1	373	44.34	26.06
2	374	12.21	-1.31
3	375	43.26	-5.5
2	376	18.34	-72.17
3	377	48.43	2.23
3	378	40.05	116.36
2	379	-31.56	115.58
1	380	4.52	7.02
1	381	37.08	-76.3
3	382	39.52	-75.15
1	383	33.26	-112.01
1	384	55.52	-4.26
1	385	46.35	0.18
3	386	40.3	-80.14
2	387	-5.15	39.49
2	388	39.33	2.44
2	389	38.1	13.06
2	390	11.33	104.51
2	391	36.49	11.58
3	392	-9.27	147.13
3	393	10.36	-61.21
2	394	9.05	-79.23
2	395	50.06	14.16
2	396	43.41	10.24
3	397	42.26	14.11
2	398	16.16	-61.32
1	399	9.03	-79.24
1	400	43.23	-0.25
2	401	45.39	12.12
3	402	31.37	-8.03
3	403	34.03	-6.45
1	404	-8.08	-34.55
2	405	38.04	15.39
2	406	64.08	-21.57
1	407	16.54	96.09
2	408	49.19	4.03
2	409	36.23	28.07
3	410	-29.43	-53.42
2	411	-22.5	-43.15
2	412	45.13	14.35
2	413	44.01	12.37
3	414	48.04	-1.44
1	415	6.14	-10.22
2	416	41.49	12.15
3	417	14.1	145.15
2	418	-32.55	-60.47
1	419	51.57	4.26
2	420	24.42	46.44
1	421	33.37	73.06
1	422	6.3	-58.15
2	423	15.29	44.13
2	424	13.42	-89.07
3	425	32.44	-117.11
3	426	-23	-47.08
2	427	29.32	-98.28
3	428	-17.56	31.06
3	429	48.31	-24.8
2	430	-33.23	-70.47
2	431	42.54	-8.25
2	432	33.14	44.14
1	433	18.26	-69.4
3	434	47.27	-122.18
1	435	27	14.27
1	436	37.33	126.48
1	437	51.34	0.42
2	438	-4.4	55.31
1	439	37.37	-122.23
2	440	31.12	121.2
1	441	25.21	55.24
1	442	16.45	-22.57
1	443	1.21	103.54
2	444	37.22	-121.56
3	445	43.49	18.2
1	446	9.58	-84.16
3	447	9.59	-84.12
2	448	18.26	-66.01
2	449	40.31	22.58
1	450	41.58	21.38
2	451	40.53	-111.57
1	452	36.58	-25.1
3	453	52.42	-8.55
2	454	42.42	23.24
1	455	43.32	16.18
2	456	-12.54	-38.2
2	457	38.45	-90.22
3	458	51.33	0.14
2	459	59.39	17.55
1	460	48.41	9.13
2	461	38.54	16.15
3	462	58.53	5.38
1	463	55.58	37.25
1	464	37.26	-5.54
3	465	48.32	7.38
3	466	52.22	13.3
3	467	-33.56	151.1
2	468	29.33	52.36
1	469	47.48	13
2	470	40.31	17.24
1	471	41.19	69.24
3	472	28.29	-16.2
3	473	38.31	-28.43
2	474	43.11	0
2	475	28.29	-16.2
3	476	14.02	-87.14
2	477	52.29	13.24
2	478	35.41	51.19
2	479	41.2	19.47
3	480	32.4	13.09
3	481	43.37	1.23
3	482	32.01	34.53
2	483	22.49	5.27
2	484	0.23	6.43
2	485	35.43	-5.55
2	486	-18.48	47.29
1	487	33.56	8.06
3	488	-24.42	-53.42
2	489	25.04	121.33
3	490	37.55	12.29
2	491	51.23	-2.43
3	492	45.12	7.39
3	493	45.5	13.28
2	494	45.39	12.12
2	495	47.26	0.43
3	496	36.18	-95.52
2	497	36.51	10.14
2	498	52.34	13.18
1	499	35.33	139.46
3	500	35.54	-83.53
3	501	40.62	13.11
3	502	-0.08	-78.29
2	503	12.41	101.01
1	504	13.45	-60.57
2	505	44.55	4.58
2	506	43.14	27.49
3	507	45.3	12.21
1	508	-23	-47.08
1	509	48.07	16.33
1	510	39.29	-0.29
2	511	41.42	-4.51
1	512	45.24	10.53
3	513	38.57	-77.27
3	514	52.1	20.58
2	515	36.45	-6.04
2	516	53.19	-113.35
1	517	44.53	-63.31
2	518	45.41	-74.02
3	519	45.19	-75.4
2	520	46.48	-71.24
2	521	42.16	-82.58
3	522	48.57	-54.34
3	523	45.28	-73.44
1	524	49.11	-123.1
2	525	49.55	-97.14
3	526	51.07	-114.01
1	527	47.37	-52.45
2	528	43.41	-79.38
1	529	44.06	15.21
3	530	45.45	16.04
2	531	41.4	-1.03
1	532	-6.13	39.13
2	533	47.28	8.33
2	534	51.33	0.14
2	535	24.58	91.53
