2
2
2
2
2
2
2
2
0
0
0
0
0
0
0
0
0
0
0
0
0
7
0
7
7
7
7
7
7
4
4
4
4
4
4
4
4
4
4
4
4
4
4
4
4
4
4
1
1
1
1
1
1
1
1
1
4
4
4
4
4
4
4
4
4
4
7
4
7
7
7
7
7
7
7
7
7
7
7
7
0
7
0
0
0
0
0
0
0
0
0
2
2
0
0
0
0
0
0
0
0
7
7
7
4
4
4
4
4
4
1
1
1
1
1
1
1
1
1
1
1
1
1
1
1
1
1
6
7
7
7
7
7
7
7
7
7
3
0
0
0
0
2
2
2
2
2
2
2
2
2
2
2
2
2
5
5
5
5
3
0
3
3
3
7
3
8
8
6
6
6
6
6
6
6
6
6
6
6
1
1
6
6
6
6
6
6
6
6
6
6
6
6
6
6
6
8
8
3
3
3
3
3
3
3
3
3
3
3
3
3
5
5
5
5
5
5
5
3
3
3
3
3
3
3
3
3
3
3
3
3
3
3
8
8
8
8
8
8
8
8
8
8
6
6
6
6
6
6
6
6
6
6
6
6
6
6
6
6
6
6
6
6
6
6
6
6
6
8
8
8
8
8
8
3
3
3
3
3
3
3
3
3
3
3
3
5
5
5
5
5
5
5
5
5
5
5
5
3
