1 145 2675 2525 4
1 154 2651 2787 4
1 144 2575 2525 4
1 153 2552 2785 4
1 143 2925 2425 4
1 155 2925 2925 4
1 152 2451 2785 4
1 147 2375 2525 4
1 151 2352 2786 4
1 146 2275 2525 4
1 92 2925 2150 4
1 150 2249 2786 4
1 213 2925 3198 4
1 148 2175 2525 4
1 58 7475 1975 3
1 38 7625 1775 3
1 59 7625 1925 3
1 41 7409 1576 3
1 39 7410 1575 3
1 37 7259 1576 3
1 36 7260 1575 3
1 60 7575 2075 3
1 42 7560 1576 3
1 40 7560 1575 3
1 56 7725 1825 3
1 61 7075 1975 3
1 109 7475 2175 3
1 57 7725 1975 3
1 44 7710 1575 3
1 45 7711 1575 3
1 81 4775 1975 1
1 80 4675 1950 1
1 101 4775 2125 1
1 78 4775 1875 1
1 83 4525 2050 1
1 79 4925 1925 1
1 99 4600 2225 1
1 98 4525 2150 1
1 75 4975 2025 1
1 82 4425 2050 1
1 21 4775 1725 1
1 100 4600 2325 1
1 97 4425 2150 1
1 19 4550 1750 1
1 77 5075 2075 1
1 74 5025 1825 1
1 76 5075 1925 1
1 18 4450 1750 1
1 17 4500 1675 1
1 94 4325 2150 1
1 86 4275 2050 1
1 22 4710 1565 1
1 23 4860 1565 1
1 225 4675 3400 5
1 226 4775 3375 5
1 222 4500 3300 5
1 298 4775 3225 5
1 203 4525 3200 5
1 224 4725 3525 5
1 204 4575 3125 5
1 223 4400 3300 5
1 206 4425 3200 5
1 228 4975 3325 5
1 279 4675 3675 5
1 205 4575 3025 5
1 283 4575 3675 5
1 282 4775 3675 5
1 207 4325 3200 5
1 219 4275 3300 5
1 230 5025 3450 5
1 218 4325 3575 5
1 284 4425 3675 5
1 281 4925 3675 5
1 240 6775 3425 2
1 236 6675 3325 2
1 239 6875 3325 2
1 237 6575 3525 2
1 238 6975 3525 2
1 235 6450 3375 2
1 271 6575 3750 2
1 270 6975 3725 2
1 241 7150 3325 2
1 177 8125 2975 6
1 186 8075 3075 6
1 175 8075 2875 6
1 188 7975 3075 6
1 178 7975 2975 6
1 252 8225 3325 6
1 174 8125 2775 6
1 187 7975 3275 6
1 176 8025 2775 6
1 170 7925 2875 6
1 185 8525 3225 6
1 251 8225 3425 6
1 189 7825 3125 6
1 172 7825 2925 6
1 184 8625 3225 6
1 171 7875 2775 6
1 255 8575 3325 6
1 124 8225 2600 6
1 120 8375 2600 6
1 254 8325 3525 6
1 125 8125 2575 6
1 126 7975 2625 6
2 142 3325 2450 4
2 156 3325 2900 5
2 149 2148 2786 4
2 91 2925 1875 4
2 214 2925 3475 5
2 6 2975 1725 4
2 141 3725 2450 5
2 157 3725 2900 5
2 4 2656 1640 4
2 5 2556 1639 4
2 294 2675 3675 5
2 293 2575 3675 5
2 1 2456 1639 4
2 35 7075 1575 6
2 43 7825 1675 6
2 105 7275 2275 6
2 106 7075 2175 6
2 64 6975 2075 6
2 107 7425 2325 6
2 46 7875 1575 6
2 111 7825 2175 6
2 108 7525 2375 6
2 62 6825 1925 6
2 34 6875 1575 6
2 47 7975 1575 6
2 110 7775 2350 6
2 63 6775 2075 6
2 112 7875 2350 6
2 20 4560 1565 1
2 95 4275 2225 1
2 16 4375 1675 1
2 102 5175 2325 1
2 24 5010 1565 1
2 96 4275 2325 1
2 15 4275 1725 1
2 135 4975 2525 1
2 84 4175 1950 1
2 93 4175 2150 1
2 71 5275 1825 1
2 85 4125 2050 1
2 14 4275 1625 1
2 25 5160 1565 1
2 132 5175 2475 1
2 131 5250 2400 1
2 134 5075 2575 1
2 137 4875 2675 1
2 138 4175 2425 1
2 136 5025 2675 1
2 128 5350 2400 1
2 72 5425 1825 1
2 202 5075 3275 3
2 209 4275 3125 5
2 220 4175 3400 5
2 210 4275 3025 5
2 208 4175 3200 5
2 285 4325 3725 5
2 221 4125 3300 5
2 227 5175 3300 3
2 280 4925 3800 3
2 229 5175 3475 3
2 201 5175 3150 3
2 161 4975 2825 1
2 277 5075 3800 3
2 199 5275 3250 3
2 159 4175 2925 5
2 232 5275 3525 3
2 217 3975 3375 5
2 211 3975 3275 5
2 278 5204 3772 3
2 242 7150 3475 2
2 268 7075 3675 2
2 272 6375 3750 3
2 269 7150 3750 2
2 195 7325 3225 2
2 246 7425 3425 2
2 192 7425 3275 2
2 233 6050 3375 3
2 196 6125 3025 3
2 249 7825 3375 2
2 121 8475 2600 2
2 253 8475 3525 2
2 173 7750 2800 2
2 123 8225 2500 2
2 181 8775 3025 2
2 182 8775 3125 2
2 180 8775 2925 2
2 262 8175 3625 2
2 260 8325 3625 2
2 250 7725 3375 2
2 183 8775 3275 2
2 179 8775 2825 2
2 259 8425 3625 2
2 119 8625 2600 2
2 247 7825 3525 2
2 127 7750 2650 2
2 122 7975 2475 2
2 191 7600 3175 2
2 265 8075 3675 2
2 190 7575 3075 2
3 2 2355 1640 5
3 292 2925 3725 1
3 296 2375 3675 1
3 3 2256 1640 5
3 295 2275 3675 1
3 291 3125 3725 1
3 7 3275 1600 5
3 0 2156 1639 5
3 297 2175 3675 1
3 289 3225 3750 1
3 8 3375 1600 5
3 290 3325 3750 1
3 9 3475 1600 5
3 48 8075 1575 2
3 65 6675 1925 6
3 32 6675 1725 6
3 104 6775 2225 6
3 31 6675 1575 6
3 49 8175 1575 2
3 33 6525 1725 6
3 30 6525 1575 6
3 50 8275 1575 2
3 67 6425 2075 6
3 51 8375 1575 2
3 29 6375 1575 6
3 52 8475 1575 2
3 66 6200 1975 6
3 53 8825 1625 2
3 26 5310 1565 6
3 90 3975 2075 5
3 89 3975 1975 5
3 133 5175 2675 3
3 103 5450 2375 3
3 139 4175 2625 5
3 73 5525 1825 6
3 88 3875 2075 5
3 87 3875 1900 5
3 27 5460 1565 6
3 129 5450 2525 3
3 13 3875 1775 5
3 140 3925 2450 5
3 12 3900 1625 5
3 70 5675 1825 6
3 130 5450 2675 3
3 28 5610 1565 6
3 11 3700 1600 5
3 10 3575 1600 5
3 68 6000 1975 6
3 69 6025 2075 6
3 163 5175 2875 3
3 275 5275 3675 3
3 162 5075 2775 3
3 198 5375 3250 3
3 215 3925 3475 1
3 231 5375 3525 3
3 212 3875 3275 1
3 160 4175 2725 5
3 276 5375 3675 3
3 274 5325 3775 3
3 216 3825 3475 1
3 158 3925 2900 1
3 200 5450 3025 3
3 286 3825 3650 1
3 165 5450 2925 3
3 164 5450 2825 3
3 287 3625 3750 1
3 288 3475 3750 1
3 193 7425 3125 4
3 245 7475 3525 4
3 197 6025 3175 3
3 194 7425 3025 4
3 166 6125 2875 3
3 273 5975 3750 3
3 234 5908 3574 3
3 167 6025 2875 3
3 168 7575 2875 4
3 248 7725 3525 4
3 117 8575 2450 2
3 267 7875 3675 4
3 263 8225 3775 4
3 118 8725 2525 2
3 264 8075 3775 4
3 258 8575 3700 4
3 261 8375 3775 4
3 244 7575 3425 4
3 243 7625 3525 4
3 266 7925 3775 4
3 169 7425 2875 4
3 114 8725 2375 2
3 256 8775 3700 4
3 116 8825 2425 2
3 257 8675 3800 4
3 115 8703 2197 2
3 113 8825 2225 2
3 54 8820 1928 2
3 55 8825 1825 2
