1 4 2656 1640 5
1 5 2556 1639 5
1 6 2975 1725 5
1 7 3275 1600 5
1 9 3475 1600 5
1 10 3575 1600 5
1 13 3875 1775 1
1 14 4275 1625 1
1 15 4275 1725 1
1 18 4450 1750 1
1 20 4560 1565 1
1 21 4775 1725 1
1 26 5310 1565 1
1 28 5610 1565 1
1 29 6375 1575 3
1 31 6675 1575 3
1 35 7075 1575 3
1 37 7259 1576 3
1 40 7560 1575 3
1 42 7560 1576 3
1 48 8075 1575 3
1 52 8475 1575 2
1 53 8825 1625 2
1 55 8825 1825 2
1 57 7725 1975 3
1 60 7575 2075 3
1 63 6775 2075 3
1 66 6200 1975 3
1 71 5275 1825 1
1 76 5075 1925 1
1 79 4925 1925 1
1 81 4775 1975 1
1 86 4275 2050 1
1 87 3875 1900 1
1 89 3975 1975 1
1 90 3975 2075 1
1 91 2925 1875 5
1 93 4175 2150 1
1 94 4325 2150 1
1 98 4525 2150 1
1 100 4600 2325 1
1 102 5175 2325 1
1 109 7475 2175 3
1 110 7775 2350 3
1 111 7825 2175 3
1 113 8825 2225 2
1 116 8825 2425 2
1 117 8575 2450 2
1 118 8725 2525 2
1 119 8625 2600 2
1 123 8225 2500 2
1 128 5350 2400 6
1 130 5450 2675 6
1 136 5025 2675 6
1 137 4875 2675 6
1 141 3725 2450 5
1 142 3325 2450 5
1 144 2575 2525 5
1 145 2675 2525 5
1 146 2275 2525 5
1 149 2148 2786 5
1 151 2352 2786 5
1 156 3325 2900 5
1 157 3725 2900 5
1 163 5175 2875 6
1 164 5450 2825 6
1 165 5450 2925 6
1 166 6125 2875 6
1 168 7575 2875 4
1 169 7425 2875 4
1 172 7825 2925 4
1 179 8775 2825 2
1 180 8775 2925 2
1 183 8775 3275 2
1 184 8625 3225 2
1 185 8525 3225 2
1 186 8075 3075 4
1 188 7975 3075 4
1 189 7825 3125 4
1 190 7575 3075 4
1 192 7425 3275 4
1 194 7425 3025 4
1 197 6025 3175 6
1 201 5175 3150 6
1 202 5075 3275 6
1 205 4575 3025 6
1 208 4175 3200 6
1 210 4275 3025 6
1 219 4275 3300 6
1 220 4175 3400 6
1 224 4725 3525 6
1 225 4675 3400 6
1 226 4775 3375 6
1 227 5175 3300 6
1 231 5375 3525 6
1 236 6675 3325 4
1 239 6875 3325 4
1 243 7625 3525 4
1 244 7575 3425 4
1 246 7425 3425 4
2 1 2456 1639 4
2 3 2256 1640 4
2 8 3375 1600 4
2 11 3700 1600 2
2 17 4500 1675 2
2 19 4550 1750 2
2 23 4860 1565 2
2 25 5160 1565 2
2 34 6875 1575 6
2 38 7625 1775 6
2 39 7410 1575 6
2 43 7825 1675 6
2 45 7711 1575 6
2 50 8275 1575 6
2 51 8375 1575 6
2 70 5675 1825 2
2 72 5425 1825 2
2 74 5025 1825 2
2 77 5075 2075 2
2 80 4675 1950 2
2 84 4175 1950 2
2 92 2925 2150 4
2 95 4275 2225 2
2 97 4425 2150 2
2 104 6775 2225 6
2 106 7075 2175 6
2 108 7525 2375 6
2 112 7875 2350 6
2 121 8475 2600 3
2 122 7975 2475 6
2 126 7975 2625 6
2 129 5450 2525 2
2 132 5175 2475 2
2 133 5175 2675 5
2 138 4175 2425 2
2 140 3925 2450 2
2 147 2375 2525 4
2 148 2175 2525 4
2 153 2552 2785 4
2 154 2651 2787 4
2 159 4175 2925 5
2 160 4175 2725 2
2 162 5075 2775 5
2 170 7925 2875 3
2 173 7750 2800 3
2 175 8075 2875 3
2 176 8025 2775 3
2 182 8775 3125 3
2 187 7975 3275 3
2 198 5375 3250 5
2 199 5275 3250 5
2 200 5450 3025 5
2 203 4525 3200 5
2 207 4325 3200 5
2 211 3975 3275 5
2 213 2925 3198 1
2 214 2925 3475 1
2 218 4325 3575 5
2 221 4125 3300 5
2 223 4400 3300 5
2 230 5025 3450 5
2 238 6975 3525 3
2 240 6775 3425 3
2 241 7150 3325 3
2 242 7150 3475 3
2 245 7475 3525 3
2 247 7825 3525 3
2 248 7725 3525 3
2 249 7825 3375 3
2 251 8225 3425 3
2 252 8225 3325 3
2 253 8475 3525 3
2 254 8325 3525 3
2 256 8775 3700 3
2 258 8575 3700 3
2 259 8425 3625 3
2 260 8325 3625 3
2 261 8375 3775 3
2 263 8225 3775 3
2 264 8075 3775 3
2 265 8075 3675 3
2 266 7925 3775 3
2 267 7875 3675 3
2 273 5975 3750 5
2 274 5325 3775 5
2 275 5275 3675 5
2 278 5204 3772 5
2 281 4925 3675 5
2 283 4575 3675 5
2 286 3825 3650 1
2 288 3475 3750 1
2 289 3225 3750 1
2 290 3325 3750 1
2 293 2575 3675 1
2 294 2675 3675 1
2 295 2275 3675 1
2 296 2375 3675 1
2 297 2175 3675 1
2 298 4775 3225 5
3 0 2156 1639 2
3 2 2355 1640 2
3 12 3900 1625 3
3 16 4375 1675 3
3 22 4710 1565 3
3 24 5010 1565 3
3 27 5460 1565 3
3 30 6525 1575 1
3 32 6675 1725 1
3 33 6525 1725 1
3 36 7260 1575 1
3 41 7409 1576 1
3 44 7710 1575 1
3 46 7875 1575 1
3 47 7975 1575 1
3 49 8175 1575 1
3 54 8820 1928 5
3 56 7725 1825 1
3 58 7475 1975 1
3 59 7625 1925 1
3 61 7075 1975 1
3 62 6825 1925 1
3 64 6975 2075 1
3 65 6675 1925 1
3 67 6425 2075 1
3 68 6000 1975 1
3 69 6025 2075 1
3 73 5525 1825 3
3 75 4975 2025 3
3 78 4775 1875 3
3 82 4425 2050 3
3 83 4525 2050 3
3 85 4125 2050 3
3 88 3875 2075 3
3 96 4275 2325 3
3 99 4600 2225 3
3 101 4775 2125 3
3 103 5450 2375 3
3 105 7275 2275 1
3 107 7425 2325 1
3 114 8725 2375 5
3 115 8703 2197 5
3 120 8375 2600 5
3 124 8225 2600 5
3 125 8125 2575 5
3 127 7750 2650 5
3 131 5250 2400 3
3 134 5075 2575 3
3 135 4975 2525 3
3 139 4175 2625 3
3 143 2925 2425 2
3 150 2249 2786 2
3 152 2451 2785 2
3 155 2925 2925 2
3 158 3925 2900 6
3 161 4975 2825 6
3 167 6025 2875 4
3 171 7875 2775 5
3 174 8125 2775 5
3 177 8125 2975 5
3 178 7975 2975 5
3 181 8775 3025 5
3 191 7600 3175 5
3 193 7425 3125 5
3 195 7325 3225 4
3 196 6125 3025 4
3 204 4575 3125 6
3 206 4425 3200 6
3 209 4275 3125 6
3 212 3875 3275 6
3 215 3925 3475 6
3 216 3825 3475 6
3 217 3975 3375 6
3 222 4500 3300 6
3 228 4975 3325 6
3 229 5175 3475 6
3 232 5275 3525 6
3 233 6050 3375 4
3 234 5908 3574 4
3 235 6450 3375 4
3 237 6575 3525 4
3 250 7725 3375 5
3 255 8575 3325 5
3 257 8675 3800 5
3 262 8175 3625 5
3 268 7075 3675 4
3 269 7150 3750 4
3 270 6975 3725 4
3 271 6575 3750 4
3 272 6375 3750 4
3 276 5375 3675 6
3 277 5075 3800 6
3 279 4675 3675 6
3 280 4925 3800 6
3 282 4775 3675 6
3 284 4425 3675 6
3 285 4325 3725 6
3 287 3625 3750 6
3 291 3125 3725 2
3 292 2925 3725 2
