1 5 2556 1639 4
1 8 3375 1600 4
1 16 4375 1675 3
1 22 4710 1565 3
1 25 5160 1565 3
1 32 6675 1725 5
1 37 7259 1576 5
1 38 7625 1775 5
1 40 7560 1575 5
1 41 7409 1576 5
1 42 7560 1576 5
1 43 7825 1675 5
1 52 8475 1575 5
1 54 8820 1928 5
1 58 7475 1975 5
1 59 7625 1925 5
1 70 5675 1825 3
1 71 5275 1825 3
1 72 5425 1825 3
1 73 5525 1825 3
1 77 5075 2075 3
1 78 4775 1875 3
1 87 3875 1900 4
1 91 2925 1875 4
1 92 2925 2150 4
1 95 4275 2225 3
1 98 4525 2150 3
1 101 4775 2125 3
1 107 7425 2325 5
1 109 7475 2175 5
1 114 8725 2375 1
1 121 8475 2600 1
1 124 8225 2600 1
1 128 5350 2400 3
1 129 5450 2525 3
1 136 5025 2675 3
1 141 3725 2450 4
1 144 2575 2525 4
1 147 2375 2525 4
1 150 2249 2786 4
1 152 2451 2785 4
1 155 2925 2925 4
1 156 3325 2900 4
1 162 5075 2775 2
1 169 7425 2875 1
1 177 8125 2975 1
1 179 8775 2825 1
1 180 8775 2925 1
1 181 8775 3025 1
1 182 8775 3125 1
1 186 8075 3075 1
1 187 7975 3275 1
1 189 7825 3125 1
1 192 7425 3275 1
1 199 5275 3250 2
1 201 5175 3150 2
1 213 2925 3198 6
1 214 2925 3475 6
1 217 3975 3375 6
1 220 4175 3400 2
1 222 4500 3300 2
1 223 4400 3300 2
1 224 4725 3525 2
1 226 4775 3375 2
1 227 5175 3300 2
1 228 4975 3325 2
1 231 5375 3525 2
1 232 5275 3525 2
1 233 6050 3375 2
1 235 6450 3375 2
1 239 6875 3325 1
1 243 7625 3525 1
1 249 7825 3375 1
1 254 8325 3525 1
1 255 8575 3325 1
1 256 8775 3700 1
1 257 8675 3800 1
1 258 8575 3700 1
1 259 8425 3625 1
1 262 8175 3625 1
1 264 8075 3775 1
1 267 7875 3675 1
1 270 6975 3725 1
1 271 6575 3750 2
1 274 5325 3775 2
1 278 5204 3772 2
1 280 4925 3800 2
1 285 4325 3725 2
1 287 3625 3750 6
1 288 3475 3750 6
1 289 3225 3750 6
1 290 3325 3750 6
1 292 2925 3725 6
1 293 2575 3675 6
1 294 2675 3675 6
1 295 2275 3675 6
1 296 2375 3675 6
1 297 2175 3675 6
1 298 4775 3225 2
2 1 2456 1639 2
2 4 2656 1640 2
2 6 2975 1725 2
2 7 3275 1600 2
2 9 3475 1600 2
2 13 3875 1775 4
2 14 4275 1625 4
2 15 4275 1725 4
2 19 4550 1750 4
2 20 4560 1565 4
2 21 4775 1725 4
2 29 6375 1575 3
2 30 6525 1575 3
2 31 6675 1575 3
2 33 6525 1725 3
2 45 7711 1575 3
2 46 7875 1575 3
2 51 8375 1575 3
2 56 7725 1825 3
2 60 7575 2075 3
2 61 7075 1975 3
2 63 6775 2075 3
2 66 6200 1975 3
2 74 5025 1825 4
2 79 4925 1925 4
2 83 4525 2050 4
2 86 4275 2050 4
2 89 3975 1975 4
2 96 4275 2325 4
2 97 4425 2150 4
2 99 4600 2225 4
2 100 4600 2325 4
2 104 6775 2225 3
2 105 7275 2275 3
2 108 7525 2375 3
2 117 8575 2450 5
2 118 8725 2525 5
2 120 8375 2600 5
2 122 7975 2475 5
2 123 8225 2500 5
2 125 8125 2575 5
2 127 7750 2650 5
2 132 5175 2475 4
2 133 5175 2675 6
2 137 4875 2675 4
2 138 4175 2425 4
2 140 3925 2450 4
2 143 2925 2425 2
2 146 2275 2525 2
2 148 2175 2525 2
2 153 2552 2785 2
2 154 2651 2787 2
2 159 4175 2925 1
2 164 5450 2825 6
2 168 7575 2875 5
2 172 7825 2925 5
2 173 7750 2800 5
2 174 8125 2775 5
2 176 8025 2775 5
2 188 7975 3075 5
2 190 7575 3075 5
2 194 7425 3025 5
2 195 7325 3225 5
2 197 6025 3175 6
2 198 5375 3250 6
2 202 5075 3275 6
2 203 4525 3200 1
2 206 4425 3200 1
2 207 4325 3200 1
2 209 4275 3125 1
2 211 3975 3275 1
2 219 4275 3300 1
2 221 4125 3300 1
2 229 5175 3475 6
2 230 5025 3450 6
2 237 6575 3525 6
2 242 7150 3475 5
2 250 7725 3375 5
2 251 8225 3425 5
2 252 8225 3325 5
2 253 8475 3525 5
2 260 8325 3625 5
2 261 8375 3775 5
2 263 8225 3775 5
2 265 8075 3675 5
2 266 7925 3775 5
2 268 7075 3675 5
2 269 7150 3750 5
2 272 6375 3750 6
2 273 5975 3750 6
2 275 5275 3675 6
2 276 5375 3675 6
2 277 5075 3800 6
2 279 4675 3675 1
2 281 4925 3675 6
2 282 4775 3675 1
2 283 4575 3675 1
2 284 4425 3675 1
2 286 3825 3650 1
2 291 3125 3725 1
3 0 2156 1639 6
3 2 2355 1640 6
3 3 2256 1640 6
3 10 3575 1600 5
3 11 3700 1600 5
3 12 3900 1625 5
3 17 4500 1675 5
3 18 4450 1750 5
3 23 4860 1565 5
3 24 5010 1565 5
3 26 5310 1565 5
3 27 5460 1565 3
3 28 5610 1565 3
3 34 6875 1575 2
3 35 7075 1575 2
3 36 7260 1575 2
3 39 7410 1575 2
3 44 7710 1575 2
3 47 7975 1575 2
3 48 8075 1575 2
3 49 8175 1575 2
3 50 8275 1575 2
3 53 8825 1625 2
3 55 8825 1825 2
3 57 7725 1975 2
3 62 6825 1925 2
3 64 6975 2075 2
3 65 6675 1925 2
3 67 6425 2075 3
3 68 6000 1975 3
3 69 6025 2075 3
3 75 4975 2025 5
3 76 5075 1925 5
3 80 4675 1950 5
3 81 4775 1975 5
3 82 4425 2050 5
3 84 4175 1950 5
3 85 4125 2050 5
3 88 3875 2075 5
3 90 3975 2075 5
3 93 4175 2150 5
3 94 4325 2150 5
3 102 5175 2325 3
3 103 5450 2375 3
3 106 7075 2175 2
3 110 7775 2350 2
3 111 7825 2175 2
3 112 7875 2350 2
3 113 8825 2225 2
3 115 8703 2197 2
3 116 8825 2425 2
3 119 8625 2600 2
3 126 7975 2625 4
3 130 5450 2675 3
3 131 5250 2400 3
3 134 5075 2575 3
3 135 4975 2525 3
3 139 4175 2625 1
3 142 3325 2450 6
3 145 2675 2525 6
3 149 2148 2786 6
3 151 2352 2786 6
3 157 3725 2900 1
3 158 3925 2900 1
3 160 4175 2725 1
3 161 4975 2825 3
3 163 5175 2875 3
3 165 5450 2925 3
3 166 6125 2875 3
3 167 6025 2875 3
3 170 7925 2875 4
3 171 7875 2775 4
3 175 8075 2875 4
3 178 7975 2975 4
3 183 8775 3275 4
3 184 8625 3225 4
3 185 8525 3225 4
3 191 7600 3175 4
3 193 7425 3125 4
3 196 6125 3025 3
3 200 5450 3025 3
3 204 4575 3125 1
3 205 4575 3025 1
3 208 4175 3200 1
3 210 4275 3025 1
3 212 3875 3275 1
3 215 3925 3475 1
3 216 3825 3475 1
3 218 4325 3575 1
3 225 4675 3400 1
3 234 5908 3574 3
3 236 6675 3325 4
3 238 6975 3525 4
3 240 6775 3425 4
3 241 7150 3325 4
3 244 7575 3425 4
3 245 7475 3525 4
3 246 7425 3425 4
3 247 7825 3525 4
3 248 7725 3525 4
