0 2156 1639 0 0 1 0 0 0
0 2456 1639 0 0 1 0 0 0
0 2355 1640 0 0 1 0 0 0
0 2256 1640 0 0 1 0 0 0
0 2656 1640 0 0 1 0 0 0
0 2556 1639 0 0 1 0 0 0
0 2975 1725 0 0 1 0 0 0
0 3275 1600 0 1 0 0 0 0
0 3375 1600 0 1 0 0 0 0
0 3475 1600 0 1 0 0 0 0
0 3575 1600 0 1 0 0 0 0
0 3700 1600 0 1 0 0 0 0
0 3900 1625 0 1 0 0 0 0
0 3875 1775 0 1 0 0 0 0
0 4275 1625 0 1 0 0 0 0
0 4275 1725 0 1 0 0 0 0
0 4375 1675 0 1 0 0 0 0
0 4500 1675 0 1 0 0 0 0
0 4450 1750 0 1 0 0 0 0
0 4550 1750 0 1 0 0 0 0
0 4560 1565 0 1 0 0 0 0
0 4775 1725 0 1 0 0 0 0
0 4710 1565 0 1 0 0 0 0
0 4860 1565 0 1 0 0 0 0
0 5010 1565 0 1 0 0 0 0
0 5160 1565 0 1 0 0 0 0
0 5310 1565 0 1 0 0 0 0
0 5460 1565 0 1 0 0 0 0
0 5610 1565 0 1 0 0 0 0
0 6375 1575 0 0 0 1 0 0
0 6525 1575 0 0 0 1 0 0
0 6675 1575 0 0 0 1 0 0
0 6675 1725 0 0 0 1 0 0
0 6525 1725 0 0 0 1 0 0
0 6875 1575 0 0 0 1 0 0
0 7075 1575 0 0 0 1 0 0
0 7260 1575 0 0 0 1 0 0
0 7259 1576 0 0 0 1 0 0
0 7625 1775 0 0 0 1 0 0
0 7410 1575 0 0 0 1 0 0
0 7560 1575 0 0 0 1 0 0
0 7409 1576 0 0 0 1 0 0
0 7560 1576 0 0 0 1 0 0
0 7825 1675 0 0 0 1 0 0
0 7710 1575 0 0 0 1 0 0
0 7711 1575 0 0 0 1 0 0
0 7875 1575 0 0 0 1 0 0
0 7975 1575 0 0 0 1 0 0
0 8075 1575 0 0 0 1 0 0
0 8175 1575 0 0 0 1 0 0
0 8275 1575 0 0 0 1 0 0
0 8375 1575 0 0 0 1 0 0
0 8475 1575 0 0 0 1 0 0
0 8825 1625 1 0 0 0 0 0
0 8820 1928 1 0 0 0 0 0
0 8825 1825 1 0 0 0 0 0
0 7725 1825 0 0 0 1 0 0
0 7725 1975 0 0 0 1 0 0
0 7475 1975 0 0 0 1 0 0
0 7625 1925 0 0 0 1 0 0
0 7575 2075 0 0 0 1 0 0
0 7075 1975 0 0 0 1 0 0
0 6825 1925 0 0 0 1 0 0
0 6775 2075 0 0 0 1 0 0
0 6975 2075 0 0 0 1 0 0
0 6675 1925 0 0 0 1 0 0
0 6200 1975 0 0 0 1 0 0
0 6425 2075 0 0 0 1 0 0
0 6000 1975 0 0 0 1 0 0
0 6025 2075 0 0 0 1 0 0
0 5675 1825 0 1 0 0 0 0
0 5275 1825 0 1 0 0 0 0
0 5425 1825 0 1 0 0 0 0
0 5525 1825 0 1 0 0 0 0
0 5025 1825 0 1 0 0 0 0
0 4975 2025 0 1 0 0 0 0
0 5075 1925 0 1 0 0 0 0
0 5075 2075 0 1 0 0 0 0
0 4775 1875 0 1 0 0 0 0
0 4925 1925 0 1 0 0 0 0
0 4675 1950 0 1 0 0 0 0
0 4775 1975 0 1 0 0 0 0
0 4425 2050 0 1 0 0 0 0
0 4525 2050 0 1 0 0 0 0
0 4175 1950 0 1 0 0 0 0
0 4125 2050 0 1 0 0 0 0
0 4275 2050 0 1 0 0 0 0
0 3875 1900 0 1 0 0 0 0
0 3875 2075 0 1 0 0 0 0
0 3975 1975 0 1 0 0 0 0
0 3975 2075 0 1 0 0 0 0
0 2925 1875 0 0 1 0 0 0
0 2925 2150 0 0 1 0 0 0
0 4175 2150 0 1 0 0 0 0
0 4325 2150 0 1 0 0 0 0
0 4275 2225 0 1 0 0 0 0
0 4275 2325 0 1 0 0 0 0
0 4425 2150 0 1 0 0 0 0
0 4525 2150 0 1 0 0 0 0
0 4600 2225 0 1 0 0 0 0
0 4600 2325 0 1 0 0 0 0
0 4775 2125 0 1 0 0 0 0
0 5175 2325 0 0 0 0 0 1
0 5450 2375 0 0 0 0 0 1
0 6775 2225 0 0 0 1 0 0
0 7275 2275 1 0 0 0 0 0
0 7075 2175 0 0 0 1 0 0
0 7425 2325 1 0 0 0 0 0
0 7525 2375 1 0 0 0 0 0
0 7475 2175 1 0 0 0 0 0
0 7775 2350 1 0 0 0 0 0
0 7825 2175 0 0 0 1 0 0
0 7875 2350 0 0 0 1 0 0
0 8825 2225 1 0 0 0 0 0
0 8725 2375 1 0 0 0 0 0
0 8703 2197 1 0 0 0 0 0
0 8825 2425 1 0 0 0 0 0
0 8575 2450 1 0 0 0 0 0
0 8725 2525 1 0 0 0 0 0
0 8625 2600 1 0 0 0 0 0
0 8375 2600 1 0 0 0 0 0
0 8475 2600 1 0 0 0 0 0
0 7975 2475 1 0 0 0 0 0
0 8225 2500 1 0 0 0 0 0
0 8225 2600 1 0 0 0 0 0
0 8125 2575 1 0 0 0 0 0
0 7975 2625 1 0 0 0 0 0
0 7750 2650 1 0 0 0 0 0
0 5350 2400 0 0 0 0 0 1
0 5450 2525 0 0 0 0 0 1
0 5450 2675 0 0 0 0 0 1
0 5250 2400 0 0 0 0 0 1
0 5175 2475 0 0 0 0 0 1
0 5175 2675 0 0 0 0 0 1
0 5075 2575 0 0 0 0 0 1
0 4975 2525 0 0 0 0 0 1
0 5025 2675 0 0 0 0 0 1
0 4875 2675 0 0 0 0 0 1
0 4175 2425 0 1 0 0 0 0
0 4175 2625 0 0 0 0 0 1
0 3925 2450 0 1 0 0 0 0
0 3725 2450 0 1 0 0 0 0
0 3325 2450 0 0 1 0 0 0
0 2925 2425 0 0 1 0 0 0
0 2575 2525 0 0 1 0 0 0
0 2675 2525 0 0 1 0 0 0
0 2275 2525 0 0 1 0 0 0
0 2375 2525 0 0 1 0 0 0
0 2175 2525 0 0 1 0 0 0
0 2148 2786 0 0 1 0 0 0
0 2249 2786 0 0 1 0 0 0
0 2352 2786 0 0 1 0 0 0
0 2451 2785 0 0 1 0 0 0
0 2552 2785 0 0 1 0 0 0
0 2651 2787 0 0 1 0 0 0
0 2925 2925 0 0 1 0 0 0
0 3325 2900 0 0 1 0 0 0
0 3725 2900 0 0 1 0 0 0
0 3925 2900 0 0 1 0 0 0
0 4175 2925 0 0 0 0 0 1
0 4175 2725 0 0 0 0 0 1
0 4975 2825 0 0 0 0 0 1
0 5075 2775 0 0 0 0 0 1
0 5175 2875 0 0 0 0 0 1
0 5450 2825 0 0 0 0 0 1
0 5450 2925 0 0 0 0 0 1
0 6125 2875 0 0 0 0 1 0
0 6025 2875 0 0 0 0 1 0
0 7575 2875 1 0 0 0 0 0
0 7425 2875 1 0 0 0 0 0
0 7925 2875 1 0 0 0 0 0
0 7875 2775 1 0 0 0 0 0
0 7825 2925 1 0 0 0 0 0
0 7750 2800 1 0 0 0 0 0
0 8125 2775 1 0 0 0 0 0
0 8075 2875 1 0 0 0 0 0
0 8025 2775 1 0 0 0 0 0
0 8125 2975 1 0 0 0 0 0
0 7975 2975 1 0 0 0 0 0
0 8775 2825 1 0 0 0 0 0
0 8775 2925 1 0 0 0 0 0
0 8775 3025 1 0 0 0 0 0
0 8775 3125 1 0 0 0 0 0
0 8775 3275 1 0 0 0 0 0
0 8625 3225 1 0 0 0 0 0
0 8525 3225 1 0 0 0 0 0
0 8075 3075 1 0 0 0 0 0
0 7975 3275 1 0 0 0 0 0
0 7975 3075 1 0 0 0 0 0
0 7825 3125 1 0 0 0 0 0
0 7575 3075 1 0 0 0 0 0
0 7600 3175 1 0 0 0 0 0
0 7425 3275 0 0 0 0 1 0
0 7425 3125 0 0 0 0 1 0
0 7425 3025 1 0 0 0 0 0
0 7325 3225 0 0 0 0 1 0
0 6125 3025 0 0 0 0 1 0
0 6025 3175 0 0 0 0 1 0
0 5375 3250 0 0 0 0 0 1
0 5275 3250 0 0 0 0 0 1
0 5450 3025 0 0 0 0 0 1
0 5175 3150 0 0 0 0 0 1
0 5075 3275 0 0 0 0 0 1
0 4525 3200 0 0 0 0 0 1
0 4575 3125 0 0 0 0 0 1
0 4575 3025 0 0 0 0 0 1
0 4425 3200 0 0 0 0 0 1
0 4325 3200 0 0 0 0 0 1
0 4175 3200 0 0 1 0 0 0
0 4275 3125 0 0 0 0 0 1
0 4275 3025 0 0 0 0 0 1
0 3975 3275 0 0 1 0 0 0
0 3875 3275 0 0 1 0 0 0
0 2925 3198 0 0 1 0 0 0
0 2925 3475 0 0 1 0 0 0
0 3925 3475 0 0 1 0 0 0
0 3825 3475 0 0 1 0 0 0
0 3975 3375 0 0 1 0 0 0
0 4325 3575 0 0 0 0 0 1
0 4275 3300 0 0 1 0 0 0
0 4175 3400 0 0 0 0 0 1
0 4125 3300 0 0 0 0 0 1
0 4500 3300 0 0 0 0 0 1
0 4400 3300 0 0 0 0 0 1
0 4725 3525 0 0 0 0 0 1
0 4675 3400 0 0 0 0 0 1
0 4775 3375 0 0 0 0 0 1
0 5175 3300 0 0 0 0 0 1
0 4975 3325 0 0 0 0 0 1
0 5175 3475 0 0 0 0 0 1
0 5025 3450 0 0 0 0 0 1
0 5375 3525 0 0 0 0 0 1
0 5275 3525 0 0 0 0 0 1
0 6050 3375 0 0 0 0 1 0
0 5908 3574 0 0 0 0 1 0
0 6450 3375 0 0 0 0 1 0
0 6675 3325 0 0 0 0 1 0
0 6575 3525 0 0 0 0 1 0
0 6975 3525 0 0 0 0 1 0
0 6875 3325 0 0 0 0 1 0
0 6775 3425 0 0 0 0 1 0
0 7150 3325 0 0 0 0 1 0
0 7150 3475 0 0 0 0 1 0
0 7625 3525 1 0 0 0 0 0
0 7575 3425 1 0 0 0 0 0
0 7475 3525 0 0 0 0 1 0
0 7425 3425 0 0 0 0 1 0
0 7825 3525 1 0 0 0 0 0
0 7725 3525 1 0 0 0 0 0
0 7825 3375 1 0 0 0 0 0
0 7725 3375 1 0 0 0 0 0
0 8225 3425 1 0 0 0 0 0
0 8225 3325 1 0 0 0 0 0
0 8475 3525 1 0 0 0 0 0
0 8325 3525 1 0 0 0 0 0
0 8575 3325 1 0 0 0 0 0
0 8775 3700 1 0 0 0 0 0
0 8675 3800 1 0 0 0 0 0
0 8575 3700 1 0 0 0 0 0
0 8425 3625 1 0 0 0 0 0
0 8325 3625 1 0 0 0 0 0
0 8375 3775 1 0 0 0 0 0
0 8175 3625 1 0 0 0 0 0
0 8225 3775 1 0 0 0 0 0
0 8075 3775 1 0 0 0 0 0
0 8075 3675 1 0 0 0 0 0
0 7925 3775 1 0 0 0 0 0
0 7875 3675 1 0 0 0 0 0
0 7075 3675 0 0 0 0 1 0
0 7150 3750 0 0 0 0 1 0
0 6975 3725 0 0 0 0 1 0
0 6575 3750 0 0 0 0 1 0
0 6375 3750 0 0 0 0 1 0
0 5975 3750 0 0 0 0 1 0
0 5325 3775 0 0 0 0 0 1
0 5275 3675 0 0 0 0 0 1
0 5375 3675 0 0 0 0 0 1
0 5075 3800 0 0 0 0 0 1
0 5204 3772 0 0 0 0 0 1
0 4675 3675 0 0 0 0 0 1
0 4925 3800 0 0 0 0 0 1
0 4925 3675 0 0 0 0 0 1
0 4775 3675 0 0 0 0 0 1
0 4575 3675 0 0 0 0 0 1
0 4425 3675 0 0 0 0 0 1
0 4325 3725 0 0 0 0 0 1
0 3825 3650 0 0 1 0 0 0
0 3625 3750 0 0 1 0 0 0
0 3475 3750 0 0 1 0 0 0
0 3225 3750 0 0 1 0 0 0
0 3325 3750 0 0 1 0 0 0
0 3125 3725 0 0 1 0 0 0
0 2925 3725 0 0 1 0 0 0
0 2575 3675 0 0 1 0 0 0
0 2675 3675 0 0 1 0 0 0
0 2275 3675 0 0 1 0 0 0
0 2375 3675 0 0 1 0 0 0
0 2175 3675 0 0 1 0 0 0
0 4775 3225 0 0 0 0 0 1
