1 0 435.841 587.522 5
1 4 796.042 796.519 2
1 5 88.9064 838.954 6
1 10 593.326 968.644 9
1 11 946.1 432.995 7
1 13 861.254 754.12 2
1 15 963.227 965.824 2
1 16 125.872 536.987 3
1 25 196.656 613.862 3
1 30 979.153 716.97 2
1 31 489.418 957.946 9
1 35 168.54 974.806 6
1 42 963.235 442.629 7
1 43 460.829 255.503 1
1 44 385.534 487.846 5
1 47 331.283 923.481 6
1 52 126.307 27.0835 8
1 57 30.6059 881.315 6
1 60 764.19 227.841 4
1 63 195.225 821.483 6
1 64 171.854 111.942 8
1 66 132.524 507.626 3
1 68 267.929 788.352 6
1 69 792.919 136.517 4
1 73 672.67 141.516 4
1 74 795.061 496.701 7
1 75 298.827 796.84 6
1 76 91.6001 378.018 10
1 78 370.272 274.581 1
1 79 789.206 738.168 2
1 80 800.35 158.589 4
1 81 748.357 537.031 7
1 83 148.737 95.1072 8
1 85 972.905 220.419 4
1 86 40.56 259.589 10
1 92 835.669 882.708 2
1 97 1.94865 712.335 3
1 98 730.64 446.995 7
1 99 580.371 933.465 9
1 102 659.297 693.415 9
1 104 801.207 327.664 7
1 108 569.788 359.946 5
1 109 505.772 795.094 9
1 116 175.187 551.629 3
1 120 368.488 322.474 1
1 121 618.453 808.454 9
1 124 942.046 733.577 2
1 129 439.629 819.344 9
1 130 959.404 382.332 7
1 137 901.1 207.153 4
1 138 607.208 778.844 9
1 142 725.65 402.263 7
1 145 980.879 821.977 2
1 147 541.69 818.375 9
1 152 134 228.874 10
1 155 267.979 69.0196 8
1 156 476.475 711.843 9
1 158 217.245 20.1127 8
1 159 165.471 811.813 6
1 160 381.612 457.549 5
1 165 678.108 546.502 5
1 166 176.011 611.721 3
1 170 850.689 321.301 7
1 171 745.771 57.0821 4
1 182 967.473 235.618 4
1 184 153.897 253.897 10
1 189 190.116 9.77048 8
1 196 85.7052 33.6732 8
1 200 417.302 581.199 5
1 208 636.977 852.552 9
1 209 382.491 96.1738 1
1 214 642.573 589.53 5
1 215 228.193 537.552 3
1 216 645.769 36.6176 4
1 217 881.955 436.361 7
1 219 811.997 466.21 7
1 220 963.481 584.969 7
1 223 518.363 989.629 9
1 224 272.482 202.425 1
1 225 762.214 751.456 2
1 228 399.475 192.268 1
1 230 814.209 436.493 7
1 231 291.053 292.049 1
1 236 344.656 388.185 1
1 238 491.148 328.614 1
1 239 25.5217 669.796 3
1 241 980.725 735.09 2
1 245 557.17 378.511 5
1 247 805.435 372.793 7
1 250 415.46 823.742 9
1 252 325.896 907.59 6
1 258 360.033 175.038 1
1 262 176.023 365.196 10
1 263 606.972 355.066 5
1 265 852.864 824.65 2
1 267 93.5555 531.101 3
1 270 231.083 960.553 6
1 273 709.83 561.077 7
1 276 886.343 4.94442 4
1 281 178.085 519.553 3
1 286 273.595 173.028 1
1 289 540.007 528.659 5
1 291 995.164 77.7478 4
1 296 868.559 484.797 7
1 297 91.7265 661.356 3
1 299 414.131 748.199 9
1 300 236.206 683.44 3
1 301 974.766 171.802 4
1 303 334.192 594.83 3
1 304 561.254 14.0532 1
1 308 236.339 400.124 10
1 310 430.779 816.476 9
1 312 344.638 230.393 1
1 319 344.937 837.515 6
1 320 920.634 460.336 7
1 321 950.473 33.9817 4
1 323 826.839 234.883 4
1 326 477.087 834.773 9
1 327 189.042 621.271 3
1 328 500.418 885.256 9
1 329 807.777 879.354 2
1 333 740.572 359.87 7
1 338 463.399 711.7 9
1 340 257.615 814.539 6
1 346 286.889 436.077 3
1 347 34.4571 282.052 10
1 351 534.254 449.898 5
1 352 891.084 771.611 2
1 354 800.506 368.529 7
1 355 6.5945 196.999 10
1 356 122.621 436.923 10
1 359 603.56 723.736 9
1 361 498.328 926.571 9
1 366 560.439 622.937 5
2 3 444.217 553.301 4
2 7 476.864 203.976 8
2 8 406.271 601.839 4
2 12 83.0742 601.487 1
2 19 691.414 576.653 2
2 22 404.171 942.218 6
2 26 913.249 428.902 9
2 27 828.34 584.111 2
2 36 806.139 537.748 9
2 40 156.444 178.995 7
2 46 279.893 896.021 6
2 49 511.528 60.4103 8
2 51 870.562 747.862 2
2 53 25.7158 384.711 1
2 54 550.99 317.71 8
2 59 547.886 870.165 6
2 65 599.164 587.5 4
2 87 192.47 292.712 7
2 88 24.0393 509.808 1
2 95 653.011 671.869 2
2 96 628.285 197.058 8
2 100 377.453 863.505 6
2 103 700.979 439.308 9
2 105 755.117 581.702 2
2 107 607.71 673.196 2
2 111 615.258 416.034 9
2 112 433.068 854.106 6
2 113 226.997 149.199 7
2 115 756.359 997.073 10
2 117 207.262 753.08 3
2 123 347.487 932.543 6
2 131 659.332 989.174 10
2 132 475.22 422.92 4
2 133 734.709 76.166 5
2 134 844.594 856.238 10
2 135 10.2508 829.527 3
2 139 682.389 84.7105 8
2 140 840.931 757.357 2
2 143 882.698 149.994 5
2 148 509.211 164.053 8
2 153 167.243 943.593 3
2 154 156.372 445.891 1
2 157 456.946 809.262 6
2 161 310.765 220.815 7
2 163 135.318 579.262 1
2 168 416.783 521.535 4
2 169 852.354 420.312 9
2 172 104.725 588.78 1
2 173 64.3447 87.0233 7
2 174 417.205 194.188 8
2 175 884.474 559.131 2
2 177 262.003 425.604 1
2 178 669.764 662.314 2
2 179 420.178 34.4287 8
2 180 424.972 239.973 8
2 181 615.069 4.82106 8
2 183 180.64 963.276 3
2 187 701.018 43.4543 8
2 192 547.387 204.852 8
2 194 756.586 917.899 10
2 195 172.306 772.747 3
2 197 904.883 126.216 5
2 204 117.937 480.467 1
2 205 295.533 923.189 6
2 206 879.339 967.331 10
2 207 889.914 107.701 5
2 211 759.957 814.02 10
2 213 244.594 473.987 1
2 218 680.574 156.194 8
2 221 312.678 611.344 4
2 227 783.667 742.083 2
2 229 32.4988 938.751 3
2 233 92.7453 433.967 1
2 235 175.856 408.861 1
2 244 543.707 996.057 6
2 248 462.037 417.062 4
2 249 818.209 629.891 2
2 253 512.472 906.526 6
2 255 374.105 494.356 4
2 260 260.672 213.383 7
2 261 934.248 685.015 2
2 280 775.352 780.347 2
2 282 988.743 256.46 5
2 284 236.126 494.214 1
2 287 49.9968 742.733 3
2 290 786.058 432.582 9
2 294 304.468 535.688 4
2 302 732.088 320.501 9
2 305 33.0116 545.758 1
2 307 197.287 1.98716 7
2 314 257.178 178.95 7
2 316 109.638 555.178 1
2 318 438.962 136.901 8
2 322 123.803 911.149 3
2 331 680.526 979.535 10
2 332 752.455 173.084 5
2 336 782.186 687.569 2
2 339 99.6077 192.347 7
2 342 172.907 173.232 7
2 343 483.206 814.332 6
2 348 382.173 228.74 8
2 350 957.659 25.5349 5
2 357 517.93 649.464 4
2 358 235.387 41.3129 7
2 363 779.11 99.0186 5
2 364 582.097 75.6071 8
2 368 90.496 16.7955 7
2 369 760.5 411.841 9
2 371 995.853 234.577 5
2 373 989.579 47.3211 5
2 375 961.419 413.034 9
2 377 827.455 580.479 2
2 378 35.7801 990.366 3
2 381 738.931 820.767 10
2 382 274.222 258.428 7
2 383 82.5408 643.565 1
2 384 592.712 764.167 6
2 385 724.782 471.166 9
2 386 778.131 902.453 10
2 387 885.712 666.382 2
2 388 26.8873 163.883 7
2 389 741.314 972.935 10
2 390 165.76 712.313 3
2 391 256.231 126.549 7
2 392 927.385 899.534 10
2 393 524.925 53.7248 8
2 394 72.1925 423.799 1
2 395 367.23 863.354 6
2 396 349.224 799.328 6
2 397 127.116 42.9147 7
2 398 587.637 139.566 8
2 399 22.8315 355.085 1
3 1 602.539 801.704 7
3 2 861.563 954.019 1
3 6 233.569 850.798 6
3 9 954.573 785.053 1
3 14 247.619 698.637 10
3 17 563.237 20.7366 5
3 18 55.259 619.092 10
3 20 237.167 707.298 10
3 21 583.448 609.201 7
3 23 15.771 614.642 10
3 24 20.0806 62.8968 3
3 28 49.6047 40.6059 3
3 29 271.361 736.904 10
3 32 817.106 281.12 8
3 33 332.771 466.52 9
3 34 278.353 945.623 4
3 37 445.404 306.86 5
3 38 306.696 552.626 10
3 39 555.492 359.315 5
3 41 140.141 704.084 10
3 45 931.464 198.146 8
3 48 33.5356 889.86 6
3 50 232.874 327.742 9
3 55 421.545 669.856 7
3 56 699.395 641.832 7
3 58 486.626 987.924 4
3 61 489.34 885.471 4
3 62 908.764 483.318 2
3 67 327.208 868.8 4
3 70 156.993 187.479 3
3 71 186.101 903.489 6
3 72 745.996 818.744 1
3 77 917.898 105.225 8
3 82 486.979 88.5907 5
3 84 231.984 10.131 3
3 89 316.686 311.822 9
3 90 494.944 163.27 5
3 91 525.118 681.256 7
3 93 775.205 181.054 8
3 94 109.477 27.3525 3
3 101 258.125 251.372 9
3 106 168.354 774.785 10
3 110 692.786 475.055 2
3 114 326.41 615.676 10
3 118 127.313 986.134 6
3 119 245.176 595.849 10
3 122 284.623 905.817 4
3 125 923.029 410.17 2
3 126 153.759 230.999 3
3 127 476.331 253.181 5
3 128 232.085 588.069 10
3 136 359.094 688.825 10
3 141 449.959 883.516 4
3 144 429.87 229.253 5
3 146 578.122 545.104 7
3 149 875.589 251.226 8
3 150 101.219 820.45 6
3 151 485.894 5.4797 5
3 162 2.19756 25.8493 3
3 164 257.714 332.927 9
3 167 560.389 331.015 5
3 176 868.707 180.065 8
3 185 138.308 544.775 10
3 186 23.8826 240.295 3
3 188 951.537 792.325 1
3 190 347.579 997.518 4
3 191 331.085 8.82753 5
3 193 776.794 291.288 8
3 198 87.5416 389.28 9
3 199 21.9732 102.51 3
3 201 205.641 477.219 9
3 202 486.743 625.481 7
3 203 372.177 77.9249 5
3 210 134.598 416.191 9
3 212 44.5069 940.863 6
3 222 853.959 621.638 2
3 226 648.783 603.79 7
3 232 607.013 13.6116 5
3 234 769.072 182.917 8
3 237 227.183 343.604 9
3 240 789.06 180.381 8
3 242 58.1823 207.452 3
3 243 195.262 304.483 9
3 246 256.513 606.643 10
3 251 203.288 280.22 9
3 254 826.909 802.719 1
3 256 599.164 619.972 7
3 257 327.353 384.372 9
3 259 809.911 758.316 1
3 264 667.645 810.279 1
3 266 746.32 56.0444 8
3 268 818.774 606.902 2
3 269 746.616 491.772 2
3 271 683.546 930.491 1
3 272 431.006 685.786 7
3 274 452.184 663.382 7
3 275 384.806 812.568 4
3 277 52.5835 271.001 3
3 278 152.733 951.553 6
3 279 808.889 763.527 1
3 283 114.258 377.412 9
3 285 314.339 438.079 9
3 288 6.42906 353.95 9
3 292 509.984 834.341 4
3 293 890.36 307.257 8
3 295 473.917 22.3053 5
3 298 616.789 748.507 7
3 306 451.636 797.971 4
3 309 747.866 360.265 2
3 311 21.823 256.845 3
3 313 754.786 929.344 1
3 315 233.293 789.181 10
3 317 818.496 388.539 2
3 324 967.716 166.523 8
3 325 763.859 558.636 2
3 330 6.13562 122.624 3
3 334 494.045 199.61 5
3 335 225.447 556.169 10
3 337 559.929 171.432 5
3 341 42.8894 926.489 6
3 344 537.144 893.849 4
3 345 2.99018 973.272 6
3 349 407.053 857.824 4
3 353 609.907 714.945 7
3 360 910.373 948.618 1
3 362 548.665 952.849 4
3 365 214.744 82.1886 3
3 367 693.672 555.594 2
3 370 626.521 526.724 7
3 372 918.947 876.684 1
3 374 377.688 314.408 9
3 376 825.413 709.361 1
3 379 620.154 281.819 5
3 380 109.524 120.779 3
