1 37 445.404 306.86 10
1 238 491.148 328.614 10
1 43 460.829 255.503 10
1 127 476.331 253.181 10
1 180 424.972 239.973 10
1 144 429.87 229.253 10
1 374 377.688 314.408 10
1 54 550.99 317.71 10
1 120 368.488 322.474 10
1 78 370.272 274.581 10
1 71 186.101 903.489 8
1 63 195.225 821.483 8
1 159 165.471 811.813 8
1 322 123.803 911.149 8
1 6 233.569 850.798 8
1 153 167.243 943.593 8
1 278 152.733 951.553 8
1 150 101.219 820.45 8
1 5 88.9064 838.954 8
1 183 180.64 963.276 8
1 106 168.354 774.785 8
1 195 172.306 772.747 8
1 315 233.293 789.181 8
1 366 560.439 622.937 7
1 21 583.448 609.201 7
1 256 599.164 619.972 7
1 357 517.93 649.464 7
1 107 607.71 673.196 7
1 65 599.164 587.5 7
1 91 525.118 681.256 7
1 202 486.743 625.481 7
1 353 609.907 714.945 7
1 226 648.783 603.79 7
1 214 642.573 589.53 7
1 146 578.122 545.104 7
1 95 653.011 671.869 7
1 359 603.56 723.736 7
1 176 868.707 180.065 9
1 143 882.698 149.994 9
1 197 904.883 126.216 9
1 137 901.1 207.153 9
1 207 889.914 107.701 9
1 80 800.35 158.589 9
1 69 792.919 136.517 9
1 240 789.06 180.381 9
1 45 931.464 198.146 9
1 77 917.898 105.225 9
1 323 826.839 234.883 9
1 93 775.205 181.054 9
1 254 826.909 802.719 4
1 265 852.864 824.65 4
1 4 796.042 796.519 4
1 140 840.931 757.357 4
1 279 808.889 763.527 4
1 259 809.911 758.316 4
1 13 861.254 754.12 4
1 134 844.594 856.238 4
1 280 775.352 780.347 4
1 352 891.084 771.611 4
1 51 870.562 747.862 4
1 211 759.957 814.02 4
1 79 789.206 738.168 4
1 227 783.667 742.083 4
1 92 835.669 882.708 4
1 329 807.777 879.354 4
1 225 762.214 751.456 4
1 40 156.444 178.995 1
1 70 156.993 187.479 1
1 342 172.907 173.232 1
1 380 109.524 120.779 1
1 339 99.6077 192.347 1
1 64 171.854 111.942 1
1 83 148.737 95.1072 1
1 152 134 228.874 1
1 126 153.759 230.999 1
1 113 226.997 149.199 1
1 242 58.1823 207.452 1
1 184 153.897 253.897 1
1 173 64.3447 87.0233 1
1 365 214.744 82.1886 1
1 388 26.8873 163.883 1
1 397 127.116 42.9147 1
1 314 257.178 178.95 1
1 230 814.209 436.493 5
1 219 811.997 466.21 5
1 169 852.354 420.312 5
1 290 786.058 432.582 5
1 317 818.496 388.539 5
1 217 881.955 436.361 5
1 296 868.559 484.797 5
1 74 795.061 496.701 5
1 247 805.435 372.793 5
1 369 760.5 411.841 5
1 354 800.506 368.529 5
1 26 913.249 428.902 5
1 61 489.34 885.471 2
1 141 449.959 883.516 2
1 328 500.418 885.256 2
1 253 512.472 906.526 2
1 326 477.087 834.773 2
1 112 433.068 854.106 2
1 361 498.328 926.571 2
1 292 509.984 834.341 2
1 344 537.144 893.849 2
1 343 483.206 814.332 2
1 349 407.053 857.824 2
1 129 439.629 819.344 2
1 157 456.946 809.262 2
1 49 511.528 60.4103 3
1 393 524.925 53.7248 3
1 82 486.979 88.5907 3
1 364 582.097 75.6071 3
1 398 587.637 139.566 3
1 17 563.237 20.7366 3
1 148 509.211 164.053 3
1 304 561.254 14.0532 3
1 90 494.944 163.27 3
1 337 559.929 171.432 3
1 281 178.085 519.553 6
1 116 175.187 551.629 6
1 215 228.193 537.552 6
1 201 205.641 477.219 6
1 335 225.447 556.169 6
1 284 236.126 494.214 6
1 185 138.308 544.775 6
1 66 132.524 507.626 6
1 16 125.872 536.987 6
1 213 244.594 473.987 6
1 128 232.085 588.069 6
1 163 135.318 579.262 6
1 154 156.372 445.891 6
1 204 117.937 480.467 6
1 316 109.638 555.178 6
1 166 176.011 611.721 6
1 119 245.176 595.849 6
1 25 196.656 613.862 6
1 267 93.5555 531.101 6
1 327 189.042 621.271 6
1 246 256.513 606.643 6
1 172 104.725 588.78 6
2 167 560.389 331.015 8
2 39 555.492 359.315 8
2 348 382.173 228.74 9
2 248 462.037 417.062 8
2 132 475.22 422.92 8
2 174 417.205 194.188 9
2 245 557.17 378.511 8
2 108 569.788 359.946 8
2 228 399.475 192.268 9
2 35 168.54 974.806 4
2 340 257.615 814.539 4
2 270 231.083 960.553 4
2 46 279.893 896.021 4
2 118 127.313 986.134 4
2 117 207.262 753.08 4
2 68 267.929 788.352 4
2 34 278.353 945.623 4
2 48 33.5356 889.86 4
2 341 42.8894 926.489 4
2 57 30.6059 881.315 4
2 212 44.5069 940.863 4
2 178 669.764 662.314 6
2 102 659.297 693.415 6
2 289 540.007 528.659 8
2 156 476.475 711.843 2
2 274 452.184 663.382 2
2 298 616.789 748.507 2
2 370 626.521 526.724 6
2 338 463.399 711.7 2
2 384 592.712 764.167 2
2 56 699.395 641.832 6
2 19 691.414 576.653 6
2 0 435.841 587.522 7
2 272 431.006 685.786 2
2 149 875.589 251.226 5
2 234 769.072 182.917 5
2 363 779.11 99.0186 5
2 324 967.716 166.523 5
2 332 752.455 173.084 5
2 301 974.766 171.802 5
2 60 764.19 227.841 5
2 85 972.905 220.419 5
2 32 817.106 281.12 5
2 182 967.473 235.618 5
2 293 890.36 307.257 5
2 371 995.853 234.577 5
2 72 745.996 818.744 1
2 376 825.413 709.361 1
2 381 738.931 820.767 1
2 372 918.947 876.684 1
2 386 778.131 902.453 1
2 188 951.537 792.325 1
2 9 954.573 785.053 1
2 336 782.186 687.569 1
2 124 942.046 733.577 1
2 392 927.385 899.534 1
2 194 756.586 917.899 1
2 387 885.712 666.382 1
2 145 980.879 821.977 1
2 313 754.786 929.344 1
2 261 934.248 685.015 1
2 2 861.563 954.019 1
2 391 256.231 126.549 3
2 199 21.9732 102.51 3
2 52 126.307 27.0835 3
2 94 109.477 27.3525 3
2 260 260.672 213.383 3
2 196 85.7052 33.6732 3
2 286 273.595 173.028 3
2 330 6.13562 122.624 3
2 251 203.288 280.22 3
2 355 6.5945 196.999 3
2 224 272.482 202.425 3
2 186 23.8826 240.295 3
2 86 40.56 259.589 3
2 277 52.5835 271.001 3
2 87 192.47 292.712 3
2 28 49.6047 40.6059 3
2 368 90.496 16.7955 3
2 269 746.616 491.772 6
2 98 730.64 446.995 6
2 62 908.764 483.318 6
2 320 920.634 460.336 6
2 36 806.139 537.748 6
2 125 923.029 410.17 5
2 385 724.782 471.166 6
2 142 725.65 402.263 6
2 309 747.866 360.265 6
2 104 801.207 327.664 5
2 333 740.572 359.87 6
2 170 850.689 321.301 5
2 59 547.886 870.165 2
2 31 489.418 957.946 2
2 310 430.779 816.476 2
2 250 415.46 823.742 2
2 306 451.636 797.971 2
2 22 404.171 942.218 2
2 109 505.772 795.094 2
2 147 541.69 818.375 2
2 100 377.453 863.505 2
2 362 548.665 952.849 2
2 58 486.626 987.924 2
2 275 384.806 812.568 2
2 223 518.363 989.629 2
2 295 473.917 22.3053 9
2 151 485.894 5.4797 9
2 232 607.013 13.6116 9
2 318 438.962 136.901 9
2 181 615.069 4.82106 9
2 192 547.387 204.852 9
2 334 494.045 199.61 9
2 216 645.769 36.6176 9
2 179 420.178 34.4287 9
2 356 122.621 436.923 10
2 294 304.468 535.688 7
2 235 175.856 408.861 10
2 38 306.696 552.626 7
2 177 262.003 425.604 7
2 210 134.598 416.191 10
2 346 286.889 436.077 7
2 308 236.339 400.124 7
2 233 92.7453 433.967 10
2 12 83.0742 601.487 10
2 285 314.339 438.079 7
2 221 312.678 611.344 7
2 33 332.771 466.52 7
2 394 72.1925 423.799 10
2 262 176.023 365.196 10
2 303 334.192 594.83 7
2 305 33.0116 545.758 10
2 383 82.5408 643.565 10
2 114 326.41 615.676 7
2 283 114.258 377.412 10
2 18 55.259 619.092 10
3 312 344.638 230.393 4
3 89 316.686 311.822 4
3 263 606.972 355.066 9
3 379 620.154 281.819 9
3 351 534.254 449.898 10
3 258 360.033 175.038 4
3 231 291.053 292.049 4
3 111 615.258 416.034 10
3 75 298.827 796.84 1
3 229 32.4988 938.751 3
3 252 325.896 907.59 1
3 135 10.2508 829.527 3
3 47 331.283 923.481 1
3 287 49.9968 742.733 3
3 319 344.937 837.515 1
3 378 35.7801 990.366 3
3 396 349.224 799.328 1
3 345 2.99018 973.272 3
3 395 367.23 863.354 1
3 97 1.94865 712.335 3
3 165 678.108 546.502 7
3 138 607.208 778.844 5
3 3 444.217 553.301 10
3 55 421.545 669.856 10
3 367 693.672 555.594 7
3 200 417.302 581.199 10
3 273 709.83 561.077 7
3 8 406.271 601.839 10
3 1 602.539 801.704 5
3 168 416.783 521.535 10
3 105 755.117 581.702 7
3 136 359.094 688.825 1
3 321 950.473 33.9817 6
3 193 776.794 291.288 9
3 291 995.164 77.7478 6
3 171 745.771 57.0821 9
3 266 746.32 56.0444 9
3 282 988.743 256.46 6
3 276 886.343 4.94442 6
3 350 957.659 25.5349 6
3 373 989.579 47.3211 6
3 218 680.574 156.194 9
3 73 672.67 141.516 9
3 241 980.725 735.09 7
3 360 910.373 948.618 5
3 264 667.645 810.279 5
3 30 979.153 716.97 7
3 206 879.339 967.331 5
3 249 818.209 629.891 7
3 222 853.959 621.638 7
3 389 741.314 972.935 5
3 268 818.774 606.902 7
3 271 683.546 930.491 5
3 15 963.227 965.824 5
3 115 756.359 997.073 5
3 27 828.34 584.111 7
3 377 827.455 580.479 7
3 331 680.526 979.535 5
3 358 235.387 41.3129 2
3 101 258.125 251.372 4
3 24 20.0806 62.8968 2
3 311 21.823 256.845 8
3 155 267.979 69.0196 2
3 189 190.116 9.77048 2
3 158 217.245 20.1127 2
3 243 195.262 304.483 4
3 347 34.4571 282.052 8
3 307 197.287 1.98716 2
3 382 274.222 258.428 4
3 84 231.984 10.131 2
3 161 310.765 220.815 4
3 162 2.19756 25.8493 2
3 399 22.8315 355.085 8
3 288 6.42906 353.95 8
3 11 946.1 432.995 7
3 103 700.979 439.308 7
3 81 748.357 537.031 7
3 325 763.859 558.636 7
3 175 884.474 559.131 7
3 110 692.786 475.055 7
3 42 963.235 442.629 7
3 375 961.419 413.034 7
3 130 959.404 382.332 7
3 302 732.088 320.501 9
3 220 963.481 584.969 7
3 99 580.371 933.465 5
3 244 543.707 996.057 5
3 123 347.487 932.543 1
3 67 327.208 868.8 1
3 299 414.131 748.199 1
3 10 593.326 968.644 5
3 121 618.453 808.454 5
3 208 636.977 852.552 5
3 190 347.579 997.518 1
3 205 295.533 923.189 1
3 122 284.623 905.817 1
3 131 659.332 989.174 5
3 7 476.864 203.976 4
3 96 628.285 197.058 9
3 139 682.389 84.7105 9
3 209 382.491 96.1738 2
3 203 372.177 77.9249 2
3 187 701.018 43.4543 9
3 133 734.709 76.166 9
3 191 331.085 8.82753 2
3 300 236.206 683.44 1
3 88 24.0393 509.808 8
3 198 87.5416 389.28 8
3 297 91.7265 661.356 3
3 76 91.6001 378.018 8
3 237 227.183 343.604 4
3 255 374.105 494.356 10
3 14 247.619 698.637 1
3 41 140.141 704.084 3
3 20 237.167 707.298 1
3 390 165.76 712.313 3
3 257 327.353 384.372 4
3 44 385.534 487.846 10
3 23 15.771 614.642 3
3 50 232.874 327.742 4
3 164 257.714 332.927 4
3 160 381.612 457.549 10
3 236 344.656 388.185 4
3 53 25.7158 384.711 8
3 239 25.5217 669.796 3
3 29 271.361 736.904 1
