1 67 13.4589 0.0533482 3
1 68 11.1981 1.13209 3
1 71 11.7563 0.433736 3
1 72 13.5408 0.0745015 3
1 73 13.1544 3.99403 3
1 74 12.9965 4 3
1 75 12.7807 0.0120559 3
1 76 12.9614 3.99963 3
1 80 11.8239 3.61765 3
1 82 11.5682 0.603631 3
1 83 13.4838 3.94059 3
1 43 12.9807 10.0001 1
1 45 11.2199 12.9117 1
1 48 14.2616 13.5519 1
1 50 14.4618 13.365 1
1 51 14.9598 12.399 1
1 55 14.3807 13.4469 1
1 56 13.3439 10.0298 1
1 58 13.5038 13.9355 1
1 61 13.3258 13.9733 1
1 62 13.3204 10.0258 1
1 1 3.58925 3.91123 2
1 3 4.97482 1.68363 2
1 4 1.42319 0.769683 2
1 6 2.79349 0.01069 2
1 7 4.05402 3.69972 2
1 9 4.89096 1.34865 2
1 10 1.5555 3.38326 2
1 20 2.43691 3.9191 2
1 19 2.76961 3.98669 2
1 18 4.01973 0.279493 2
1 21 2.57883 3.95515 2
1 22 3.81619 10.1741 4
1 26 2.71969 13.9803 4
1 28 2.58717 13.9569 4
1 32 3.68506 10.121 4
1 33 4.334 13.4901 4
1 42 1.54517 13.3724 4
1 36 4.53712 13.2796 4
1 37 1.61901 10.5533 4
1 38 2.62782 13.9651 4
1 41 1.3598 10.8556 4
2 69 11.77 0.422913 2
2 64 12.9372 3.99901 2
2 65 11.8376 3.62754 2
2 66 13.5195 0.0686572 2
2 70 11.822 0.383751 2
2 77 14.4957 0.672275 2
2 78 11.8338 3.62483 2
2 79 13.5612 0.0803642 2
2 81 11.3283 0.902107 2
2 84 11.2083 2.88874 2
2 44 12.98 10.0001 4
2 46 13.2422 13.9853 4
2 47 13.7867 13.8388 4
2 49 14.9556 11.5811 4
2 52 12.9181 13.9983 4
2 53 11.9114 10.3222 4
2 54 14.6034 13.1954 4
2 59 13.919 13.7764 4
2 57 13.6657 10.114 4
2 60 14.9292 12.5274 4
2 63 11.4834 13.3039 4
2 2 3.88419 3.79394 3
2 5 1.25437 1.02391 3
2 8 4.08792 3.67822 3
2 11 1.37528 3.16631 3
2 12 3.12138 3.99631 3
2 13 2.93941 0.000917897 3
2 14 3.68572 3.87877 3
2 15 3.08021 0.00160905 3
2 16 1.59999 3.42827 3
2 17 2.04858 0.240795 3
2 23 1.07831 11.4458 1
2 24 2.69724 10.023 1
2 25 1.78822 13.5911 1
2 27 2.56473 13.9521 1
2 29 4.02031 10.2798 1
2 30 1.86408 13.6461 1
2 31 4.79722 11.1225 1
2 34 1.66901 13.4928 1
2 35 4.95949 12.4005 1
2 39 4.30234 13.5179 1
2 40 2.2741 13.8636 1
