1 24 2.69724 10.023 1
1 30 1.86408 13.6461 1
1 32 3.68506 10.121 1
1 33 4.334 13.4901 1
1 34 1.66901 13.4928 1
1 35 4.95949 12.4005 1
1 36 4.53712 13.2796 1
1 40 2.2741 13.8636 1
1 41 1.3598 10.8556 1
1 42 1.54517 13.3724 1
1 64 12.9372 3.99901 4
1 68 11.1981 1.13209 4
1 72 13.5408 0.0745015 4
1 74 12.9965 4 4
1 75 12.7807 0.0120559 4
1 76 12.9614 3.99963 4
1 77 14.4957 0.672275 4
1 81 11.3283 0.902107 4
1 82 11.5682 0.603631 4
1 84 11.2083 2.88874 4
1 44 12.98 10.0001 2
1 46 13.2422 13.9853 2
1 48 14.2616 13.5519 2
1 49 14.9556 11.5811 2
1 51 14.9598 12.399 2
1 52 12.9181 13.9983 2
1 53 11.9114 10.3222 2
1 54 14.6034 13.1954 2
1 56 13.3439 10.0298 2
1 59 13.919 13.7764 2
1 63 11.4834 13.3039 2
1 1 3.58925 3.91123 3
1 2 3.88419 3.79394 3
1 3 4.97482 1.68363 3
1 4 1.42319 0.769683 3
1 5 1.25437 1.02391 3
1 6 2.79349 0.01069 3
1 7 4.05402 3.69972 3
1 10 1.5555 3.38326 3
1 13 2.93941 0.000917897 3
1 14 3.68572 3.87877 3
1 20 2.43691 3.9191 3
2 22 3.81619 10.1741 3
2 23 1.07831 11.4458 3
2 25 1.78822 13.5911 3
2 26 2.71969 13.9803 3
2 27 2.56473 13.9521 3
2 28 2.58717 13.9569 3
2 29 4.02031 10.2798 3
2 31 4.79722 11.1225 3
2 37 1.61901 10.5533 3
2 38 2.62782 13.9651 3
2 39 4.30234 13.5179 3
2 65 11.8376 3.62754 1
2 66 13.5195 0.0686572 1
2 67 13.4589 0.0533482 1
2 69 11.77 0.422913 1
2 70 11.822 0.383751 1
2 71 11.7563 0.433736 1
2 73 13.1544 3.99403 1
2 78 11.8338 3.62483 1
2 79 13.5612 0.0803642 1
2 80 11.8239 3.61765 1
2 83 13.4838 3.94059 1
2 43 12.9807 10.0001 2
2 45 11.2199 12.9117 2
2 47 13.7867 13.8388 2
2 50 14.4618 13.365 2
2 55 14.3807 13.4469 2
2 57 13.6657 10.114 2
2 58 13.5038 13.9355 2
2 60 14.9292 12.5274 2
2 61 13.3258 13.9733 2
2 62 13.3204 10.0258 2
2 8 4.08792 3.67822 4
2 9 4.89096 1.34865 4
2 11 1.37528 3.16631 4
2 12 3.12138 3.99631 4
2 15 3.08021 0.00160905 4
2 16 1.59999 3.42827 4
2 17 2.04858 0.240795 4
2 18 4.01973 0.279493 4
2 19 2.76961 3.98669 4
2 21 2.57883 3.95515 4
