1 8 4.08792 3.67822 4
1 18 4.01973 0.279493 4
1 32 3.68506 10.121 2
1 37 1.61901 10.5533 2
1 65 11.8376 3.62754 1
1 68 11.1981 1.13209 1
1 76 12.9614 3.99963 1
1 78 11.8338 3.62483 1
1 84 11.2083 2.88874 1
1 1 3.58925 3.91123 4
1 3 4.97482 1.68363 4
1 6 2.79349 0.01069 4
1 10 1.5555 3.38326 4
1 13 2.93941 0.000917897 4
1 16 1.59999 3.42827 4
1 57 13.6657 10.114 3
1 19 2.76961 3.98669 4
1 20 2.43691 3.9191 4
1 23 1.07831 11.4458 2
1 25 1.78822 13.5911 2
1 28 2.58717 13.9569 2
1 30 1.86408 13.6461 2
1 34 1.66901 13.4928 2
1 38 2.62782 13.9651 2
1 40 2.2741 13.8636 2
1 42 1.54517 13.3724 2
1 83 13.4838 3.94059 1
1 47 13.7867 13.8388 3
1 48 14.2616 13.5519 3
1 81 11.3283 0.902107 1
1 50 14.4618 13.365 3
1 52 12.9181 13.9983 3
1 64 12.9372 3.99901 1
1 55 14.3807 13.4469 3
1 73 13.1544 3.99403 1
1 58 13.5038 13.9355 3
1 61 13.3258 13.9733 3
1 74 12.9965 4 1
1 66 13.5195 0.0686572 1
1 80 11.8239 3.61765 1
1 77 14.4957 0.672275 1
2 21 2.57883 3.95515 3
2 69 11.77 0.422913 4
2 71 11.7563 0.433736 4
2 2 3.88419 3.79394 3
2 4 1.42319 0.769683 3
2 5 1.25437 1.02391 3
2 7 4.05402 3.69972 3
2 9 4.89096 1.34865 3
2 11 1.37528 3.16631 3
2 12 3.12138 3.99631 3
2 14 3.68572 3.87877 3
2 15 3.08021 0.00160905 3
2 59 13.919 13.7764 1
2 17 2.04858 0.240795 3
2 22 3.81619 10.1741 2
2 24 2.69724 10.023 2
2 26 2.71969 13.9803 2
2 27 2.56473 13.9521 2
2 29 4.02031 10.2798 2
2 31 4.79722 11.1225 2
2 33 4.334 13.4901 2
2 72 13.5408 0.0745015 4
2 35 4.95949 12.4005 2
2 36 4.53712 13.2796 2
2 39 4.30234 13.5179 2
2 41 1.3598 10.8556 2
2 43 12.9807 10.0001 1
2 44 12.98 10.0001 1
2 45 11.2199 12.9117 1
2 46 13.2422 13.9853 1
2 49 14.9556 11.5811 1
2 51 14.9598 12.399 1
2 53 11.9114 10.3222 1
2 54 14.6034 13.1954 1
2 56 13.3439 10.0298 1
2 79 13.5612 0.0803642 4
2 60 14.9292 12.5274 1
2 70 11.822 0.383751 4
2 62 13.3204 10.0258 1
2 63 11.4834 13.3039 1
2 75 12.7807 0.0120559 4
2 67 13.4589 0.0533482 4
2 82 11.5682 0.603631 4
