0 1 37.44 -25.4 4
0 2 38.43 -9.08 4
0 3 41.11 -8.36 4
0 4 37.23 -5.59 4
0 5 36.32 -6.18 4
0 6 36.43 -4.25 4
0 7 37.13 -3.41 4
0 8 37.53 -4.46 4
0 9 38.21 -0.29 4
0 10 39.28 -0.22 4
0 11 41.23 2.11 4
0 12 41.38 -0.53 4
0 13 40.24 -3.41 4
0 14 41.39 -4.43 4
0 15 43.15 -2.58 4
0 16 43.22 -8.23 4
0 17 38.54 1.26 4
0 18 39.34 2.39 4
0 19 42.3 1.31 4
0 20 44.5 -0.34 4
0 21 43.36 1.26 4
0 22 43.18 5.24 5
0 23 43.42 7.15 5
0 24 43.42 7.23 5
0 25 42.42 9.27 5
0 26 45.5 1.16 4
0 27 45.26 4.24 5
0 28 45.45 4.51 5
0 29 45.1 5.43 5
0 30 48.24 -4.29 3
0 31 48.05 -1.41 3
0 32 47.13 -1.33 4
0 33 47.23 0.41 3
0 34 49.3 0.08 3
0 35 48.52 2.2 3
0 36 49.15 4.02 5
0 37 47.19 5.01 5
0 38 48.41 6.12 5
0 39 48.35 7.45 5
0 40 49.36 6.09 5
0 41 50.38 5.34 5
0 42 50.5 4.2 5
0 43 50.38 3.04 3
0 44 51.03 3.43 3
0 45 51.13 4.25 5
0 46 51.26 5.28 5
0 47 51.55 4.28 5
0 48 52.22 4.54 5
0 49 52.05 5.08 5
0 50 53.13 6.33 6
0 51 50.23 -4.1 3
0 52 50.43 -1.54 3
0 53 50.5 -0.08 3
0 54 51.29 -3.13 3
0 55 51.27 -2.35 3
0 56 51.3 -0.1 3
0 57 52.3 -1.5 3
0 58 53.25 -2.55 3
0 59 53.3 -2.15 3
0 60 53.23 -1.3 3
0 61 53.5 -1.35 3
0 62 54.59 -1.35 3
0 63 55.57 -3.13 3
0 64 55.53 -4.15 3
0 65 56.28 -3 3
0 66 57.1 -2.04 3
0 67 60.09 -1.09 3
0 68 62.01 -6.46 3
0 69 51.54 -8.28 3
0 70 52.4 -8.38 3
0 71 53.2 -6.15 3
0 72 54.35 -5.55 3
0 73 55 -7.19 3
0 74 64.09 -21.51 3
0 75 64.11 -51.44 2
0 76 76.34 -68.47 2
0 77 70.4 23.42 6
0 78 68.26 17.25 6
0 79 65.01 25.28 6
0 80 61.3 23.45 6
0 81 60.27 22.17 6
0 82 60.1 24.58 6
0 83 63.25 10.25 6
0 84 60.23 5.2 3
0 85 58.58 5.45 3
0 86 59.55 10.45 6
0 87 57.43 11.58 6
0 88 55.36 13 6
0 89 58.25 15.37 6
0 90 59.2 18.03 6
0 91 57.38 18.18 6
0 92 56.09 10.13 6
0 93 55.24 10.23 6
0 94 55.4 12.35 6
0 95 53.04 8.49 5
0 96 53.33 9.59 6
0 97 54.2 10.08 6
0 98 54.05 12.07 6
0 99 51.57 7.37 5
0 100 52.24 9.44 5
0 101 52.07 11.38 5
0 102 52.31 13.24 6
0 103 50.47 6.05 5
0 104 50.44 7.05 5
0 105 50.56 6.59 5
0 106 51.12 6.47 5
0 107 51.17 7.17 5
0 108 51.28 7.01 5
0 109 51.28 7.13 5
0 110 51.32 7.13 5
0 111 51.31 7.28 5
0 112 51.19 9.29 5
0 113 50.58 11.01 5
0 114 51.29 11.58 5
0 115 51.19 12.2 5
0 116 50.5 12.55 5
0 117 51.03 13.44 5
0 118 49.14 6.59 5
0 119 50.07 8.4 5
0 120 49.25 8.43 5
0 121 49.48 9.56 5
0 122 49.27 11.04 5
0 123 49.03 8.24 5
0 124 48.46 9.11 5
0 125 49.01 12.06 5
0 126 48.08 11.34 5
0 127 46.12 6.09 5
0 128 46.31 6.38 5
0 129 46.57 7.26 5
0 130 47.33 7.35 5
0 131 47.23 8.32 5
0 132 47.16 11.24 5
0 133 47.48 13.02 5
0 134 48.18 14.18 5
0 135 48.13 16.2 1
0 136 47.05 15.27 1
0 137 45.03 7.4 5
0 138 45.28 9.12 5
0 139 45.27 11 5
0 140 45.27 12.21 5
0 141 45.4 13.46 5
0 142 44.25 8.57 5
0 143 44.29 11.2 5
0 144 43.46 11.15 5
0 145 43.55 12.28 1
0 146 39.2 9 5
0 147 41.54 12.29 1
0 148 40.51 14.17 1
0 149 41.27 15.34 1
0 150 41.07 16.52 1
0 151 40.28 17.15 1
0 152 38.11 15.33 1
0 153 37.3 15.06 1
0 154 38.07 13.21 1
0 155 35.54 14.31 1
0 156 53.24 14.32 6
0 157 54.23 18.4 6
0 158 53.08 18 6
0 159 52.25 16.55 6
0 160 51.46 19.3 6
0 161 52.15 21 6
0 162 53.09 23.09 6
0 163 51.06 17 1
0 164 50.16 19 6
0 165 50.03 19.58 1
0 166 51.15 22.35 6
0 167 49.45 13.23 5
0 168 50.05 14.26 5
0 169 49.5 18.17 1
0 170 49.12 16.37 1
0 171 48.09 17.07 1
0 172 48.43 21.15 6
0 173 47.3 19.05 1
0 174 47.32 21.38 1
0 175 46.05 18.13 1
0 176 46.15 20.09 1
0 177 45.45 21.13 1
0 178 46.47 23.36 1
0 179 47.1 27.35 1
0 180 45.48 24.09 1
0 181 45.39 25.37 1
0 182 44.26 26.06 1
0 183 44.11 28.39 1
0 184 46.03 14.31 1
0 185 45.2 14.27 1
0 186 45.48 15.58 1
0 187 43.31 16.27 1
0 188 43.52 18.25 1
0 189 44.5 20.3 1
0 190 42.38 18.07 1
0 191 41.59 21.26 1
0 192 41.2 19.5 1
0 193 42.41 23.19 1
0 194 42.09 24.45 1
0 195 43.13 27.55 1
0 196 42.3 27.28 1
0 197 39.36 19.56 1
0 198 40.38 22.56 1
0 199 38.15 21.44 1
0 200 37.58 23.43 1
0 201 35.2 25.09 1
0 202 35.1 33.22 1
