1 2 41.11 -8.36 2
1 7 37.53 -4.46 2
1 8 38.21 -0.29 2
1 16 38.54 1.26 2
1 17 39.34 2.39 2
1 22 43.42 7.15 1
1 23 43.42 7.23 1
1 31 47.13 -1.33 2
1 32 47.23 0.41 2
1 33 49.3 0.08 2
1 35 49.15 4.02 1
1 40 50.38 5.34 1
1 41 50.5 4.2 1
1 42 50.38 3.04 1
1 49 53.13 6.33 1
1 55 51.3 -0.1 4
1 60 53.5 -1.35 4
1 61 54.59 -1.35 4
1 63 55.53 -4.15 4
1 67 62.01 -6.46 4
1 70 53.2 -6.15 4
1 71 54.35 -5.55 4
1 72 55 -7.19 4
1 73 64.09 -21.51 4
1 75 76.34 -68.47 3
1 78 65.01 25.28 5
1 81 60.1 24.58 5
1 82 63.25 10.25 5
1 85 59.55 10.45 5
1 86 57.43 11.58 5
1 90 57.38 18.18 5
1 91 56.09 10.13 5
1 93 55.4 12.35 5
1 97 54.05 12.07 5
1 98 51.57 7.37 1
1 100 52.07 11.38 1
1 105 51.12 6.47 1
1 108 51.28 7.13 1
1 109 51.32 7.13 1
1 116 51.03 13.44 1
1 121 49.27 11.04 1
1 122 49.03 8.24 1
1 124 49.01 12.06 1
1 126 46.12 6.09 1
1 128 46.57 7.26 1
1 130 47.23 8.32 1
1 133 48.18 14.18 1
1 134 48.13 16.2 1
1 141 44.25 8.57 1
1 144 43.55 12.28 1
1 146 41.54 12.29 1
1 147 40.51 14.17 6
1 151 38.11 15.33 6
1 152 37.3 15.06 6
1 157 53.08 18 5
1 170 48.09 17.07 6
1 174 46.05 18.13 6
1 175 46.15 20.09 6
1 178 47.1 27.35 6
1 183 46.03 14.31 1
1 187 43.52 18.25 6
1 189 42.38 18.07 6
1 190 41.59 21.26 6
1 191 41.2 19.5 6
1 192 42.41 23.19 6
1 199 37.58 23.43 6
1 200 35.2 25.09 6
1 201 35.1 33.22 6
2 0 37.44 -25.4 6
2 1 38.43 -9.08 5
2 3 37.23 -5.59 5
2 5 36.43 -4.25 5
2 6 37.13 -3.41 5
2 9 39.28 -0.22 5
2 11 41.38 -0.53 5
2 13 41.39 -4.43 5
2 15 43.22 -8.23 5
2 18 42.3 1.31 5
2 19 44.5 -0.34 5
2 27 45.45 4.51 4
2 28 45.1 5.43 4
2 29 48.24 -4.29 1
2 36 47.19 5.01 4
2 37 48.41 6.12 4
2 38 48.35 7.45 4
2 39 49.36 6.09 4
2 45 51.26 5.28 4
2 51 50.43 -1.54 1
2 52 50.5 -0.08 1
2 58 53.3 -2.15 1
2 59 53.23 -1.3 1
2 66 60.09 -1.09 1
2 68 51.54 -8.28 1
2 80 60.27 22.17 2
2 89 59.2 18.03 2
2 94 53.04 8.49 4
2 95 53.33 9.59 4
2 96 54.2 10.08 4
2 101 52.31 13.24 2
2 103 50.44 7.05 4
2 110 51.31 7.28 4
2 112 50.58 11.01 4
2 115 50.5 12.55 4
2 118 50.07 8.4 4
2 120 49.48 9.56 4
2 123 48.46 9.11 4
2 129 47.33 7.35 4
2 131 47.16 11.24 4
2 136 45.03 7.4 4
2 140 45.4 13.46 4
2 148 41.27 15.34 3
2 150 40.28 17.15 3
2 155 53.24 14.32 2
2 158 52.25 16.55 2
2 161 53.09 23.09 2
2 164 50.03 19.58 2
2 166 49.45 13.23 4
2 167 50.05 14.26 2
2 169 49.12 16.37 2
2 171 48.43 21.15 3
2 177 46.47 23.36 3
2 179 45.48 24.09 3
2 180 45.39 25.37 3
2 182 44.11 28.39 3
2 184 45.2 14.27 4
2 185 45.48 15.58 3
2 186 43.31 16.27 3
2 188 44.5 20.3 3
2 193 42.09 24.45 3
2 194 43.13 27.55 3
2 195 42.3 27.28 3
2 196 39.36 19.56 3
2 197 40.38 22.56 3
2 198 38.15 21.44 3
3 4 36.32 -6.18 2
3 10 41.23 2.11 1
3 12 40.24 -3.41 2
3 14 43.15 -2.58 2
3 20 43.36 1.26 2
3 21 43.18 5.24 1
3 24 42.42 9.27 1
3 25 45.5 1.16 2
3 26 45.26 4.24 1
3 30 48.05 -1.41 2
3 34 48.52 2.2 2
3 43 51.03 3.43 3
3 44 51.13 4.25 3
3 46 51.55 4.28 3
3 47 52.22 4.54 3
3 48 52.05 5.08 3
3 50 50.23 -4.1 2
3 53 51.29 -3.13 2
3 54 51.27 -2.35 2
3 56 52.3 -1.5 2
3 57 53.25 -2.55 2
3 62 55.57 -3.13 2
3 64 56.28 -3 2
3 65 57.1 -2.04 2
3 69 52.4 -8.38 2
3 74 64.11 -51.44 4
3 76 70.4 23.42 5
3 77 68.26 17.25 5
3 79 61.3 23.45 5
3 83 60.23 5.2 3
3 84 58.58 5.45 3
3 87 55.36 13 3
3 88 58.25 15.37 5
3 92 55.24 10.23 3
3 99 52.24 9.44 3
3 102 50.47 6.05 3
3 104 50.56 6.59 3
3 106 51.17 7.17 3
3 107 51.28 7.01 3
3 111 51.19 9.29 3
3 113 51.29 11.58 3
3 114 51.19 12.2 3
3 117 49.14 6.59 3
3 119 49.25 8.43 3
3 125 48.08 11.34 1
3 127 46.31 6.38 1
3 132 47.48 13.02 1
3 135 47.05 15.27 6
3 137 45.28 9.12 1
3 138 45.27 11 1
3 139 45.27 12.21 1
3 142 44.29 11.2 1
3 143 43.46 11.15 1
3 145 39.2 9 1
3 149 41.07 16.52 1
3 153 38.07 13.21 1
3 154 35.54 14.31 1
3 156 54.23 18.4 6
3 159 51.46 19.3 6
3 160 52.15 21 6
3 162 51.06 17 6
3 163 50.16 19 6
3 165 51.15 22.35 6
3 168 49.5 18.17 6
3 172 47.3 19.05 6
3 173 47.32 21.38 6
3 176 45.45 21.13 6
3 181 44.26 26.06 6
