1 1 90 0 2
1 2 71.17 -156.47 1
1 6 49.16 -123.07 1
1 7 53.33 -113.28 1
1 14 45.25 -75.42 1
1 17 44.39 -63.36 1
1 21 38.35 -121.3 1
1 24 32.43 -117.09 1
1 31 44.59 -93.13 1
1 36 29.46 -95.22 1
1 38 41.53 -87.38 1
1 39 38.39 -90.25 1
1 43 40.26 -80 1
1 46 42.21 -71.04 1
1 53 28.38 -106.05 1
1 54 25.33 -103.26 1
1 61 19.2 -96.4 1
1 65 20.58 -89.37 1
1 67 14.38 -90.31 1
1 73 23.08 -82.22 1
1 75 20.01 -75.49 1
1 80 14.36 -61.05 3
1 83 12.06 -68.56 3
1 90 6.15 -75.35 3
1 95 -1.4 -78.38 3
1 98 -8.07 -79.02 3
1 100 -13.31 -71.59 3
1 103 -17.48 -63.1 3
1 110 -38.43 -62.17 3
1 113 -34.36 -58.27 3
1 121 -25.25 -49.15 3
1 123 -22.54 -43.14 3
1 126 -20.27 -54.37 3
1 134 -5.05 -42.49 3
1 145 34.05 -4.57 2
1 156 31.16 32.18 2
1 161 15.36 32.32 4
1 167 18.06 -15.57 4
1 168 14.4 -17.26 4
1 171 16.46 -3.01 4
1 172 12.39 -8 4
1 176 6.18 -10.47 4
1 178 6.41 -1.35 4
1 181 6.29 2.37 4
1 182 12.22 -1.31 4
1 186 12.07 15.03 4
1 189 0.2 6.44 4
1 190 3.45 8.47 4
1 192 4.22 18.35 4
1 194 -4.16 15.17 4
1 200 -1.57 30.04 4
1 201 0.19 32.25 4
1 203 2.01 45.2 4
1 206 -6.48 39.17 4
1 208 -12.44 15.47 4
1 209 -11.4 27.28 4
1 211 -15.25 28.17 4
1 216 -25.58 32.35 4
1 218 -37.15 -12.3 4
1 220 -22.34 17.06 4
1 222 -24.45 25.55 4
1 225 -29.12 26.07 4
1 228 -33.58 25.4 4
1 229 -33.55 18.22 4
1 231 -18.55 47.31 4
1 246 41.38 -0.53 2
1 253 42.3 1.31 2
1 256 43.18 5.24 2
1 259 42.42 9.27 2
1 270 49.15 4.02 2
1 282 52.22 4.54 2
1 289 51.27 -2.35 2
1 292 53.25 -2.55 2
1 299 56.28 -3 2
1 303 51.54 -8.28 2
1 312 68.26 17.25 2
1 322 55.36 13 2
1 329 53.04 8.49 2
1 339 50.56 6.59 2
1 343 51.28 7.13 2
1 348 51.29 11.58 2
1 356 49.27 11.04 2
1 361 46.12 6.09 2
1 364 47.33 7.35 2
1 369 48.13 16.2 2
1 377 44.29 11.2 2
1 379 43.55 12.28 2
1 388 38.07 13.21 2
1 392 53.08 18 2
1 393 52.25 16.55 2
1 400 51.15 22.35 2
1 414 45.48 24.09 2
1 418 46.03 14.31 2
1 425 41.59 21.26 2
1 429 43.13 27.55 2
1 452 51.4 39.1 2
1 455 44.36 33.32 2
1 460 40.11 44.3 2
1 462 58 56.15 2
1 463 56.51 60.36 2
1 472 39.4 66.48 6
1 475 52.16 104.2 6
1 480 53.01 158.39 6
1 483 50.35 137.02 6
1 488 38.25 27.09 2
1 491 39.45 37.02 2
1 497 33.3 36.18 2
1 501 32.04 34.46 2
1 505 21.27 39.49 2
1 508 12.45 45.12 4
1 509 14.32 49.08 4
1 511 25.18 55.18 2
1 515 29.2 47.59 2
1 521 37.16 49.36 2
1 523 34.19 47.04 2
1 530 31.32 65.3 6
1 535 30.11 71.29 6
1 540 30.19 78.02 6
1 546 25.36 85.07 6
1 552 17.23 78.29 6
1 556 13.05 80.17 6
1 562 23.43 90.25 6
1 566 18.47 98.59 6
1 569 21.02 105.51 6
1 573 11.33 104.55 6
1 575 5.25 100.2 6
1 581 -6.1 106.48 6
1 585 -8.39 115.13 5
1 588 1.33 110.2 6
1 589 4.56 114.55 6
1 593 -3.43 128.12 5
1 598 14.35 121 6
1 601 25.03 121.3 6
1 602 29.4 91.09 6
1 603 36.03 103.41 6
1 606 29.39 106.34 6
1 614 36.06 120.19 6
1 617 39.55 116.25 6
1 620 45.45 126.41 6
1 623 35.06 129.03 6
1 624 43.03 141.21 6
1 630 35 135.45 6
1 634 31.36 130.33 6
1 637 -2.32 140.42 5
1 642 -34.55 138.35 5
1 643 -37.49 144.58 5
1 647 -19.16 146.48 5
1 649 -45.52 170.3 5
1 655 -18.08 178.25 5
1 661 1.52 -157.2 1
1 664 -25.04 -130.06 1
1 666 -90 0 4
2 4 61.13 -149.53 3
2 5 58.2 -134.27 3
2 9 50.25 -104.39 3
2 11 49.53 -97.09 3
2 16 46.49 -71.14 3
2 18 47.34 -52.43 3
2 20 47.4 -117.23 3
2 25 40.46 -111.53 3
2 26 33.27 -112.05 3
2 28 35.05 -106.4 3
2 34 35.28 -97.32 3
2 35 32.47 -96.48 3
2 37 43.02 -87.55 3
2 41 29.58 -90.07 3
2 42 42.2 -83.03 3
2 48 39.57 -75.07 3
2 51 25.46 -80.12 3
2 52 25.05 -77.21 3
2 57 22.09 -100.59 3
2 59 19.24 -99.09 3
2 63 17.03 -96.43 3
2 66 17.3 -88.12 3
2 68 13.42 -89.12 3
2 77 18.32 -72.2 3
2 78 18.28 -69.54 5
2 81 13.06 -59.37 5
2 85 5.5 -55.1 5
2 86 6.48 -58.1 5
2 88 10.4 -71.37 5
2 92 3.27 -76.31 5
2 96 -2.1 -79.5 5
2 97 -3.46 -73.15 5
2 101 -16.24 -71.33 5
2 104 -19.35 -65.45 5
2 107 -36.5 -73.03 5
2 109 -51.42 -57.51 5
2 115 -31.24 -64.11 5
2 116 -32.53 -68.49 5
2 118 -25.16 -57.4 5
2 119 -30.04 -51.11 5
2 124 -20.23 -43.3 5
2 127 -15.35 -56.05 5
2 128 -16.4 -49.16 5
2 130 -12.59 -38.31 5
2 132 -5.47 -35.13 5
2 133 -3.43 -38.3 5
2 138 -8.46 -63.54 5
2 140 28.06 -15.24 1
2 144 34.02 -6.51 1
2 148 36.47 3.03 1
2 149 22.56 5.3 1
2 150 36.22 6.37 1
2 151 36.48 10.11 1
2 153 32.54 13.11 1
2 155 31.12 29.54 1
2 158 30.03 31.15 1
2 160 19.37 37.14 4
2 162 13.11 30.13 6
2 164 15.2 38.53 4
2 166 11.36 43.09 4
2 169 13.28 -16.39 6
2 170 11.51 -15.35 6
2 174 9.31 -13.43 6
2 180 6.08 1.13 6
2 183 13.31 2.07 6
2 187 6.27 3.24 6
2 191 3.52 11.31 6
2 196 0.04 18.16 6
2 199 -3.23 29.22 6
2 204 -4.03 39.4 6
2 207 -8.48 13.14 6
2 213 -17.5 31.03 6
2 219 -22.59 14.31 6
2 224 -26.15 28 6
2 227 -33 27.55 6
2 230 -23.21 43.4 6
2 232 -12.16 49.17 6
2 235 37.44 -25.4 1
2 236 38.43 -9.08 1
2 237 41.11 -8.36 1
2 238 37.23 -5.59 1
2 239 36.32 -6.18 1
2 240 36.43 -4.25 1
2 242 37.53 -4.46 1
2 244 39.28 -0.22 1
2 245 41.23 2.11 1
2 247 40.24 -3.41 1
2 248 41.39 -4.43 1
2 250 43.22 -8.23 1
2 251 38.54 1.26 1
2 252 39.34 2.39 1
2 257 43.42 7.15 1
2 260 45.5 1.16 1
2 262 45.45 4.51 1
2 265 48.05 -1.41 1
2 269 48.52 2.2 1
2 271 47.19 5.01 1
2 272 48.41 6.12 1
2 273 48.35 7.45 1
2 275 50.38 5.34 1
2 276 50.5 4.2 1
2 278 51.03 3.43 1
2 279 51.13 4.25 1
2 281 51.55 4.28 1
2 283 52.05 5.08 1
2 285 50.23 -4.1 1
2 286 50.43 -1.54 1
2 287 50.5 -0.08 1
2 288 51.29 -3.13 1
2 290 51.3 -0.1 1
2 291 52.3 -1.5 1
2 293 53.3 -2.15 1
2 294 53.23 -1.3 1
2 298 55.53 -4.15 1
2 300 57.1 -2.04 1
2 302 62.01 -6.46 1
2 304 52.4 -8.38 1
2 305 53.2 -6.15 1
2 307 55 -7.19 1
2 308 64.09 -21.51 1
2 311 70.4 23.42 1
2 313 65.01 25.28 1
2 315 60.27 22.17 1
2 316 60.1 24.58 1
2 317 63.25 10.25 1
2 320 59.55 10.45 1
2 321 57.43 11.58 1
2 323 58.25 15.37 1
2 326 56.09 10.13 1
2 327 55.24 10.23 1
2 328 55.4 12.35 1
2 333 51.57 7.37 1
2 334 52.24 9.44 1
2 335 52.07 11.38 1
2 336 52.31 13.24 1
2 337 50.47 6.05 1
2 338 50.44 7.05 1
2 340 51.12 6.47 1
2 342 51.28 7.01 1
2 345 51.31 7.28 1
2 347 50.58 11.01 1
2 349 51.19 12.2 1
2 350 50.5 12.55 1
2 353 50.07 8.4 1
2 354 49.25 8.43 1
2 358 48.46 9.11 1
2 359 49.01 12.06 1
2 360 48.08 11.34 1
2 363 46.57 7.26 1
2 367 47.48 13.02 1
2 368 48.18 14.18 1
2 370 47.05 15.27 1
2 371 45.03 7.4 1
2 372 45.28 9.12 1
2 375 45.4 13.46 1
2 380 39.2 9 1
2 381 41.54 12.29 1
2 382 40.51 14.17 1
2 383 41.27 15.34 1
2 386 38.11 15.33 1
2 389 35.54 14.31 1
2 391 54.23 18.4 1
2 395 52.15 21 1
2 396 53.09 23.09 1
2 399 50.03 19.58 1
2 401 49.45 13.23 1
2 403 49.5 18.17 1
2 405 48.09 17.07 1
2 406 48.43 21.15 1
2 408 47.32 21.38 1
2 409 46.05 18.13 1
2 410 46.15 20.09 1
2 411 45.45 21.13 1
2 413 47.1 27.35 1
2 415 45.39 25.37 1
2 417 44.11 28.39 1
2 419 45.2 14.27 1
2 421 43.31 16.27 1
2 424 42.38 18.07 1
2 426 41.2 19.5 1
2 427 42.41 23.19 1
2 430 42.3 27.28 1
2 431 39.36 19.56 1
2 432 40.38 22.56 1
2 434 37.58 23.43 1
2 436 35.1 33.22 1
2 437 68.58 33.05 1
2 438 64.34 40.32 1
2 440 59.25 24.45 1
2 441 56.57 24.06 1
2 442 54.43 20.3 1
2 444 53.54 27.34 1
2 446 50.26 30.31 1
2 447 46.28 30.44 1
2 449 56.2 44 4
2 450 55.45 49.08 4
2 451 53.12 50.09 4
2 454 48.27 34.59 1
2 457 48.44 44.25 4
2 466 55 73.24 4
2 467 55.02 82.55 4
2 469 49.5 73.1 4
2 473 38.35 68.48 4
2 474 43.48 87.35 4
2 476 47.55 106.53 2
2 478 62.13 129.49 2
2 479 64.45 177.29 2
2 481 59.34 150.48 2
2 484 48.27 135.06 2
2 486 43.1 131.56 2
2 487 41.01 28.58 1
2 489 39.56 32.52 1
2 492 39.55 41.17 4
2 493 37.55 40.14 4
2 494 37.01 35.18 4
2 495 36.12 37.1 4
2 498 33.53 35.3 4
2 499 31.57 35.56 4
2 500 32.5 35 4
2 503 24.28 39.36 4
2 507 14.48 42.57 4
2 510 23.37 58.35 4
2 512 25.17 51.32 4
2 514 24.38 46.43 4
2 516 30.3 47.47 4
2 517 33.21 44.25 4
2 518 35.28 44.28 4
2 519 36.2 43.08 4
2 520 38.05 46.18 4
2 522 35.4 51.26 4
2 526 29.36 52.32 4
2 527 30.17 57.05 4
2 529 34.2 62.12 4
2 532 33.36 73.04 4
2 534 31.25 73.05 4
2 536 30.12 67 4
2 537 27.42 68.52 4
2 539 24.52 67.03 4
2 541 28.4 77.13 4
2 543 26.55 75.49 4
2 544 26.28 80.21 4
2 545 25.2 83 4
2 547 22.32 88.22 4
2 548 23.02 72.37 4
2 553 17.42 83.18 4
2 554 15.21 75.1 4
2 555 12.59 77.35 4
2 557 10.49 78.41 4
2 558 9.56 78.07 4
2 560 27.43 85.19 4
2 563 22.2 91.5 4
2 565 16.47 96.1 2
2 567 19.52 102.08 2
2 571 16.04 108.13 2
2 572 10.45 106.4 2
2 574 13.45 100.31 2
2 577 1.17 103.51 2
2 578 3.35 98.4 2
2 579 -0.57 100.21 2
2 582 -6.54 107.36 2
2 584 -7.15 112.45 2
2 586 -10.1 123.35 2
2 587 -3.2 114.35 2
2 590 -0.3 117.09 2
2 595 7.04 125.36 2
2 596 10.18 123.54 2
2 599 22.17 114.09 2
2 605 30.39 104.04 2
2 607 25.05 102.4 2
2 609 26.06 119.17 2
2 610 30.36 114.17 2
2 611 32.03 118.47 2
2 612 31.14 121.28 2
2 613 34.48 113.39 2
2 615 37.55 112.3 2
2 618 38.53 121.35 2
2 621 39.01 125.45 2
2 625 39.43 140.07 2
2 627 35.42 139.46 2
2 628 35.1 136.55 2
2 629 36.34 136.39 2
2 632 34.24 132.27 2
2 633 32.48 129.55 2
2 635 26.13 127.4 2
2 636 13.28 144.47 2
2 638 -4.12 152.12 2
2 640 -12.28 130.5 2
2 641 -31.56 115.5 2
2 644 -42.53 147.19 2
2 646 -27.28 153.02 2
2 650 -43.32 172.38 2
2 651 -41.18 174.47 2
2 657 -9.26 159.57 2
2 658 -0.32 166.55 2
2 659 11.35 165.23 2
2 660 21.19 -157.52 3
2 663 -17.32 -149.34 3
2 665 -27.07 -109.22 5
3 3 64.51 -147.43 1
3 8 51.03 -114.05 1
3 10 52.07 -106.38 1
3 12 58.46 -94.1 1
3 13 43.39 -79.23 1
3 15 45.31 -73.34 1
3 19 47.36 -122.2 1
3 22 37.48 -122.24 1
3 23 34.03 -118.15 1
3 27 39.43 -105.01 1
3 29 31.45 -106.29 1
3 30 46.47 -92.06 1
3 32 41.16 -95.57 1
3 33 39.07 -94.39 1
3 40 35.08 -90.03 1
3 44 39.06 -84.31 1
3 45 33.45 -84.23 1
3 47 40.43 -74.01 1
3 49 38.54 -77.01 1
3 50 30.2 -81.4 1
3 55 25.4 -100.19 1
3 56 22.13 -97.51 1
3 58 20.4 -103.2 1
3 60 19.03 -98.12 1
3 62 16.51 -99.55 1
3 64 17.59 -92.55 1
3 69 14.06 -87.13 1
3 70 12.09 -86.17 1
3 71 9.56 -84.05 1
3 72 8.58 -79.32 4
3 74 22.24 -79.58 1
3 76 18 -76.48 1
3 79 18.28 -66.07 4
3 82 10.39 -61.31 4
3 84 4.56 -52.2 4
3 87 10.3 -66.56 4
3 89 10.59 -74.48 4
3 91 4.36 -74.05 4
3 93 -0.56 -91.01 4
3 94 -0.13 -78.3 4
3 99 -12.03 -77.03 4
3 102 -16.3 -68.09 4
3 105 -23.39 -70.24 4
3 106 -33.27 -70.4 4
3 108 -53.09 -70.55 4
3 111 -38 -57.33 4
3 112 -34.5 -56.12 4
3 114 -32.57 -60.4 4
3 117 -26.49 -65.13 4
3 120 -27.35 -48.34 4
3 122 -23.32 -46.37 4
3 125 -19.55 -43.56 4
3 129 -15.47 -47.55 4
3 131 -8.03 -34.54 4
3 135 -2.31 -44.16 4
3 136 -1.27 -48.29 4
3 137 -3.08 -60.01 4
3 139 14.55 -23.31 4
3 141 32.38 -16.54 5
3 142 31.38 -8 5
3 143 33.39 -7.35 5
3 146 35.48 -5.45 5
3 147 35.43 -0.43 5
3 152 34.44 10.46 5
3 154 32.07 20.04 5
3 157 29.58 32.33 5
3 159 24.05 32.53 6
3 163 13.38 25.21 6
3 165 9 38.5 6
3 173 10.23 -9.18 6
3 175 8.3 -13.15 6
3 177 5.19 -4.02 6
3 179 5.33 -0.13 6
3 184 12 8.3 6
3 185 11.51 13.1 6
3 188 6.27 7.27 6
3 193 0.23 9.27 6
3 195 -4.18 15.18 6
3 197 -5.54 22.25 6
3 198 0.3 25.12 6
3 202 -1.17 36.49 6
3 205 -6.1 39.11 6
3 210 -12.49 28.13 6
3 212 -20.09 28.36 6
3 214 -15.47 35 6
3 215 -19.49 34.52 6
3 217 -15.57 -5.42 6
3 221 -26.38 15.1 6
3 223 -25.45 28.1 6
3 226 -29.55 30.56 6
3 233 -20.1 57.3 6
3 234 -4.38 55.27 6
3 241 37.13 -3.41 5
3 243 38.21 -0.29 5
3 249 43.15 -2.58 5
3 254 44.5 -0.34 5
3 255 43.36 1.26 5
3 258 43.42 7.23 5
3 261 45.26 4.24 5
3 263 45.1 5.43 5
3 264 48.24 -4.29 5
3 266 47.13 -1.33 5
3 267 47.23 0.41 5
3 268 49.3 0.08 5
3 274 49.36 6.09 5
3 277 50.38 3.04 5
3 280 51.26 5.28 5
3 284 53.13 6.33 5
3 295 53.5 -1.35 5
3 296 54.59 -1.35 5
3 297 55.57 -3.13 5
3 301 60.09 -1.09 5
3 306 54.35 -5.55 5
3 309 64.11 -51.44 1
3 310 76.34 -68.47 1
3 314 61.3 23.45 5
3 318 60.23 5.2 5
3 319 58.58 5.45 5
3 324 59.2 18.03 5
3 325 57.38 18.18 5
3 330 53.33 9.59 5
3 331 54.2 10.08 5
3 332 54.05 12.07 5
3 341 51.17 7.17 5
3 344 51.32 7.13 5
3 346 51.19 9.29 5
3 351 51.03 13.44 5
3 352 49.14 6.59 5
3 355 49.48 9.56 5
3 357 49.03 8.24 5
3 362 46.31 6.38 5
3 365 47.23 8.32 5
3 366 47.16 11.24 5
3 373 45.27 11 5
3 374 45.27 12.21 5
3 376 44.25 8.57 5
3 378 43.46 11.15 5
3 384 41.07 16.52 5
3 385 40.28 17.15 5
3 387 37.3 15.06 5
3 390 53.24 14.32 5
3 394 51.46 19.3 5
3 397 51.06 17 5
3 398 50.16 19 5
3 402 50.05 14.26 5
3 404 49.12 16.37 5
3 407 47.3 19.05 5
3 412 46.47 23.36 5
3 416 44.26 26.06 5
3 420 45.48 15.58 5
3 422 43.52 18.25 5
3 423 44.5 20.3 5
3 428 42.09 24.45 5
3 433 38.15 21.44 5
3 435 35.2 25.09 5
3 439 59.55 30.15 5
3 443 54.41 25.19 5
3 445 49.5 24 5
3 448 55.45 37.35 5
3 453 50 36.15 5
3 456 47.14 39.42 5
3 458 46.21 48.03 2
3 459 41.43 44.49 2
3 461 40.23 49.51 2
3 464 67.27 63.58 2
3 465 69.2 88.06 2
3 468 56.01 92.5 2
3 470 43.15 76.57 2
3 471 41.2 69.18 2
3 477 52.03 113.3 3
3 482 50.17 127.32 3
3 485 46.58 142.42 3
3 490 38.43 35.3 5
3 496 34.44 36.43 5
3 502 31.46 35.14 5
3 504 21.3 39.12 6
3 506 15.23 44.12 6
3 513 26.13 50.35 2
3 524 30.2 48.16 2
3 525 32.4 51.38 2
3 528 36.18 59.36 2
3 531 34.31 69.12 2
3 533 31.35 74.18 2
3 538 25.22 68.22 2
3 542 26.17 73.02 2
3 549 21.09 79.06 2
3 550 20.3 85.5 2
3 551 18.58 72.5 2
3 559 6.56 79.51 2
3 561 27.28 89.39 2
3 564 22 96.05 2
3 568 17.58 102.36 3
3 570 16.28 107.36 3
3 576 3.1 101.42 3
3 580 -2.55 104.45 3
3 583 -7.48 110.22 3
3 591 -5.07 119.24 3
3 592 1.29 124.51 3
3 594 -5.4 132.45 3
3 597 10.42 122.34 3
3 600 22.38 120.17 3
3 604 34.15 108.52 3
3 608 23.06 113.16 3
3 616 39.08 117.12 3
3 619 41.48 123.27 3
3 622 37.33 126.58 3
3 626 38.15 140.53 3
3 631 34.4 135.3 3
3 639 -9.3 147.1 3
3 645 -33.52 151.13 3
3 648 -23.42 133.53 3
3 652 -36.52 174.46 3
3 653 -21.08 -175.12 1
3 654 -14.16 -170.42 1
3 656 -22.16 166.27 3
3 662 -9.45 -139 1
