1 597 14.35 121 1
1 595 10.18 123.54 1
1 596 10.42 122.34 1
1 594 7.04 125.36 1
1 599 22.38 120.17 1
1 634 26.13 127.4 1
1 600 25.03 121.3 1
1 608 26.06 119.17 1
1 591 1.29 124.51 1
1 598 22.17 114.09 1
1 607 23.06 113.16 1
1 588 4.56 114.55 1
1 633 31.36 130.33 1
1 611 31.14 121.28 1
1 632 32.48 129.55 1
1 589 -0.3 117.09 1
1 570 16.04 108.13 1
1 635 13.28 144.47 1
1 592 -3.43 128.12 1
1 610 32.03 118.47 1
1 569 16.28 107.36 1
1 609 30.36 114.17 1
1 631 34.24 132.27 1
1 622 35.06 129.03 1
1 571 10.45 106.4 1
1 587 1.33 110.2 1
1 590 -5.07 119.24 1
1 593 -5.4 132.45 1
1 630 34.4 135.3 1
1 568 21.02 105.51 1
1 586 -3.2 114.35 1
1 613 36.06 120.19 1
1 629 35 135.45 1
1 572 11.33 104.55 1
1 621 37.33 126.58 1
1 636 -2.32 140.42 1
1 137 -8.46 -63.54 2
1 136 -3.08 -60.01 2
1 96 -3.46 -73.15 2
1 99 -13.31 -71.59 2
1 101 -16.3 -68.09 2
1 85 6.48 -58.1 2
1 90 4.36 -74.05 2
1 102 -17.48 -63.1 2
1 100 -16.24 -71.33 2
1 84 5.5 -55.1 2
1 91 3.27 -76.31 2
1 126 -15.35 -56.05 2
1 94 -1.4 -78.38 2
1 93 -0.13 -78.3 2
1 98 -12.03 -77.03 2
1 86 10.3 -66.56 2
1 97 -8.07 -79.02 2
1 89 6.15 -75.35 2
1 95 -2.1 -79.5 2
1 103 -19.35 -65.45 2
1 81 10.39 -61.31 2
1 83 4.56 -52.2 2
1 87 10.4 -71.37 2
1 135 -1.27 -48.29 2
1 82 12.06 -68.56 2
1 365 47.16 11.24 3
1 359 48.08 11.34 3
1 355 49.27 11.04 3
1 358 49.01 12.06 3
1 366 47.48 13.02 3
1 357 48.46 9.11 3
1 372 45.27 11 3
1 354 49.48 9.56 3
1 373 45.27 12.21 3
1 400 49.45 13.23 3
1 364 47.23 8.32 3
1 346 50.58 11.01 3
1 371 45.28 9.12 3
1 367 48.18 14.18 3
1 374 45.4 13.46 3
1 353 49.25 8.43 3
1 349 50.5 12.55 3
1 356 49.03 8.24 3
1 376 44.29 11.2 3
1 417 46.03 14.31 3
1 352 50.07 8.4 3
1 347 51.29 11.58 3
1 348 51.19 12.2 3
1 272 48.35 7.45 3
1 363 47.33 7.35 3
1 418 45.2 14.27 3
1 401 50.05 14.26 3
1 362 46.57 7.26 3
1 345 51.19 9.29 3
1 377 43.46 11.15 3
1 350 51.03 13.44 3
1 369 47.05 15.27 3
1 378 43.55 12.28 3
1 375 44.25 8.57 3
1 334 52.07 11.38 3
1 370 45.03 7.4 3
1 351 49.14 6.59 3
1 419 45.48 15.58 3
1 361 46.31 6.38 3
1 333 52.24 9.44 3
1 337 50.44 7.05 3
1 368 48.13 16.2 3
1 271 48.41 6.12 3
1 335 52.31 13.24 3
1 360 46.12 6.09 3
1 340 51.17 7.17 3
1 273 49.36 6.09 3
1 344 51.31 7.28 3
1 338 50.56 6.59 3
1 403 49.12 16.37 3
1 342 51.28 7.13 3
1 343 51.32 7.13 3
1 258 42.42 9.27 3
1 332 51.57 7.37 3
1 341 51.28 7.01 3
1 257 43.42 7.23 3
1 256 43.42 7.15 3
1 336 50.47 6.05 3
1 339 51.12 6.47 3
1 404 48.09 17.07 3
1 329 53.33 9.59 3
1 328 53.04 8.49 3
1 380 41.54 12.29 3
1 270 47.19 5.01 3
1 262 45.1 5.43 3
1 274 50.38 5.34 3
1 389 53.24 14.32 3
1 331 54.05 12.07 3
1 420 43.31 16.27 3
1 330 54.2 10.08 3
1 396 51.06 17 3
1 279 51.26 5.28 3
1 261 45.45 4.51 3
1 392 52.25 16.55 3
1 408 46.05 18.13 3
1 402 49.5 18.17 3
1 260 45.26 4.24 3
1 269 49.15 4.02 3
1 283 53.13 6.33 3
1 255 43.18 5.24 3
1 275 50.5 4.2 3
1 282 52.05 5.08 3
1 28 31.45 -106.29 4
1 52 28.38 -106.05 4
1 27 35.05 -106.4 4
1 53 25.33 -103.26 4
1 54 25.4 -100.19 4
1 25 33.27 -112.05 4
1 26 39.43 -105.01 4
1 34 32.47 -96.48 4
1 33 35.28 -97.32 4
1 35 29.46 -95.22 4
1 56 22.09 -100.59 4
1 57 20.4 -103.2 4
1 24 40.46 -111.53 4
1 55 22.13 -97.51 4
1 32 39.07 -94.39 4
1 23 32.43 -117.09 4
1 31 41.16 -95.57 4
1 58 19.24 -99.09 4
1 22 34.03 -118.15 4
1 59 19.03 -98.12 4
1 40 29.58 -90.07 4
1 60 19.2 -96.4 4
1 39 35.08 -90.03 4
1 38 38.39 -90.25 4
1 61 16.51 -99.55 4
1 191 4.22 18.35 6
1 197 0.3 25.12 6
1 195 0.04 18.16 6
1 196 -5.54 22.25 6
1 199 -1.57 30.04 6
1 193 -4.16 15.17 6
1 194 -4.18 15.18 6
1 198 -3.23 29.22 6
1 190 3.52 11.31 6
1 200 0.19 32.25 6
1 162 13.38 25.21 6
1 185 12.07 15.03 6
1 184 11.51 13.1 6
1 192 0.23 9.27 6
1 189 3.45 8.47 6
1 161 13.11 30.13 6
1 206 -8.48 13.14 6
1 187 6.27 7.27 6
1 208 -11.4 27.28 6
1 201 -1.17 36.49 6
1 188 0.2 6.44 6
1 207 -12.44 15.47 6
1 209 -12.49 28.13 6
1 183 12 8.3 6
1 160 15.36 32.32 6
1 164 9 38.5 6
1 186 6.27 3.24 6
1 203 -4.03 39.4 6
1 210 -15.25 28.17 6
1 204 -6.1 39.11 6
1 205 -6.48 39.17 6
1 180 6.29 2.37 6
1 179 6.08 1.13 6
1 163 15.2 38.53 6
1 178 5.33 -0.13 6
1 212 -17.5 31.03 6
1 530 34.31 69.12 5
1 535 30.12 67 5
1 529 31.32 65.3 5
1 534 30.11 71.29 5
1 531 33.36 73.04 5
1 533 31.25 73.05 5
1 536 27.42 68.52 5
1 472 38.35 68.48 5
1 532 31.35 74.18 5
1 528 34.2 62.12 5
1 471 39.4 66.48 5
1 537 25.22 68.22 5
1 541 26.17 73.02 5
1 470 41.2 69.18 5
1 538 24.52 67.03 5
1 527 36.18 59.36 5
1 542 26.55 75.49 5
1 540 28.4 77.13 5
1 539 30.19 78.02 5
1 547 23.02 72.37 5
1 526 30.17 57.05 5
1 469 43.15 76.57 5
1 543 26.28 80.21 5
1 509 23.37 58.35 5
2 627 35.1 136.55 4
2 612 34.48 113.39 4
2 628 36.34 136.39 4
2 620 39.01 125.45 4
2 617 38.53 121.35 4
2 567 17.58 102.36 4
2 626 35.42 139.46 4
2 605 29.39 106.34 4
2 566 19.52 102.08 4
2 585 -10.1 123.35 4
2 615 39.08 117.12 4
2 584 -8.39 115.13 4
2 606 25.05 102.4 4
2 573 13.45 100.31 4
2 603 34.15 108.52 4
2 583 -7.15 112.45 4
2 616 39.55 116.25 4
2 614 37.55 112.3 4
2 618 41.48 123.27 4
2 576 1.17 103.51 4
2 604 30.39 104.04 4
2 625 38.15 140.53 4
2 575 3.1 101.42 4
2 639 -12.28 130.5 4
2 582 -7.48 110.22 4
2 574 5.25 100.2 4
2 565 18.47 98.59 4
2 624 39.43 140.07 4
2 579 -2.55 104.45 4
2 485 43.1 131.56 4
2 581 -6.54 107.36 4
2 580 -6.1 106.48 4
2 564 16.47 96.1 4
2 578 -0.57 100.21 4
2 619 45.45 126.41 4
2 88 10.59 -74.48 1
2 80 13.06 -59.37 6
2 125 -20.27 -54.37 6
2 79 14.36 -61.05 6
2 71 8.58 -79.32 1
2 127 -16.4 -49.16 6
2 104 -23.39 -70.24 6
2 128 -15.47 -47.55 6
2 134 -2.31 -44.16 6
2 117 -25.16 -57.4 6
2 116 -26.49 -65.13 6
2 133 -5.05 -42.49 6
2 78 18.28 -66.07 1
2 77 18.28 -69.54 1
2 70 9.56 -84.05 1
2 76 18.32 -72.2 1
2 75 18 -76.48 1
2 124 -19.55 -43.56 6
2 120 -25.25 -49.15 6
2 121 -23.32 -46.37 6
2 132 -3.43 -38.3 6
2 92 -0.56 -91.01 1
2 123 -20.23 -43.3 6
2 74 20.01 -75.49 1
2 382 41.27 15.34 2
2 381 40.51 14.17 2
2 326 55.24 10.23 2
2 278 51.13 4.25 2
2 406 47.3 19.05 2
2 327 55.4 12.35 2
2 280 51.55 4.28 2
2 321 55.36 13 2
2 281 52.22 4.54 2
2 421 43.52 18.25 2
2 397 50.16 19 2
2 383 41.07 16.52 2
2 277 51.03 3.43 2
2 325 56.09 10.13 2
2 276 50.38 3.04 2
2 379 39.2 9 2
2 423 42.38 18.07 2
2 398 50.03 19.58 2
2 391 53.08 18 2
2 268 48.52 2.2 2
2 393 51.46 19.3 2
2 409 46.15 20.09 2
2 384 40.28 17.15 2
2 422 44.5 20.3 2
2 387 38.07 13.21 2
2 390 54.23 18.4 2
2 320 57.43 11.58 2
2 405 48.43 21.15 2
2 259 45.5 1.16 2
2 410 45.45 21.13 2
2 407 47.32 21.38 2
2 385 38.11 15.33 2
2 425 41.2 19.5 2
2 266 47.23 0.41 2
2 254 43.36 1.26 2
2 394 52.15 21 2
2 386 37.3 15.06 2
2 244 41.23 2.11 2
2 150 36.48 10.11 2
2 252 42.3 1.31 2
2 267 49.3 0.08 2
2 441 54.43 20.3 2
2 322 58.25 15.37 2
2 286 50.5 -0.08 2
2 424 41.59 21.26 2
2 399 51.15 22.35 2
2 430 39.36 19.56 2
2 289 51.3 -0.1 2
2 253 44.5 -0.34 2
2 319 59.55 10.45 2
2 251 39.34 2.39 2
2 324 57.38 18.18 2
2 411 46.47 23.36 2
2 149 36.22 6.37 2
2 318 58.58 5.45 2
2 388 35.54 14.31 2
2 265 47.13 -1.33 2
2 264 48.05 -1.41 2
2 444 49.5 24 2
2 285 50.43 -1.54 2
2 426 42.41 23.19 2
2 413 45.48 24.09 2
2 395 53.09 23.09 2
2 151 34.44 10.46 2
2 245 41.38 -0.53 2
2 250 38.54 1.26 2
2 431 40.38 22.56 2
2 290 52.3 -1.5 2
2 323 59.2 18.03 2
2 293 53.23 -1.3 2
2 147 36.47 3.03 2
2 294 53.5 -1.35 2
2 432 38.15 21.44 2
2 317 60.23 5.2 2
2 288 51.27 -2.35 2
2 243 39.28 -0.22 2
2 295 54.59 -1.35 2
2 414 45.39 25.37 2
2 427 42.09 24.45 2
2 248 43.15 -2.58 2
2 292 53.3 -2.15 2
2 62 17.03 -96.43 1
2 30 44.59 -93.13 1
2 20 38.35 -121.3 1
2 63 17.59 -92.55 1
2 8 50.25 -104.39 1
2 64 20.58 -89.37 1
2 21 37.48 -122.24 1
2 29 46.47 -92.06 1
2 10 49.53 -97.09 1
2 37 41.53 -87.38 1
2 44 33.45 -84.23 1
2 19 47.4 -117.23 1
2 36 43.02 -87.55 1
2 9 52.07 -106.38 1
2 43 39.06 -84.31 1
2 7 51.03 -114.05 1
2 65 17.3 -88.12 1
2 66 14.38 -90.31 1
2 49 30.2 -81.4 1
2 6 53.33 -113.28 1
2 18 47.36 -122.2 1
2 67 13.42 -89.12 1
2 72 23.08 -82.22 1
2 41 42.2 -83.03 1
2 182 13.31 2.07 5
2 213 -15.47 35 5
2 159 19.37 37.14 3
2 165 11.36 43.09 3
2 177 6.41 -1.35 5
2 202 2.01 45.2 3
2 211 -20.09 28.36 5
2 506 14.48 42.57 3
2 158 24.05 32.53 3
2 181 12.22 -1.31 5
2 219 -22.34 17.06 5
2 507 12.45 45.12 3
2 214 -19.49 34.52 5
2 503 21.3 39.12 3
2 505 15.23 44.12 3
2 504 21.27 39.49 3
2 176 5.19 -4.02 5
2 218 -22.59 14.31 5
2 221 -24.45 25.55 5
2 170 16.46 -3.01 5
2 222 -25.45 28.1 5
2 156 29.58 32.33 3
2 157 30.03 31.15 3
2 223 -26.15 28 5
2 154 31.12 29.54 3
2 220 -26.38 15.1 5
2 508 14.32 49.08 3
2 215 -25.58 32.35 5
2 155 31.16 32.18 3
2 231 -12.16 49.17 5
2 171 12.39 -8 5
2 172 10.23 -9.18 5
2 224 -29.12 26.07 5
2 500 32.04 34.46 3
2 175 6.18 -10.47 5
2 550 18.58 72.5 3
2 548 21.09 79.06 4
2 544 25.2 83 4
2 524 32.4 51.38 3
2 521 35.4 51.26 3
2 468 49.5 73.1 3
2 559 27.43 85.19 4
2 545 25.36 85.07 4
2 551 17.23 78.29 4
2 553 15.21 75.1 3
2 520 37.16 49.36 3
2 460 40.23 49.51 3
2 522 34.19 47.04 3
2 549 20.3 85.5 4
2 552 17.42 83.18 4
2 473 43.48 87.35 4
2 560 27.28 89.39 4
2 554 12.59 77.35 4
2 546 22.32 88.22 4
2 519 38.05 46.18 3
2 465 55 73.24 3
2 555 13.05 80.17 4
2 561 23.43 90.25 4
3 563 22 96.05 6
3 602 36.03 103.41 6
3 623 43.03 141.21 6
3 638 -9.3 147.1 5
3 637 -4.12 152.12 5
3 483 48.27 135.06 6
3 481 50.17 127.32 6
3 484 46.58 142.42 6
3 482 50.35 137.02 6
3 601 29.4 91.09 6
3 475 47.55 106.53 6
3 658 11.35 165.23 5
3 647 -23.42 133.53 5
3 476 52.03 113.3 6
3 646 -19.16 146.48 5
3 656 -9.26 159.57 5
3 657 -0.32 166.55 5
3 474 52.16 104.2 6
3 477 62.13 129.49 6
3 640 -31.56 115.5 5
3 479 53.01 158.39 6
3 645 -27.28 153.02 5
3 480 59.34 150.48 6
3 641 -34.55 138.35 5
3 644 -33.52 151.13 5
3 655 -22.16 166.27 5
3 642 -37.49 144.58 5
3 643 -42.53 147.19 5
3 654 -18.08 178.25 5
3 651 -36.52 174.46 5
3 478 64.45 177.29 6
3 650 -41.18 174.47 5
3 649 -43.32 172.38 5
3 648 -45.52 170.3 5
3 114 -31.24 -64.11 1
3 122 -22.54 -43.14 1
3 119 -27.35 -48.34 1
3 115 -32.53 -68.49 1
3 113 -32.57 -60.4 1
3 118 -30.04 -51.11 1
3 105 -33.27 -70.4 1
3 112 -34.36 -58.27 1
3 111 -34.5 -56.12 1
3 106 -36.5 -73.03 1
3 109 -38.43 -62.17 1
3 110 -38 -57.33 1
3 47 39.57 -75.07 3
3 46 40.43 -74.01 3
3 45 42.21 -71.04 3
3 108 -51.42 -57.51 1
3 16 44.39 -63.36 3
3 107 -53.09 -70.55 1
3 664 -27.07 -109.22 3
3 14 45.31 -73.34 3
3 13 45.25 -75.42 3
3 15 46.49 -71.14 3
3 17 47.34 -52.43 4
3 287 51.29 -3.13 4
3 242 38.21 -0.29 4
3 291 53.25 -2.55 4
3 152 32.54 13.11 4
3 415 44.26 26.06 2
3 263 48.24 -4.29 4
3 284 50.23 -4.1 4
3 442 54.41 25.19 2
3 316 63.25 10.25 4
3 440 56.57 24.06 2
3 433 37.58 23.43 2
3 412 47.1 27.35 2
3 299 57.1 -2.04 4
3 246 40.24 -3.41 4
3 296 55.57 -3.13 4
3 298 56.28 -3 4
3 247 41.39 -4.43 4
3 146 35.43 -0.43 4
3 314 60.27 22.17 2
3 429 42.3 27.28 2
3 428 43.13 27.55 2
3 297 55.53 -4.15 4
3 443 53.54 27.34 2
3 300 60.09 -1.09 4
3 416 44.11 28.39 2
3 439 59.25 24.45 2
3 153 32.07 20.04 2
3 240 37.13 -3.41 4
3 305 54.35 -5.55 4
3 304 53.2 -6.15 4
3 315 60.1 24.58 2
3 313 61.3 23.45 2
3 487 38.25 27.09 2
3 241 37.53 -4.46 4
3 486 41.01 28.58 2
3 434 35.2 25.09 2
3 239 36.43 -4.25 4
3 446 46.28 30.44 2
3 445 50.26 30.31 2
3 237 37.23 -5.59 4
3 306 55 -7.19 4
3 302 51.54 -8.28 4
3 249 43.22 -8.23 4
3 303 52.4 -8.38 4
3 145 35.48 -5.45 4
3 236 41.11 -8.36 4
3 238 36.32 -6.18 4
3 144 34.05 -4.57 4
3 311 68.26 17.25 2
3 235 38.43 -9.08 4
3 143 34.02 -6.51 4
3 454 44.36 33.32 2
3 312 65.01 25.28 2
3 438 59.55 30.15 2
3 301 62.01 -6.46 4
3 488 39.56 32.52 2
3 142 33.39 -7.35 4
3 453 48.27 34.59 2
3 141 31.38 -8 4
3 452 50 36.15 2
3 148 22.56 5.3 4
3 489 38.43 35.3 2
3 310 70.4 23.42 2
3 493 37.01 35.18 2
3 490 39.45 37.02 2
3 447 55.45 37.35 2
3 497 33.53 35.3 2
3 451 51.4 39.1 2
3 455 47.14 39.42 2
3 494 36.12 37.1 2
3 501 31.46 35.14 2
3 498 31.57 35.56 2
3 436 68.58 33.05 2
3 140 32.38 -16.54 4
3 139 28.06 -15.24 4
3 437 64.34 40.32 2
3 448 56.2 44 2
3 307 64.09 -21.51 4
3 234 37.44 -25.4 4
3 0 90 0 4
3 68 14.06 -87.13 3
3 50 25.46 -80.12 3
3 5 49.16 -123.07 3
3 42 40.26 -80 3
3 73 22.24 -79.58 3
3 69 12.09 -86.17 3
3 12 43.39 -79.23 3
3 51 25.05 -77.21 3
3 48 38.54 -77.01 3
3 11 58.46 -94.1 3
3 4 58.2 -134.27 3
3 661 -9.45 -139 3
3 3 61.13 -149.53 3
3 659 21.19 -157.52 3
3 2 64.51 -147.43 3
3 309 76.34 -68.47 3
3 660 1.52 -157.2 3
3 663 -25.04 -130.06 3
3 308 64.11 -51.44 4
3 1 71.17 -156.47 3
3 662 -17.32 -149.34 3
3 653 -14.16 -170.42 3
3 652 -21.08 -175.12 3
3 216 -15.57 -5.42 1
3 499 32.5 35 2
3 513 24.38 46.43 2
3 230 -18.55 47.31 2
3 225 -29.55 30.56 1
3 229 -23.21 43.4 2
3 496 33.3 36.18 2
3 233 -4.38 55.27 2
3 435 35.1 33.22 2
3 495 34.44 36.43 2
3 174 8.3 -13.15 4
3 173 9.31 -13.43 4
3 226 -33 27.55 1
3 228 -33.55 18.22 1
3 227 -33.58 25.4 1
3 512 26.13 50.35 2
3 514 29.2 47.59 2
3 511 25.17 51.32 2
3 515 30.3 47.47 2
3 169 11.51 -15.35 4
3 523 30.2 48.16 2
3 168 13.28 -16.39 4
3 517 35.28 44.28 2
3 166 18.06 -15.57 4
3 510 25.18 55.18 2
3 525 29.36 52.32 2
3 167 14.4 -17.26 4
3 232 -20.1 57.3 2
3 138 14.55 -23.31 4
3 217 -37.15 -12.3 1
3 130 -8.03 -34.54 1
3 131 -5.47 -35.13 1
3 129 -12.59 -38.31 1
3 665 -90 0 1
3 516 33.21 44.25 2
3 457 46.21 48.03 2
3 556 10.49 78.41 6
3 462 56.51 60.36 2
3 459 40.11 44.3 2
3 458 41.43 44.49 2
3 557 9.56 78.07 6
3 518 36.2 43.08 2
3 562 22.2 91.5 6
3 466 55.02 82.55 6
3 450 53.12 50.09 2
3 491 39.55 41.17 2
3 461 58 56.15 2
3 492 37.55 40.14 2
3 456 48.44 44.25 2
3 558 6.56 79.51 6
3 449 55.45 49.08 2
3 502 24.28 39.36 2
3 467 56.01 92.5 6
3 463 67.27 63.58 2
3 464 69.2 88.06 6
3 577 3.35 98.4 6
