1 2 38.1312 353.148 5
1 7 141.488 504.818 5
1 8 661.051 445.938 3
1 16 649.731 62.3332 4
1 17 352.966 666.787 3
1 22 397.559 231.359 1
1 23 565.785 282.386 4
1 31 400.407 253.679 1
1 32 282.304 426.838 1
1 33 58.7767 507.171 5
1 35 659.912 226.628 4
1 40 494.859 148.122 4
1 41 629.998 433.455 3
1 42 471.101 314.222 1
1 49 531.029 612.387 3
1 55 343.169 509.312 3
1 60 661.559 217.046 4
1 61 43.6892 305.472 5
1 63 210.416 130.715 2
1 67 59.4163 40.128 2
1 70 117.862 112.98 2
1 71 297.791 166.313 1
1 72 22.7643 455.534 5
1 73 259.71 10.62 2
1 75 10.0261 488.931 5
1 78 192.119 314.184 1
1 81 42.5331 656.365 5
1 82 396.127 539.465 3
1 85 559.016 560.887 3
1 86 22.6471 526.247 5
1 90 87.7495 19.617 2
1 91 350.425 420.653 1
1 93 130.924 351.149 5
1 97 49.9187 541.435 5
1 98 656.694 558.111 3
1 100 500.383 198.743 4
1 105 146.539 39.4232 2
1 108 457.263 350.016 1
1 109 537.466 472.584 3
1 116 500.257 64.9136 4
1 121 299.481 251.83 1
1 122 303.838 21.0526 2
1 124 56.02 243.066 2
1 126 608.426 222.542 4
1 128 398.23 119.558 1
1 130 378.348 272.291 1
1 133 381.654 360.334 1
1 134 557.607 595.319 3
1 141 354.724 685.405 3
1 142 193.661 669.743 5
1 143 352.314 140.327 1
2 0 37.4394 541.209 3
2 1 612.176 494.317 2
2 3 53.4418 131.485 1
2 5 689.945 468.535 2
2 6 112.748 529.418 3
2 9 98.7899 384.593 3
2 11 536.489 287.228 4
2 13 282.787 229.8 5
2 15 246.928 322.461 5
2 18 633.392 534.94 2
2 19 488.312 437.487 2
2 27 672.862 432.883 2
2 28 571.219 530.262 2
2 29 104.653 482.822 3
2 36 639.031 467.23 2
2 37 415.026 233.305 5
2 38 547.266 161.659 4
2 39 616.655 339.341 4
2 45 390.697 423.977 5
2 51 228.833 410.446 3
2 52 578.381 321.33 4
2 58 224.318 312.468 5
2 59 595.836 81.813 4
2 66 436.519 282.936 5
2 68 630.923 230.343 4
2 80 530.732 504.067 2
2 89 396.774 460.756 2
2 94 72.633 645.785 3
2 95 144.6 457.422 3
2 96 212.373 594.922 3
2 101 634.318 612.829 2
2 103 15.2146 143.044 1
2 110 269.367 367.476 5
2 112 88.4678 384.051 3
2 115 506.619 233.002 4
2 118 66.2308 24.1317 1
2 120 172.309 344.396 3
2 123 197.897 512.389 3
2 129 635.497 133.323 4
2 131 484.803 677.073 2
2 136 562.905 670.038 2
2 140 461.411 530.525 2
2 144 308.435 115.205 5
2 145 299.588 530.589 3
2 146 334.275 152.149 5
2 147 690.966 134.579 4
2 148 48.0798 270.968 1
2 149 91.6468 166.354 1
3 4 143.061 631.72 2
3 10 697.388 180.396 4
3 12 192.407 20.4394 5
3 14 240.825 281.514 1
3 20 141.404 228.433 5
3 21 17.3633 240.241 5
3 24 475.898 468.539 3
3 25 322.422 550.317 2
3 26 397.559 74.7588 4
3 30 356.71 67.6477 4
3 34 189.751 460.382 2
3 43 138.244 137.168 5
3 44 91.5848 110.02 5
3 46 565.162 429.16 3
3 47 54.5249 438.552 2
3 48 334.351 153.797 1
3 50 475.735 385.784 3
3 53 358.917 404.467 1
3 54 486.465 593.043 3
3 56 530.363 137.688 4
3 57 498.807 576.21 3
3 62 79.4653 445.964 2
3 64 432.264 629.409 3
3 65 623.249 69.1893 4
3 69 579.327 601.036 3
3 74 342.358 599.388 3
3 76 315.293 273.228 1
3 77 220.704 270.082 1
3 79 271.504 225.292 1
3 83 118.663 508.713 2
3 84 395.691 699.538 3
3 87 135.638 325.841 1
3 88 141.451 485.248 2
3 92 216.701 466.482 2
3 99 176.594 648.524 2
3 102 59.7537 551.632 2
3 104 283.005 376.444 1
3 106 101.869 635.099 2
3 107 588.197 580.595 3
3 111 239.905 102.63 5
3 113 658.913 583.958 3
3 114 97.7359 157.456 5
3 117 594.405 275.874 4
3 119 598.416 414.556 3
3 125 255.557 448.865 2
3 127 70.2723 77.9227 5
3 132 278.871 299.931 1
3 135 249.059 76.6595 5
3 137 398.55 392.649 1
3 138 590.894 370.741 3
3 139 558.201 0.419881 4
