1 2 38.1312 353.148 1
1 9 98.7899 384.593 1
1 12 192.407 20.4394 3
1 14 240.825 281.514 5
1 20 141.404 228.433 5
1 23 565.785 282.386 4
1 27 672.862 432.883 2
1 36 639.031 467.23 2
1 39 616.655 339.341 4
1 40 494.859 148.122 4
1 42 471.101 314.222 4
1 48 334.351 153.797 5
1 50 475.735 385.784 2
1 64 432.264 629.409 2
1 65 623.249 69.1893 4
1 72 22.7643 455.534 1
1 73 259.71 10.62 3
1 74 342.358 599.388 2
1 77 220.704 270.082 5
1 78 192.119 314.184 5
1 79 271.504 225.292 5
1 80 530.732 504.067 2
1 81 42.5331 656.365 1
1 84 395.691 699.538 2
1 88 141.451 485.248 1
1 89 396.774 460.756 2
1 91 350.425 420.653 5
1 93 130.924 351.149 1
1 95 144.6 457.422 1
1 96 212.373 594.922 1
1 102 59.7537 551.632 1
1 106 101.869 635.099 1
1 107 588.197 580.595 2
1 112 88.4678 384.051 1
1 113 658.913 583.958 2
1 115 506.619 233.002 4
1 117 594.405 275.874 4
1 118 66.2308 24.1317 3
1 127 70.2723 77.9227 3
1 132 278.871 299.931 5
1 133 381.654 360.334 5
1 136 562.905 670.038 2
1 139 558.201 0.419881 4
1 140 461.411 530.525 2
1 141 354.724 685.405 2
1 143 352.314 140.327 5
1 146 334.275 152.149 5
1 149 91.6468 166.354 3
2 1 612.176 494.317 2
2 4 143.061 631.72 4
2 5 689.945 468.535 2
2 13 282.787 229.8 1
2 15 246.928 322.461 1
2 16 649.731 62.3332 5
2 19 488.312 437.487 2
2 22 397.559 231.359 1
2 26 397.559 74.7588 1
2 29 104.653 482.822 4
2 30 356.71 67.6477 1
2 41 629.998 433.455 2
2 43 138.244 137.168 3
2 45 390.697 423.977 2
2 51 228.833 410.446 4
2 52 578.381 321.33 2
2 53 358.917 404.467 2
2 55 343.169 509.312 2
2 56 530.363 137.688 5
2 57 498.807 576.21 2
2 59 595.836 81.813 5
2 61 43.6892 305.472 3
2 62 79.4653 445.964 4
2 66 436.519 282.936 1
2 67 59.4163 40.128 3
2 68 630.923 230.343 5
2 71 297.791 166.313 1
2 75 10.0261 488.931 4
2 76 315.293 273.228 1
2 82 396.127 539.465 2
2 85 559.016 560.887 2
2 86 22.6471 526.247 4
2 90 87.7495 19.617 3
2 99 176.594 648.524 4
2 100 500.383 198.743 5
2 101 634.318 612.829 2
2 105 146.539 39.4232 3
2 109 537.466 472.584 2
2 110 269.367 367.476 1
2 114 97.7359 157.456 3
2 121 299.481 251.83 1
2 124 56.02 243.066 3
2 128 398.23 119.558 1
2 129 635.497 133.323 5
2 137 398.55 392.649 2
2 138 590.894 370.741 2
2 142 193.661 669.743 4
2 144 308.435 115.205 1
2 145 299.588 530.589 4
2 147 690.966 134.579 5
2 148 48.0798 270.968 3
3 0 37.4394 541.209 3
3 3 53.4418 131.485 1
3 6 112.748 529.418 3
3 7 141.488 504.818 3
3 8 661.051 445.938 2
3 10 697.388 180.396 4
3 11 536.489 287.228 4
3 17 352.966 666.787 2
3 18 633.392 534.94 2
3 21 17.3633 240.241 1
3 24 475.898 468.539 2
3 25 322.422 550.317 5
3 28 571.219 530.262 2
3 31 400.407 253.679 4
3 32 282.304 426.838 5
3 33 58.7767 507.171 3
3 34 189.751 460.382 5
3 35 659.912 226.628 4
3 37 415.026 233.305 4
3 38 547.266 161.659 4
3 44 91.5848 110.02 1
3 46 565.162 429.16 2
3 47 54.5249 438.552 3
3 49 531.029 612.387 2
3 54 486.465 593.043 2
3 58 224.318 312.468 5
3 60 661.559 217.046 4
3 63 210.416 130.715 1
3 69 579.327 601.036 2
3 70 117.862 112.98 1
3 83 118.663 508.713 3
3 87 135.638 325.841 5
3 92 216.701 466.482 5
3 94 72.633 645.785 3
3 97 49.9187 541.435 3
3 98 656.694 558.111 2
3 103 15.2146 143.044 1
3 104 283.005 376.444 5
3 108 457.263 350.016 4
3 111 239.905 102.63 1
3 116 500.257 64.9136 4
3 119 598.416 414.556 2
3 120 172.309 344.396 5
3 122 303.838 21.0526 1
3 123 197.897 512.389 5
3 125 255.557 448.865 5
3 126 608.426 222.542 4
3 130 378.348 272.291 4
3 131 484.803 677.073 2
3 134 557.607 595.319 2
3 135 249.059 76.6595 1
