1 28 571.219 530.262 5
1 85 559.016 560.887 5
1 80 530.732 504.067 5
1 1 612.176 494.317 5
1 109 537.466 472.584 5
1 107 588.197 580.595 5
1 18 633.392 534.94 5
1 134 557.607 595.319 5
1 69 579.327 601.036 5
1 114 97.7359 157.456 3
1 149 91.6468 166.354 3
1 43 138.244 137.168 3
1 70 117.862 112.98 3
1 44 91.5848 110.02 3
1 3 53.4418 131.485 3
1 20 141.404 228.433 3
1 127 70.2723 77.9227 3
1 103 15.2146 143.044 3
1 126 608.426 222.542 2
1 68 630.923 230.343 2
1 117 594.405 275.874 2
1 35 659.912 226.628 2
1 60 661.559 217.046 2
1 23 565.785 282.386 2
1 38 547.266 161.659 2
1 11 536.489 287.228 2
1 115 506.619 233.002 2
1 123 197.897 512.389 1
1 96 212.373 594.922 1
1 7 141.488 504.818 1
1 6 112.748 529.418 1
1 83 118.663 508.713 1
1 88 141.451 485.248 1
1 34 189.751 460.382 1
1 92 216.701 466.482 1
1 4 143.061 631.72 1
1 99 176.594 648.524 1
1 95 144.6 457.422 1
1 29 104.653 482.822 1
1 106 101.869 635.099 1
1 76 315.293 273.228 4
1 121 299.481 251.83 4
1 130 378.348 272.291 4
1 132 278.871 299.931 4
1 31 400.407 253.679 4
1 13 282.787 229.8 4
1 22 397.559 231.359 4
1 79 271.504 225.292 4
1 37 415.026 233.305 4
1 14 240.825 281.514 4
1 133 381.654 360.334 4
1 15 246.928 322.461 4
1 66 436.519 282.936 4
1 71 297.791 166.313 4
2 57 498.807 576.21 5
2 36 639.031 467.23 5
2 49 531.029 612.387 5
2 46 565.162 429.16 5
2 98 656.694 558.111 5
2 140 461.411 530.525 5
2 54 486.465 593.043 5
2 24 475.898 468.539 5
2 63 210.416 130.715 4
2 124 56.02 243.066 4
2 105 146.539 39.4232 4
2 67 59.4163 40.128 4
2 21 17.3633 240.241 4
2 148 48.0798 270.968 4
2 90 87.7495 19.617 4
2 118 66.2308 24.1317 4
2 129 635.497 133.323 1
2 100 500.383 198.743 1
2 52 578.381 321.33 1
2 10 697.388 180.396 1
2 56 530.363 137.688 1
2 39 616.655 339.341 1
2 147 690.966 134.579 1
2 40 494.859 148.122 1
2 145 299.588 530.589 5
2 142 193.661 669.743 2
2 102 59.7537 551.632 2
2 33 58.7767 507.171 2
2 97 49.9187 541.435 2
2 25 322.422 550.317 5
2 94 72.633 645.785 2
2 0 37.4394 541.209 2
2 62 79.4653 445.964 2
2 86 22.6471 526.247 2
2 55 343.169 509.312 5
2 74 342.358 599.388 5
2 110 269.367 367.476 3
2 77 220.704 270.082 3
2 104 283.005 376.444 3
2 58 224.318 312.468 3
2 48 334.351 153.797 3
2 146 334.275 152.149 3
2 53 358.917 404.467 3
2 143 352.314 140.327 3
2 137 398.55 392.649 3
2 42 471.101 314.222 3
2 108 457.263 350.016 3
2 91 350.425 420.653 3
2 78 192.119 314.184 3
3 41 629.998 433.455 3
3 113 658.913 583.958 3
3 101 634.318 612.829 3
3 119 598.416 414.556 3
3 19 488.312 437.487 3
3 8 661.051 445.938 3
3 82 396.127 539.465 4
3 111 239.905 102.63 1
3 12 192.407 20.4394 1
3 135 249.059 76.6595 1
3 61 43.6892 305.472 2
3 87 135.638 325.841 2
3 93 130.924 351.149 2
3 73 259.71 10.62 1
3 2 38.1312 353.148 2
3 59 595.836 81.813 5
3 138 590.894 370.741 3
3 65 623.249 69.1893 5
3 16 649.731 62.3332 5
3 116 500.257 64.9136 5
3 27 672.862 432.883 3
3 5 689.945 468.535 3
3 47 54.5249 438.552 2
3 81 42.5331 656.365 2
3 75 10.0261 488.931 2
3 9 98.7899 384.593 2
3 72 22.7643 455.534 2
3 112 88.4678 384.051 2
3 17 352.966 666.787 4
3 141 354.724 685.405 4
3 84 395.691 699.538 4
3 64 432.264 629.409 4
3 131 484.803 677.073 4
3 136 562.905 670.038 4
3 45 390.697 423.977 4
3 144 308.435 115.205 1
3 32 282.304 426.838 2
3 128 398.23 119.558 1
3 51 228.833 410.446 2
3 120 172.309 344.396 2
3 50 475.735 385.784 3
3 125 255.557 448.865 2
3 89 396.774 460.756 4
3 30 356.71 67.6477 1
3 26 397.559 74.7588 1
3 122 303.838 21.0526 1
3 139 558.201 0.419881 5
