1 3 38.1312 353.148 3
1 8 141.488 504.818 3
1 9 661.051 445.938 2
1 17 649.731 62.3332 4
1 18 352.966 666.787 2
1 23 397.559 231.359 1
1 24 565.785 282.386 4
1 32 400.407 253.679 1
1 33 282.304 426.838 1
1 34 58.7767 507.171 3
1 36 659.912 226.628 4
1 41 494.859 148.122 4
1 42 629.998 433.455 2
1 43 471.101 314.222 1
1 50 531.029 612.387 2
1 56 343.169 509.312 2
1 61 661.559 217.046 4
1 62 43.6892 305.472 3
1 64 210.416 130.715 5
1 68 59.4163 40.128 5
1 71 117.862 112.98 5
1 72 297.791 166.313 1
1 73 22.7643 455.534 3
1 74 259.71 10.62 5
1 76 10.0261 488.931 3
1 79 192.119 314.184 1
1 82 42.5331 656.365 3
1 83 396.127 539.465 2
1 86 559.016 560.887 2
1 87 22.6471 526.247 3
1 91 87.7495 19.617 5
1 92 350.425 420.653 1
1 94 130.924 351.149 3
1 98 49.9187 541.435 3
1 99 656.694 558.111 2
1 101 500.383 198.743 4
1 106 146.539 39.4232 5
1 109 457.263 350.016 1
1 110 537.466 472.584 2
1 117 500.257 64.9136 4
1 122 299.481 251.83 1
1 123 303.838 21.0526 5
1 125 56.02 243.066 5
1 127 608.426 222.542 4
1 129 398.23 119.558 1
1 131 378.348 272.291 1
1 134 381.654 360.334 1
1 135 557.607 595.319 2
1 142 354.724 685.405 2
1 143 193.661 669.743 3
1 144 352.314 140.327 1
2 1 37.4394 541.209 3
2 2 612.176 494.317 2
2 4 53.4418 131.485 1
2 6 689.945 468.535 2
2 7 112.748 529.418 3
2 10 98.7899 384.593 3
2 12 536.489 287.228 5
2 14 282.787 229.8 4
2 16 246.928 322.461 4
2 19 633.392 534.94 2
2 20 488.312 437.487 2
2 28 672.862 432.883 2
2 29 571.219 530.262 2
2 30 104.653 482.822 3
2 37 639.031 467.23 2
2 38 415.026 233.305 4
2 39 547.266 161.659 5
2 40 616.655 339.341 5
2 46 390.697 423.977 4
2 52 228.833 410.446 3
2 53 578.381 321.33 5
2 59 224.318 312.468 4
2 60 595.836 81.813 5
2 67 436.519 282.936 4
2 69 630.923 230.343 5
2 81 530.732 504.067 2
2 90 396.774 460.756 2
2 95 72.633 645.785 3
2 96 144.6 457.422 3
2 97 212.373 594.922 3
2 102 634.318 612.829 2
2 104 15.2146 143.044 1
2 111 269.367 367.476 4
2 113 88.4678 384.051 3
2 116 506.619 233.002 5
2 119 66.2308 24.1317 1
2 121 172.309 344.396 3
2 124 197.897 512.389 3
2 130 635.497 133.323 5
2 132 484.803 677.073 2
2 137 562.905 670.038 2
2 141 461.411 530.525 2
2 145 308.435 115.205 4
2 146 299.588 530.589 3
2 147 334.275 152.149 4
2 148 690.966 134.579 5
2 149 48.0798 270.968 1
2 150 91.6468 166.354 1
3 5 143.061 631.72 3
3 11 697.388 180.396 2
3 13 192.407 20.4394 1
3 15 240.825 281.514 5
3 21 141.404 228.433 1
3 22 17.3633 240.241 1
3 25 475.898 468.539 4
3 26 322.422 550.317 3
3 27 397.559 74.7588 2
3 31 356.71 67.6477 2
3 35 189.751 460.382 3
3 44 138.244 137.168 1
3 45 91.5848 110.02 1
3 47 565.162 429.16 4
3 48 54.5249 438.552 3
3 49 334.351 153.797 5
3 51 475.735 385.784 4
3 54 358.917 404.467 5
3 55 486.465 593.043 4
3 57 530.363 137.688 2
3 58 498.807 576.21 4
3 63 79.4653 445.964 3
3 65 432.264 629.409 4
3 66 623.249 69.1893 2
3 70 579.327 601.036 4
3 75 342.358 599.388 4
3 77 315.293 273.228 5
3 78 220.704 270.082 5
3 80 271.504 225.292 5
3 84 118.663 508.713 3
3 85 395.691 699.538 4
3 88 135.638 325.841 5
3 89 141.451 485.248 3
3 93 216.701 466.482 3
3 100 176.594 648.524 3
3 103 59.7537 551.632 3
3 105 283.005 376.444 5
3 107 101.869 635.099 3
3 108 588.197 580.595 4
3 112 239.905 102.63 1
3 114 658.913 583.958 4
3 115 97.7359 157.456 1
3 118 594.405 275.874 2
3 120 598.416 414.556 4
3 126 255.557 448.865 3
3 128 70.2723 77.9227 1
3 133 278.871 299.931 5
3 136 249.059 76.6595 1
3 138 398.55 392.649 5
3 139 590.894 370.741 4
3 140 558.201 0.419881 2
