1 7 141.488 504.818 4
1 88 141.451 485.248 4
1 83 118.663 508.713 4
1 29 104.653 482.822 4
1 6 112.748 529.418 4
1 95 144.6 457.422 4
1 123 197.897 512.389 4
1 34 189.751 460.382 4
1 62 79.4653 445.964 4
1 33 58.7767 507.171 4
1 92 216.701 466.482 4
1 102 59.7537 551.632 4
1 97 49.9187 541.435 4
1 80 530.732 504.067 2
1 85 559.016 560.887 2
1 28 571.219 530.262 2
1 57 498.807 576.21 2
1 109 537.466 472.584 2
1 134 557.607 595.319 2
1 140 461.411 530.525 2
1 54 486.465 593.043 2
1 107 588.197 580.595 2
1 49 531.029 612.387 2
1 69 579.327 601.036 2
1 24 475.898 468.539 2
1 1 612.176 494.317 2
1 76 315.293 273.228 3
1 121 299.481 251.83 3
1 130 378.348 272.291 3
1 13 282.787 229.8 3
1 31 400.407 253.679 3
1 132 278.871 299.931 3
1 22 397.559 231.359 3
1 79 271.504 225.292 3
1 37 415.026 233.305 3
1 14 240.825 281.514 3
1 66 436.519 282.936 3
1 126 608.426 222.542 5
1 38 547.266 161.659 5
1 68 630.923 230.343 5
1 129 635.497 133.323 5
1 56 530.363 137.688 5
1 60 661.559 217.046 5
1 35 659.912 226.628 5
1 100 500.383 198.743 5
1 70 117.862 112.98 1
1 43 138.244 137.168 1
1 44 91.5848 110.02 1
1 114 97.7359 157.456 1
1 149 91.6468 166.354 1
1 127 70.2723 77.9227 1
1 3 53.4418 131.485 1
1 105 146.539 39.4232 1
2 47 54.5249 438.552 2
2 0 37.4394 541.209 2
2 86 22.6471 526.247 2
2 72 22.7643 455.534 2
2 9 98.7899 384.593 2
2 112 88.4678 384.051 2
2 75 10.0261 488.931 2
2 96 212.373 594.922 2
2 51 228.833 410.446 5
2 125 255.557 448.865 5
2 4 143.061 631.72 2
2 106 101.869 635.099 2
2 18 633.392 534.94 3
2 19 488.312 437.487 3
2 46 565.162 429.16 3
2 98 656.694 558.111 3
2 36 639.031 467.23 3
2 101 634.318 612.829 3
2 82 396.127 539.465 3
2 64 432.264 629.409 3
2 113 658.913 583.958 3
2 136 562.905 670.038 3
2 119 598.416 414.556 3
2 41 629.998 433.455 3
2 71 297.791 166.313 1
2 15 246.928 322.461 5
2 133 381.654 360.334 5
2 48 334.351 153.797 1
2 146 334.275 152.149 1
2 77 220.704 270.082 5
2 58 224.318 312.468 5
2 110 269.367 367.476 5
2 104 283.005 376.444 5
2 143 352.314 140.327 1
2 53 358.917 404.467 5
2 117 594.405 275.874 4
2 115 506.619 233.002 4
2 59 595.836 81.813 4
2 40 494.859 148.122 4
2 23 565.785 282.386 4
2 10 697.388 180.396 4
2 147 690.966 134.579 4
2 63 210.416 130.715 1
2 67 59.4163 40.128 1
2 90 87.7495 19.617 1
2 20 141.404 228.433 1
2 103 15.2146 143.044 1
2 118 66.2308 24.1317 1
2 111 239.905 102.63 1
2 12 192.407 20.4394 1
3 93 130.924 351.149 3
3 99 176.594 648.524 5
3 120 172.309 344.396 3
3 94 72.633 645.785 5
3 32 282.304 426.838 4
3 145 299.588 530.589 4
3 87 135.638 325.841 3
3 2 38.1312 353.148 3
3 81 42.5331 656.365 5
3 142 193.661 669.743 5
3 25 322.422 550.317 4
3 131 484.803 677.073 4
3 89 396.774 460.756 4
3 8 661.051 445.938 2
3 50 475.735 385.784 2
3 5 689.945 468.535 2
3 27 672.862 432.883 2
3 138 590.894 370.741 2
3 55 343.169 509.312 4
3 74 342.358 599.388 4
3 84 395.691 699.538 4
3 17 352.966 666.787 4
3 141 354.724 685.405 4
3 137 398.55 392.649 4
3 42 471.101 314.222 2
3 108 457.263 350.016 2
3 144 308.435 115.205 1
3 78 192.119 314.184 3
3 91 350.425 420.653 4
3 128 398.23 119.558 1
3 45 390.697 423.977 4
3 30 356.71 67.6477 1
3 26 397.559 74.7588 1
3 65 623.249 69.1893 1
3 11 536.489 287.228 2
3 16 649.731 62.3332 1
3 52 578.381 321.33 2
3 116 500.257 64.9136 1
3 39 616.655 339.341 2
3 139 558.201 0.419881 1
3 135 249.059 76.6595 1
3 124 56.02 243.066 3
3 21 17.3633 240.241 3
3 148 48.0798 270.968 3
3 73 259.71 10.62 1
3 61 43.6892 305.472 3
3 122 303.838 21.0526 1
