1 0 90 0 3
1 3 61.13 -149.53 10
1 5 49.16 -123.07 10
1 6 53.33 -113.28 10
1 10 49.53 -97.09 1
1 13 45.25 -75.42 11
1 14 45.31 -73.34 11
1 16 44.39 -63.36 11
1 21 37.48 -122.24 10
1 23 32.43 -117.09 10
1 24 40.46 -111.53 10
1 26 39.43 -105.01 1
1 27 35.05 -106.4 1
1 28 31.45 -106.29 1
1 29 46.47 -92.06 1
1 30 44.59 -93.13 1
1 31 41.16 -95.57 1
1 32 39.07 -94.39 1
1 35 29.46 -95.22 1
1 39 35.08 -90.03 1
1 44 33.45 -84.23 1
1 55 22.13 -97.51 1
1 57 20.4 -103.2 1
1 58 19.24 -99.09 1
1 60 19.2 -96.4 1
1 64 20.58 -89.37 5
1 65 17.3 -88.12 5
1 66 14.38 -90.31 5
1 67 13.42 -89.12 5
1 68 14.06 -87.13 5
1 69 12.09 -86.17 5
1 70 9.56 -84.05 5
1 71 8.58 -79.32 5
1 75 18 -76.48 5
1 77 18.28 -69.54 5
1 84 5.5 -55.1 18
1 87 10.4 -71.37 5
1 89 6.15 -75.35 5
1 95 -2.1 -79.5 5
1 97 -8.07 -79.02 5
1 101 -16.3 -68.09 4
1 105 -33.27 -70.4 4
1 106 -36.5 -73.03 4
1 108 -51.42 -57.51 4
1 113 -32.57 -60.4 4
1 118 -30.04 -51.11 4
1 119 -27.35 -48.34 4
1 122 -22.54 -43.14 18
1 123 -20.23 -43.3 18
1 126 -15.35 -56.05 18
1 131 -5.47 -35.13 18
1 134 -2.31 -44.16 18
1 135 -1.27 -48.29 18
1 137 -8.46 -63.54 18
1 142 33.39 -7.35 19
1 149 36.22 6.37 19
1 152 32.54 13.11 19
1 153 32.07 20.04 12
1 157 30.03 31.15 8
1 158 24.05 32.53 8
1 159 19.37 37.14 8
1 161 13.11 30.13 8
1 163 15.2 38.53 8
1 167 14.4 -17.26 16
1 178 5.33 -0.13 16
1 179 6.08 1.13 16
1 181 12.22 -1.31 16
1 186 6.27 3.24 16
1 191 4.22 18.35 16
1 192 0.23 9.27 16
1 197 0.3 25.12 14
1 206 -8.48 13.14 14
1 209 -12.49 28.13 14
1 211 -20.09 28.36 14
1 221 -24.45 25.55 14
1 224 -29.12 26.07 14
1 227 -33.58 25.4 14
1 237 37.23 -5.59 19
1 238 36.32 -6.18 19
1 239 36.43 -4.25 19
1 241 37.53 -4.46 19
1 243 39.28 -0.22 19
1 246 40.24 -3.41 19
1 250 38.54 1.26 19
1 251 39.34 2.39 19
1 252 42.3 1.31 19
1 257 43.42 7.23 3
1 258 42.42 9.27 3
1 260 45.26 4.24 3
1 277 51.03 3.43 3
1 282 52.05 5.08 3
1 284 50.23 -4.1 3
1 285 50.43 -1.54 3
1 287 51.29 -3.13 3
1 290 52.3 -1.5 3
1 299 57.1 -2.04 3
1 308 64.11 -51.44 11
1 315 60.1 24.58 12
1 318 58.58 5.45 3
1 319 59.55 10.45 3
1 320 57.43 11.58 3
1 324 57.38 18.18 12
1 333 52.24 9.44 3
1 334 52.07 11.38 3
1 337 50.44 7.05 3
1 339 51.12 6.47 3
1 341 51.28 7.01 3
1 344 51.31 7.28 3
1 345 51.19 9.29 3
1 348 51.19 12.2 3
1 349 50.5 12.55 3
1 354 49.48 9.56 3
1 355 49.27 11.04 3
1 360 46.12 6.09 3
1 362 46.57 7.26 3
1 365 47.16 11.24 3
1 367 48.18 14.18 3
1 370 45.03 7.4 3
1 372 45.27 11 3
1 376 44.29 11.2 3
1 378 43.55 12.28 3
1 386 37.3 15.06 12
1 389 53.24 14.32 3
1 390 54.23 18.4 12
1 393 51.46 19.3 12
1 397 50.16 19 12
1 398 50.03 19.58 12
1 399 51.15 22.35 12
1 401 50.05 14.26 3
1 403 49.12 16.37 12
1 407 47.32 21.38 12
1 408 46.05 18.13 12
1 410 45.45 21.13 12
1 411 46.47 23.36 12
1 412 47.1 27.35 12
1 414 45.39 25.37 12
1 415 44.26 26.06 12
1 428 43.13 27.55 12
1 429 42.3 27.28 12
1 433 37.58 23.43 12
1 436 68.58 33.05 12
1 439 59.25 24.45 12
1 440 56.57 24.06 12
1 441 54.43 20.3 12
1 450 53.12 50.09 17
1 461 58 56.15 17
1 465 55 73.24 17
1 470 41.2 69.18 17
1 475 47.55 106.53 15
1 476 52.03 113.3 15
1 481 50.17 127.32 2
1 482 50.35 137.02 2
1 483 48.27 135.06 2
1 484 46.58 142.42 2
1 491 39.55 41.17 8
1 493 37.01 35.18 8
1 495 34.44 36.43 8
1 504 21.27 39.49 8
1 505 15.23 44.12 8
1 506 14.48 42.57 8
1 514 29.2 47.59 8
1 515 30.3 47.47 8
1 517 35.28 44.28 8
1 521 35.4 51.26 17
1 526 30.17 57.05 17
1 528 34.2 62.12 17
1 530 34.31 69.12 17
1 533 31.25 73.05 6
1 534 30.11 71.29 6
1 535 30.12 67 17
1 538 24.52 67.03 6
1 539 30.19 78.02 6
1 540 28.4 77.13 6
1 545 25.36 85.07 6
1 547 23.02 72.37 6
1 551 17.23 78.29 6
1 553 15.21 75.1 6
1 557 9.56 78.07 6
1 558 6.56 79.51 6
1 559 27.43 85.19 6
1 562 22.2 91.5 6
1 563 22 96.05 6
1 568 21.02 105.51 15
1 572 11.33 104.55 20
1 575 3.1 101.42 20
1 582 -7.48 110.22 20
1 584 -8.39 115.13 20
1 593 -5.4 132.45 20
1 596 10.42 122.34 20
1 603 34.15 108.52 15
1 608 26.06 119.17 15
1 609 30.36 114.17 15
1 610 32.03 118.47 15
1 612 34.48 113.39 15
1 613 36.06 120.19 15
1 614 37.55 112.3 15
1 615 39.08 117.12 15
1 618 41.48 123.27 15
1 619 45.45 126.41 2
1 624 39.43 140.07 2
1 625 38.15 140.53 2
1 626 35.42 139.46 2
1 628 36.34 136.39 2
1 630 34.4 135.3 2
1 631 34.24 132.27 2
1 632 32.48 129.55 2
1 637 -4.12 152.12 13
1 638 -9.3 147.1 13
1 640 -31.56 115.5 20
1 642 -37.49 144.58 9
1 643 -42.53 147.19 9
1 644 -33.52 151.13 9
1 645 -27.28 153.02 9
1 646 -19.16 146.48 13
1 648 -45.52 170.3 9
1 650 -41.18 174.47 9
1 653 -14.16 -170.42 7
1 654 -18.08 178.25 13
1 655 -22.16 166.27 13
1 656 -9.26 159.57 13
1 659 21.19 -157.52 7
1 660 1.52 -157.2 7
1 662 -17.32 -149.34 7
2 1 71.17 -156.47 7
2 2 64.51 -147.43 7
2 4 58.2 -134.27 7
2 7 51.03 -114.05 6
2 8 50.25 -104.39 6
2 9 52.07 -106.38 6
2 11 58.46 -94.1 13
2 12 43.39 -79.23 13
2 15 46.49 -71.14 13
2 18 47.36 -122.2 6
2 19 47.4 -117.23 6
2 22 34.03 -118.15 6
2 25 33.27 -112.05 6
2 33 35.28 -97.32 1
2 34 32.47 -96.48 1
2 36 43.02 -87.55 13
2 37 41.53 -87.38 13
2 38 38.39 -90.25 1
2 40 29.58 -90.07 1
2 48 38.54 -77.01 13
2 49 30.2 -81.4 1
2 50 25.46 -80.12 1
2 51 25.05 -77.21 1
2 52 28.38 -106.05 1
2 53 25.33 -103.26 1
2 54 25.4 -100.19 1
2 56 22.09 -100.59 1
2 59 19.03 -98.12 1
2 61 16.51 -99.55 1
2 62 17.03 -96.43 1
2 72 23.08 -82.22 1
2 73 22.24 -79.58 1
2 74 20.01 -75.49 19
2 76 18.32 -72.2 19
2 82 12.06 -68.56 19
2 85 6.48 -58.1 19
2 86 10.3 -66.56 19
2 88 10.59 -74.48 19
2 90 4.36 -74.05 19
2 91 3.27 -76.31 19
2 92 -0.56 -91.01 19
2 93 -0.13 -78.3 19
2 98 -12.03 -77.03 19
2 99 -13.31 -71.59 9
2 100 -16.24 -71.33 9
2 102 -17.48 -63.1 9
2 104 -23.39 -70.24 9
2 107 -53.09 -70.55 9
2 109 -38.43 -62.17 9
2 110 -38 -57.33 9
2 112 -34.36 -58.27 9
2 114 -31.24 -64.11 9
2 115 -32.53 -68.49 9
2 124 -19.55 -43.56 9
2 125 -20.27 -54.37 9
2 132 -3.43 -38.3 15
2 136 -3.08 -60.01 19
2 143 34.02 -6.51 5
2 150 36.48 10.11 5
2 169 11.51 -15.35 15
2 177 6.41 -1.35 15
2 189 3.45 8.47 15
2 196 -5.54 22.25 8
2 200 0.19 32.25 8
2 205 -6.48 39.17 8
2 208 -11.4 27.28 8
2 210 -15.25 28.17 8
2 214 -19.49 34.52 8
2 215 -25.58 32.35 8
2 216 -15.57 -5.42 15
2 222 -25.45 28.1 8
2 229 -23.21 43.4 8
2 230 -18.55 47.31 8
2 231 -12.16 49.17 8
2 233 -4.38 55.27 8
2 242 38.21 -0.29 5
2 254 43.36 1.26 5
2 255 43.18 5.24 5
2 259 45.5 1.16 5
2 262 45.1 5.43 5
2 265 47.13 -1.33 5
2 274 50.38 5.34 5
2 278 51.13 4.25 5
2 279 51.26 5.28 5
2 283 53.13 6.33 5
2 289 51.3 -0.1 5
2 291 53.25 -2.55 5
2 293 53.23 -1.3 5
2 297 55.53 -4.15 5
2 300 60.09 -1.09 5
2 301 62.01 -6.46 5
2 302 51.54 -8.28 5
2 304 53.2 -6.15 5
2 306 55 -7.19 5
2 309 76.34 -68.47 13
2 310 70.4 23.42 2
2 311 68.26 17.25 2
2 312 65.01 25.28 2
2 314 60.27 22.17 2
2 316 63.25 10.25 2
2 317 60.23 5.2 5
2 321 55.36 13 2
2 322 58.25 15.37 2
2 326 55.24 10.23 2
2 327 55.4 12.35 2
2 328 53.04 8.49 5
2 329 53.33 9.59 2
2 330 54.2 10.08 2
2 331 54.05 12.07 2
2 336 50.47 6.05 5
2 340 51.17 7.17 5
2 342 51.28 7.13 5
2 346 50.58 11.01 2
2 350 51.03 13.44 2
2 353 49.25 8.43 5
2 357 48.46 9.11 5
2 358 49.01 12.06 2
2 359 48.08 11.34 2
2 364 47.23 8.32 5
2 366 47.48 13.02 2
2 369 47.05 15.27 2
2 374 45.4 13.46 2
2 379 39.2 9 5
2 384 40.28 17.15 2
2 388 35.54 14.31 2
2 391 53.08 18 2
2 394 52.15 21 2
2 395 53.09 23.09 2
2 396 51.06 17 2
2 402 49.5 18.17 2
2 405 48.43 21.15 2
2 409 46.15 20.09 2
2 416 44.11 28.39 10
2 418 45.2 14.27 2
2 424 41.59 21.26 2
2 426 42.41 23.19 2
2 431 40.38 22.56 2
2 437 64.34 40.32 10
2 442 54.41 25.19 2
2 446 46.28 30.44 10
2 447 55.45 37.35 10
2 448 56.2 44 10
2 451 51.4 39.1 10
2 454 44.36 33.32 10
2 457 46.21 48.03 10
2 458 41.43 44.49 10
2 459 40.11 44.3 10
2 462 56.51 60.36 17
2 463 67.27 63.58 17
2 464 69.2 88.06 17
2 466 55.02 82.55 17
2 467 56.01 92.5 17
2 468 49.5 73.1 17
2 473 43.48 87.35 17
2 474 52.16 104.2 17
2 477 62.13 129.49 4
2 478 64.45 177.29 18
2 479 53.01 158.39 18
2 480 59.34 150.48 18
2 485 43.1 131.56 4
2 488 39.56 32.52 10
2 490 39.45 37.02 10
2 494 36.12 37.1 10
2 497 33.53 35.3 10
2 498 31.57 35.56 10
2 501 31.46 35.14 10
2 502 24.28 39.36 10
2 507 12.45 45.12 8
2 516 33.21 44.25 10
2 519 38.05 46.18 10
2 543 26.28 80.21 3
2 544 25.2 83 3
2 549 20.3 85.5 3
2 550 18.58 72.5 3
2 552 17.42 83.18 3
2 561 23.43 90.25 3
2 565 18.47 98.59 3
2 569 16.28 107.36 3
2 577 3.35 98.4 16
2 578 -0.57 100.21 16
2 580 -6.1 106.48 16
2 581 -6.54 107.36 16
2 583 -7.15 112.45 16
2 585 -10.1 123.35 16
2 586 -3.2 114.35 16
2 587 1.33 110.2 16
2 588 4.56 114.55 16
2 589 -0.3 117.09 16
2 590 -5.07 119.24 16
2 591 1.29 124.51 16
2 592 -3.43 128.12 16
2 594 7.04 125.36 16
2 595 10.18 123.54 16
2 598 22.17 114.09 4
2 599 22.38 120.17 4
2 600 25.03 121.3 4
2 602 36.03 103.41 3
2 604 30.39 104.04 3
2 611 31.14 121.28 4
2 616 39.55 116.25 4
2 617 38.53 121.35 4
2 620 39.01 125.45 4
2 621 37.33 126.58 4
2 622 35.06 129.03 4
2 623 43.03 141.21 4
2 627 35.1 136.55 4
2 629 35 135.45 4
2 633 31.36 130.33 4
2 634 26.13 127.4 4
2 635 13.28 144.47 20
2 636 -2.32 140.42 20
2 639 -12.28 130.5 16
2 641 -34.55 138.35 12
2 647 -23.42 133.53 16
2 649 -43.32 172.38 12
2 651 -36.52 174.46 12
2 652 -21.08 -175.12 11
2 657 -0.32 166.55 20
2 658 11.35 165.23 20
2 661 -9.45 -139 11
2 663 -25.04 -130.06 11
2 664 -27.07 -109.22 11
2 665 -90 0 14
3 17 47.34 -52.43 10
3 20 38.35 -121.3 2
3 41 42.2 -83.03 10
3 42 40.26 -80 10
3 43 39.06 -84.31 10
3 45 42.21 -71.04 10
3 46 40.43 -74.01 10
3 47 39.57 -75.07 10
3 63 17.59 -92.55 2
3 78 18.28 -66.07 8
3 79 14.36 -61.05 8
3 80 13.06 -59.37 8
3 81 10.39 -61.31 8
3 83 4.56 -52.2 8
3 94 -1.4 -78.38 8
3 96 -3.46 -73.15 8
3 103 -19.35 -65.45 20
3 111 -34.5 -56.12 20
3 116 -26.49 -65.13 20
3 117 -25.16 -57.4 20
3 120 -25.25 -49.15 20
3 121 -23.32 -46.37 16
3 127 -16.4 -49.16 16
3 128 -15.47 -47.55 16
3 129 -12.59 -38.31 16
3 130 -8.03 -34.54 16
3 133 -5.05 -42.49 16
3 138 14.55 -23.31 3
3 139 28.06 -15.24 6
3 140 32.38 -16.54 6
3 141 31.38 -8 6
3 144 34.05 -4.57 6
3 145 35.48 -5.45 6
3 146 35.43 -0.43 6
3 147 36.47 3.03 6
3 148 22.56 5.3 13
3 151 34.44 10.46 5
3 154 31.12 29.54 1
3 155 31.16 32.18 1
3 156 29.58 32.33 1
3 160 15.36 32.32 1
3 162 13.38 25.21 13
3 164 9 38.5 11
3 165 11.36 43.09 11
3 166 18.06 -15.57 3
3 168 13.28 -16.39 3
3 170 16.46 -3.01 3
3 171 12.39 -8 3
3 172 10.23 -9.18 3
3 173 9.31 -13.43 3
3 174 8.3 -13.15 3
3 175 6.18 -10.47 3
3 176 5.19 -4.02 3
3 180 6.29 2.37 13
3 182 13.31 2.07 13
3 183 12 8.3 13
3 184 11.51 13.1 13
3 185 12.07 15.03 13
3 187 6.27 7.27 13
3 188 0.2 6.44 13
3 190 3.52 11.31 13
3 193 -4.16 15.17 13
3 194 -4.18 15.18 13
3 195 0.04 18.16 13
3 198 -3.23 29.22 11
3 199 -1.57 30.04 11
3 201 -1.17 36.49 11
3 202 2.01 45.2 11
3 203 -4.03 39.4 11
3 204 -6.1 39.11 11
3 207 -12.44 15.47 7
3 212 -17.5 31.03 7
3 213 -15.47 35 11
3 217 -37.15 -12.3 19
3 218 -22.59 14.31 7
3 219 -22.34 17.06 7
3 220 -26.38 15.1 7
3 223 -26.15 28 7
3 225 -29.55 30.56 7
3 226 -33 27.55 7
3 228 -33.55 18.22 7
3 232 -20.1 57.3 11
3 234 37.44 -25.4 6
3 235 38.43 -9.08 6
3 236 41.11 -8.36 6
3 240 37.13 -3.41 6
3 244 41.23 2.11 12
3 245 41.38 -0.53 6
3 247 41.39 -4.43 6
3 248 43.15 -2.58 6
3 249 43.22 -8.23 6
3 253 44.5 -0.34 12
3 256 43.42 7.15 12
3 261 45.45 4.51 12
3 263 48.24 -4.29 14
3 264 48.05 -1.41 14
3 266 47.23 0.41 12
3 267 49.3 0.08 14
3 268 48.52 2.2 12
3 269 49.15 4.02 12
3 270 47.19 5.01 12
3 271 48.41 6.12 12
3 272 48.35 7.45 12
3 273 49.36 6.09 12
3 275 50.5 4.2 12
3 276 50.38 3.04 12
3 280 51.55 4.28 12
3 281 52.22 4.54 12
3 286 50.5 -0.08 14
3 288 51.27 -2.35 14
3 292 53.3 -2.15 14
3 294 53.5 -1.35 14
3 295 54.59 -1.35 14
3 296 55.57 -3.13 14
3 298 56.28 -3 14
3 303 52.4 -8.38 14
3 305 54.35 -5.55 14
3 307 64.09 -21.51 14
3 313 61.3 23.45 17
3 323 59.2 18.03 5
3 325 56.09 10.13 12
3 332 51.57 7.37 12
3 335 52.31 13.24 12
3 338 50.56 6.59 12
3 343 51.32 7.13 12
3 347 51.29 11.58 12
3 351 49.14 6.59 12
3 352 50.07 8.4 12
3 356 49.03 8.24 12
3 361 46.31 6.38 12
3 363 47.33 7.35 12
3 368 48.13 16.2 5
3 371 45.28 9.12 12
3 373 45.27 12.21 5
3 375 44.25 8.57 12
3 377 43.46 11.15 5
3 380 41.54 12.29 5
3 381 40.51 14.17 5
3 382 41.27 15.34 5
3 383 41.07 16.52 5
3 385 38.11 15.33 5
3 387 38.07 13.21 5
3 392 52.25 16.55 5
3 400 49.45 13.23 5
3 404 48.09 17.07 5
3 406 47.3 19.05 5
3 413 45.48 24.09 5
3 417 46.03 14.31 5
3 419 45.48 15.58 5
3 420 43.31 16.27 5
3 421 43.52 18.25 5
3 422 44.5 20.3 5
3 423 42.38 18.07 5
3 425 41.2 19.5 5
3 427 42.09 24.45 5
3 430 39.36 19.56 5
3 432 38.15 21.44 5
3 434 35.2 25.09 1
3 435 35.1 33.22 1
3 438 59.55 30.15 17
3 443 53.54 27.34 17
3 444 49.5 24 5
3 445 50.26 30.31 17
3 449 55.45 49.08 17
3 452 50 36.15 17
3 453 48.27 34.59 17
3 455 47.14 39.42 17
3 456 48.44 44.25 17
3 460 40.23 49.51 15
3 469 43.15 76.57 4
3 471 39.4 66.48 4
3 472 38.35 68.48 4
3 486 41.01 28.58 1
3 487 38.25 27.09 1
3 489 38.43 35.3 1
3 492 37.55 40.14 1
3 496 33.3 36.18 1
3 499 32.5 35 1
3 500 32.04 34.46 1
3 503 21.3 39.12 1
3 508 14.32 49.08 15
3 509 23.37 58.35 15
3 510 25.18 55.18 15
3 511 25.17 51.32 15
3 512 26.13 50.35 15
3 513 24.38 46.43 15
3 518 36.2 43.08 1
3 520 37.16 49.36 15
3 522 34.19 47.04 15
3 523 30.2 48.16 15
3 524 32.4 51.38 15
3 525 29.36 52.32 15
3 527 36.18 59.36 15
3 529 31.32 65.3 4
3 531 33.36 73.04 4
3 532 31.35 74.18 4
3 536 27.42 68.52 4
3 537 25.22 68.22 4
3 541 26.17 73.02 4
3 542 26.55 75.49 4
3 546 22.32 88.22 18
3 548 21.09 79.06 18
3 554 12.59 77.35 18
3 555 13.05 80.17 18
3 556 10.49 78.41 18
3 560 27.28 89.39 18
3 564 16.47 96.1 9
3 566 19.52 102.08 9
3 567 17.58 102.36 9
3 570 16.04 108.13 9
3 571 10.45 106.4 9
3 573 13.45 100.31 9
3 574 5.25 100.2 9
3 576 1.17 103.51 9
3 579 -2.55 104.45 9
3 597 14.35 121 9
3 601 29.4 91.09 18
3 605 29.39 106.34 9
3 606 25.05 102.4 9
3 607 23.06 113.16 9
