1 97 54.05 12.07 1
1 100 52.07 11.38 1
1 101 52.31 13.24 1
1 96 54.2 10.08 1
1 113 51.29 11.58 1
1 93 55.4 12.35 1
1 95 53.33 9.59 1
1 114 51.19 12.2 1
1 87 55.36 13 1
1 92 55.24 10.23 1
1 99 52.24 9.44 1
1 155 53.24 14.32 1
1 112 50.58 11.01 1
1 116 51.03 13.44 1
1 115 50.5 12.55 1
1 91 56.09 10.13 1
1 94 53.04 8.49 1
1 111 51.19 9.29 1
1 86 57.43 11.58 1
1 121 49.27 11.04 1
1 167 50.05 14.26 1
1 30 48.05 -1.41 3
1 31 47.13 -1.33 3
1 32 47.23 0.41 3
1 33 49.3 0.08 3
1 52 50.5 -0.08 3
1 51 50.43 -1.54 3
1 34 48.52 2.2 3
1 25 45.5 1.16 3
1 19 44.5 -0.34 3
1 55 51.3 -0.1 3
1 29 48.24 -4.29 3
1 54 51.27 -2.35 3
1 50 50.23 -4.1 3
1 53 51.29 -3.13 3
1 42 50.38 3.04 3
1 56 52.3 -1.5 3
1 35 49.15 4.02 3
1 20 43.36 1.26 3
1 14 43.15 -2.58 3
1 43 51.03 3.43 3
1 59 53.23 -1.3 3
1 41 50.5 4.2 3
1 26 45.26 4.24 3
1 27 45.45 4.51 3
1 36 47.19 5.01 3
1 58 53.3 -2.15 3
1 74 64.11 -51.44 2
1 187 43.52 18.25 4
1 174 46.05 18.13 4
1 188 44.5 20.3 4
1 189 42.38 18.07 4
1 186 43.31 16.27 4
1 175 46.15 20.09 4
1 176 45.45 21.13 4
1 172 47.3 19.05 4
1 185 45.48 15.58 4
1 191 41.2 19.5 4
1 149 41.07 16.52 4
1 190 41.59 21.26 4
1 170 48.09 17.07 4
1 173 47.32 21.38 4
1 150 40.28 17.15 4
1 135 47.05 15.27 4
1 184 45.2 14.27 4
1 148 41.27 15.34 4
1 134 48.13 16.2 4
1 183 46.03 14.31 4
1 171 48.43 21.15 4
1 196 39.36 19.56 4
2 166 49.45 13.23 4
2 124 49.01 12.06 4
2 120 49.48 9.56 4
2 118 50.07 8.4 4
2 98 51.57 7.37 4
2 110 51.31 7.28 4
2 158 52.25 16.55 1
2 109 51.32 7.13 4
2 108 51.28 7.13 4
2 106 51.17 7.17 4
2 107 51.28 7.01 4
2 119 49.25 8.43 4
2 49 53.13 6.33 4
2 103 50.44 7.05 4
2 123 48.46 9.11 4
2 122 49.03 8.24 4
2 105 51.12 6.47 4
2 104 50.56 6.59 4
2 132 47.48 13.02 1
2 88 58.25 15.37 4
2 60 53.5 -1.35 3
2 57 53.25 -2.55 3
2 44 51.13 4.25 4
2 18 42.3 1.31 3
2 46 51.55 4.28 4
2 40 50.38 5.34 4
2 11 41.38 -0.53 3
2 28 45.1 5.43 4
2 37 48.41 6.12 4
2 45 51.26 5.28 4
2 61 54.59 -1.35 3
2 39 49.36 6.09 4
2 126 46.12 6.09 4
2 48 52.05 5.08 4
2 102 50.47 6.05 4
2 127 46.31 6.38 4
2 10 41.23 2.11 3
2 117 49.14 6.59 4
2 21 43.18 5.24 4
2 13 41.39 -4.43 3
2 70 53.2 -6.15 3
2 128 46.57 7.26 4
2 12 40.24 -3.41 3
2 62 55.57 -3.13 3
2 71 54.35 -5.55 3
2 136 45.03 7.4 4
2 75 76.34 -68.47 2
2 192 42.41 23.19 1
2 140 45.4 13.46 1
2 168 49.5 18.17 1
2 169 49.12 16.37 1
2 177 46.47 23.36 1
2 197 40.38 22.56 1
2 179 45.48 24.09 1
2 147 40.51 14.17 1
2 133 48.18 14.18 1
2 164 50.03 19.58 1
2 163 50.16 19 1
2 144 43.55 12.28 1
2 193 42.09 24.45 1
2 139 45.27 12.21 1
2 146 41.54 12.29 1
2 198 38.15 21.44 1
2 151 38.11 15.33 1
2 162 51.06 17 1
2 180 45.39 25.37 1
2 159 51.46 19.3 1
2 142 44.29 11.2 4
3 157 53.08 18 2
3 85 59.55 10.45 2
3 38 48.35 7.45 1
3 156 54.23 18.4 2
3 130 47.23 8.32 1
3 47 52.22 4.54 4
3 129 47.33 7.35 1
3 90 57.38 18.18 2
3 137 45.28 9.12 1
3 89 59.2 18.03 2
3 83 60.23 5.2 4
3 141 44.25 8.57 1
3 82 63.25 10.25 2
3 80 60.27 22.17 2
3 79 61.3 23.45 2
3 81 60.1 24.58 2
3 77 68.26 17.25 2
3 78 65.01 25.28 2
3 76 70.4 23.42 2
3 63 55.53 -4.15 4
3 68 51.54 -8.28 4
3 9 39.28 -0.22 3
3 64 56.28 -3 4
3 22 43.42 7.15 1
3 15 43.22 -8.23 3
3 23 43.42 7.23 1
3 17 39.34 2.39 3
3 69 52.4 -8.38 4
3 65 57.1 -2.04 4
3 16 38.54 1.26 3
3 8 38.21 -0.29 3
3 72 55 -7.19 4
3 2 41.11 -8.36 3
3 7 37.53 -4.46 3
3 6 37.13 -3.41 3
3 3 37.23 -5.59 3
3 5 36.43 -4.25 3
3 66 60.09 -1.09 4
3 84 58.58 5.45 4
3 1 38.43 -9.08 3
3 4 36.32 -6.18 3
3 67 62.01 -6.46 4
3 73 64.09 -21.51 4
3 0 37.44 -25.4 3
3 143 43.46 11.15 1
3 138 45.27 11 1
3 181 44.26 26.06 1
3 152 37.3 15.06 1
3 131 47.16 11.24 1
3 165 51.15 22.35 2
3 125 48.08 11.34 1
3 153 38.07 13.21 1
3 160 52.15 21 2
3 199 37.58 23.43 1
3 195 42.3 27.28 1
3 194 43.13 27.55 1
3 178 47.1 27.35 1
3 24 42.42 9.27 1
3 154 35.54 14.31 1
3 182 44.11 28.39 1
3 161 53.09 23.09 2
3 145 39.2 9 1
3 200 35.2 25.09 1
3 201 35.1 33.22 1
