1 1 37.44 -25.4 3
1 5 36.32 -6.18 3
1 6 36.43 -4.25 3
1 11 41.23 2.11 3
1 12 41.38 -0.53 3
1 14 41.39 -4.43 3
1 16 43.22 -8.23 3
1 17 38.54 1.26 3
1 26 45.5 1.16 3
1 31 48.05 -1.41 3
1 32 47.13 -1.33 3
1 36 49.15 4.02 4
1 43 50.38 3.04 4
1 44 51.03 3.43 4
1 45 51.13 4.25 4
1 48 52.22 4.54 4
1 53 50.5 -0.08 3
1 58 53.25 -2.55 3
1 61 53.5 -1.35 3
1 64 55.53 -4.15 3
1 65 56.28 -3 3
1 67 60.09 -1.09 3
1 69 51.54 -8.28 3
1 70 52.4 -8.38 3
1 74 64.09 -21.51 3
1 75 64.11 -51.44 2
1 76 76.34 -68.47 2
1 77 70.4 23.42 1
1 79 65.01 25.28 1
1 80 61.3 23.45 1
1 81 60.27 22.17 1
1 82 60.1 24.58 1
1 84 60.23 5.2 4
1 86 59.55 10.45 4
1 87 57.43 11.58 4
1 93 55.24 10.23 4
1 98 54.05 12.07 4
1 99 51.57 7.37 4
1 100 52.24 9.44 4
1 103 50.47 6.05 4
1 105 50.56 6.59 4
1 109 51.28 7.13 4
1 110 51.32 7.13 4
1 117 51.03 13.44 4
1 121 49.48 9.56 4
1 122 49.27 11.04 4
1 125 49.01 12.06 4
1 130 47.33 7.35 4
1 131 47.23 8.32 4
1 138 45.28 9.12 4
1 139 45.27 11 4
1 143 44.29 11.2 4
1 146 39.2 9 4
1 148 40.51 14.17 4
1 153 37.3 15.06 4
1 156 53.24 14.32 4
1 157 54.23 18.4 1
1 159 52.25 16.55 1
1 160 51.46 19.3 1
1 161 52.15 21 1
1 166 51.15 22.35 1
1 167 49.45 13.23 4
1 171 48.09 17.07 4
1 172 48.43 21.15 1
1 183 44.11 28.39 1
1 185 45.2 14.27 4
1 190 42.38 18.07 4
1 197 39.36 19.56 4
2 4 37.23 -5.59 4
2 8 37.53 -4.46 4
2 9 38.21 -0.29 4
2 13 40.24 -3.41 4
2 20 44.5 -0.34 4
2 23 43.42 7.15 2
2 27 45.26 4.24 4
2 28 45.45 4.51 4
2 37 47.19 5.01 2
2 41 50.38 5.34 2
2 47 51.55 4.28 2
2 50 53.13 6.33 2
2 52 50.43 -1.54 4
2 54 51.29 -3.13 4
2 55 51.27 -2.35 4
2 60 53.23 -1.3 4
2 66 57.1 -2.04 4
2 88 55.36 13 2
2 89 58.25 15.37 2
2 96 53.33 9.59 2
2 97 54.2 10.08 2
2 101 52.07 11.38 2
2 104 50.44 7.05 2
2 106 51.12 6.47 2
2 108 51.28 7.01 2
2 112 51.19 9.29 2
2 113 50.58 11.01 2
2 114 51.29 11.58 2
2 116 50.5 12.55 2
2 118 49.14 6.59 2
2 124 48.46 9.11 2
2 132 47.16 11.24 2
2 133 47.48 13.02 3
2 134 48.18 14.18 3
2 135 48.13 16.2 3
2 136 47.05 15.27 3
2 140 45.27 12.21 3
2 141 45.4 13.46 3
2 144 43.46 11.15 3
2 149 41.27 15.34 3
2 154 38.07 13.21 3
2 155 35.54 14.31 3
2 158 53.08 18 3
2 162 53.09 23.09 3
2 164 50.16 19 3
2 169 49.5 18.17 3
2 170 49.12 16.37 3
2 173 47.3 19.05 3
2 174 47.32 21.38 3
2 175 46.05 18.13 3
2 176 46.15 20.09 3
2 178 46.47 23.36 1
2 179 47.1 27.35 1
2 180 45.48 24.09 1
2 181 45.39 25.37 1
2 182 44.26 26.06 1
2 184 46.03 14.31 3
2 188 43.52 18.25 3
2 193 42.41 23.19 1
2 195 43.13 27.55 1
2 196 42.3 27.28 1
2 198 40.38 22.56 1
2 199 38.15 21.44 1
2 200 37.58 23.43 1
2 201 35.2 25.09 1
2 202 35.1 33.22 1
3 2 38.43 -9.08 2
3 3 41.11 -8.36 2
3 7 37.13 -3.41 1
3 10 39.28 -0.22 1
3 15 43.15 -2.58 2
3 18 39.34 2.39 1
3 19 42.3 1.31 1
3 21 43.36 1.26 1
3 22 43.18 5.24 1
3 24 43.42 7.23 1
3 25 42.42 9.27 1
3 29 45.1 5.43 1
3 30 48.24 -4.29 2
3 33 47.23 0.41 1
3 34 49.3 0.08 2
3 35 48.52 2.2 1
3 38 48.41 6.12 1
3 39 48.35 7.45 1
3 40 49.36 6.09 1
3 42 50.5 4.2 1
3 46 51.26 5.28 1
3 49 52.05 5.08 1
3 51 50.23 -4.1 2
3 56 51.3 -0.1 2
3 57 52.3 -1.5 2
3 59 53.3 -2.15 2
3 62 54.59 -1.35 2
3 63 55.57 -3.13 2
3 68 62.01 -6.46 2
3 71 53.2 -6.15 2
3 72 54.35 -5.55 2
3 73 55 -7.19 2
3 78 68.26 17.25 3
3 83 63.25 10.25 3
3 85 58.58 5.45 3
3 90 59.2 18.03 3
3 91 57.38 18.18 3
3 92 56.09 10.13 3
3 94 55.4 12.35 3
3 95 53.04 8.49 3
3 102 52.31 13.24 3
3 107 51.17 7.17 1
3 111 51.31 7.28 1
3 115 51.19 12.2 3
3 119 50.07 8.4 1
3 120 49.25 8.43 1
3 123 49.03 8.24 1
3 126 48.08 11.34 1
3 127 46.12 6.09 1
3 128 46.31 6.38 1
3 129 46.57 7.26 1
3 137 45.03 7.4 1
3 142 44.25 8.57 1
3 145 43.55 12.28 4
3 147 41.54 12.29 4
3 150 41.07 16.52 4
3 151 40.28 17.15 4
3 152 38.11 15.33 4
3 163 51.06 17 3
3 165 50.03 19.58 4
3 168 50.05 14.26 3
3 177 45.45 21.13 4
3 186 45.48 15.58 4
3 187 43.31 16.27 4
3 189 44.5 20.3 4
3 191 41.59 21.26 4
3 192 41.2 19.5 4
3 194 42.09 24.45 4
