1 3 41.11 -8.36 8
1 8 37.53 -4.46 8
1 9 38.21 -0.29 8
1 17 38.54 1.26 8
1 18 39.34 2.39 8
1 23 43.42 7.15 7
1 24 43.42 7.23 7
1 32 47.13 -1.33 5
1 33 47.23 0.41 7
1 34 49.3 0.08 5
1 36 49.15 4.02 7
1 41 50.38 5.34 7
1 42 50.5 4.2 7
1 43 50.38 3.04 7
1 50 53.13 6.33 7
1 56 51.3 -0.1 5
1 61 53.5 -1.35 5
1 62 54.59 -1.35 5
1 64 55.53 -4.15 5
1 68 62.01 -6.46 5
1 71 53.2 -6.15 5
1 72 54.35 -5.55 5
1 73 55 -7.19 5
1 74 64.09 -21.51 6
1 76 76.34 -68.47 2
1 79 65.01 25.28 4
1 82 60.1 24.58 4
1 83 63.25 10.25 1
1 86 59.55 10.45 1
1 87 57.43 11.58 1
1 91 57.38 18.18 1
1 92 56.09 10.13 1
1 94 55.4 12.35 1
1 98 54.05 12.07 1
1 99 51.57 7.37 7
1 101 52.07 11.38 1
1 106 51.12 6.47 7
1 109 51.28 7.13 7
1 110 51.32 7.13 7
1 117 51.03 13.44 1
1 122 49.27 11.04 7
1 123 49.03 8.24 7
1 125 49.01 12.06 7
1 127 46.12 6.09 7
1 129 46.57 7.26 7
1 131 47.23 8.32 7
1 134 48.18 14.18 3
1 135 48.13 16.2 3
1 142 44.25 8.57 7
1 145 43.55 12.28 3
1 147 41.54 12.29 3
1 148 40.51 14.17 3
1 152 38.11 15.33 3
1 153 37.3 15.06 3
1 158 53.08 18 1
1 171 48.09 17.07 3
1 175 46.05 18.13 3
1 176 46.15 20.09 3
1 179 47.1 27.35 9
1 184 46.03 14.31 3
1 188 43.52 18.25 3
1 190 42.38 18.07 3
1 191 41.59 21.26 9
1 192 41.2 19.5 3
1 193 42.41 23.19 9
1 200 37.58 23.43 9
1 201 35.2 25.09 9
1 202 35.1 33.22 9
2 1 37.44 -25.4 7
2 2 38.43 -9.08 1
2 4 37.23 -5.59 1
2 6 36.43 -4.25 1
2 7 37.13 -3.41 1
2 10 39.28 -0.22 1
2 12 41.38 -0.53 1
2 14 41.39 -4.43 1
2 16 43.22 -8.23 1
2 19 42.3 1.31 6
2 20 44.5 -0.34 6
2 28 45.45 4.51 6
2 29 45.1 5.43 6
2 30 48.24 -4.29 5
2 37 47.19 5.01 6
2 38 48.41 6.12 2
2 39 48.35 7.45 2
2 40 49.36 6.09 2
2 46 51.26 5.28 2
2 52 50.43 -1.54 5
2 53 50.5 -0.08 5
2 59 53.3 -2.15 5
2 60 53.23 -1.3 5
2 67 60.09 -1.09 5
2 69 51.54 -8.28 5
2 81 60.27 22.17 4
2 90 59.2 18.03 4
2 95 53.04 8.49 2
2 96 53.33 9.59 2
2 97 54.2 10.08 2
2 102 52.31 13.24 9
2 104 50.44 7.05 2
2 111 51.31 7.28 2
2 113 50.58 11.01 2
2 116 50.5 12.55 9
2 119 50.07 8.4 2
2 121 49.48 9.56 2
2 124 48.46 9.11 2
2 130 47.33 7.35 2
2 132 47.16 11.24 9
2 137 45.03 7.4 6
2 141 45.4 13.46 9
2 149 41.27 15.34 3
2 151 40.28 17.15 3
2 156 53.24 14.32 9
2 159 52.25 16.55 9
2 162 53.09 23.09 4
2 165 50.03 19.58 9
2 167 49.45 13.23 9
2 168 50.05 14.26 9
2 170 49.12 16.37 9
2 172 48.43 21.15 8
2 178 46.47 23.36 8
2 180 45.48 24.09 8
2 181 45.39 25.37 8
2 183 44.11 28.39 8
2 185 45.2 14.27 9
2 186 45.48 15.58 9
2 187 43.31 16.27 3
2 189 44.5 20.3 3
2 194 42.09 24.45 8
2 195 43.13 27.55 8
2 196 42.3 27.28 8
2 197 39.36 19.56 3
2 198 40.38 22.56 3
2 199 38.15 21.44 3
3 5 36.32 -6.18 6
3 11 41.23 2.11 6
3 13 40.24 -3.41 6
3 15 43.15 -2.58 6
3 21 43.36 1.26 6
3 22 43.18 5.24 6
3 25 42.42 9.27 3
3 26 45.5 1.16 6
3 27 45.26 4.24 6
3 31 48.05 -1.41 1
3 35 48.52 2.2 7
3 44 51.03 3.43 7
3 45 51.13 4.25 7
3 47 51.55 4.28 7
3 48 52.22 4.54 7
3 49 52.05 5.08 7
3 51 50.23 -4.1 1
3 54 51.29 -3.13 1
3 55 51.27 -2.35 1
3 57 52.3 -1.5 1
3 58 53.25 -2.55 1
3 63 55.57 -3.13 1
3 65 56.28 -3 1
3 66 57.1 -2.04 1
3 70 52.4 -8.38 1
3 75 64.11 -51.44 5
3 77 70.4 23.42 4
3 78 68.26 17.25 4
3 80 61.3 23.45 4
3 84 60.23 5.2 9
3 85 58.58 5.45 9
3 88 55.36 13 9
3 89 58.25 15.37 9
3 93 55.24 10.23 9
3 100 52.24 9.44 7
3 103 50.47 6.05 7
3 105 50.56 6.59 7
3 107 51.17 7.17 7
3 108 51.28 7.01 7
3 112 51.19 9.29 7
3 114 51.29 11.58 3
3 115 51.19 12.2 3
3 118 49.14 6.59 7
3 120 49.25 8.43 7
3 126 48.08 11.34 3
3 128 46.31 6.38 7
3 133 47.48 13.02 3
3 136 47.05 15.27 3
3 138 45.28 9.12 3
3 139 45.27 11 3
3 140 45.27 12.21 3
3 143 44.29 11.2 3
3 144 43.46 11.15 3
3 146 39.2 9 8
3 150 41.07 16.52 8
3 154 38.07 13.21 8
3 155 35.54 14.31 8
3 157 54.23 18.4 2
3 160 51.46 19.3 2
3 161 52.15 21 2
3 163 51.06 17 2
3 164 50.16 19 2
3 166 51.15 22.35 2
3 169 49.5 18.17 2
3 173 47.3 19.05 2
3 174 47.32 21.38 2
3 177 45.45 21.13 2
3 182 44.26 26.06 2
