1 179 45.48 24.09 5
1 177 46.47 23.36 5
1 176 45.45 21.13 5
1 180 45.39 25.37 5
1 192 42.41 23.19 5
1 181 44.26 26.06 5
1 188 44.5 20.3 5
1 193 42.09 24.45 5
1 173 47.32 21.38 5
1 175 46.15 20.09 5
1 74 64.11 -51.44 9
1 12 40.24 -3.41 4
1 13 41.39 -4.43 4
1 11 41.38 -0.53 4
1 9 39.28 -0.22 4
1 8 38.21 -0.29 4
1 6 37.13 -3.41 4
1 7 37.53 -4.46 4
1 80 60.27 22.17 1
1 79 61.3 23.45 1
1 89 59.2 18.03 1
1 148 41.27 15.34 8
1 147 40.51 14.17 8
1 186 43.31 16.27 8
1 146 41.54 12.29 8
1 144 43.55 12.28 8
1 149 41.07 16.52 8
1 184 45.2 14.27 8
1 140 45.4 13.46 8
1 185 45.48 15.58 8
1 143 43.46 11.15 8
1 101 52.31 13.24 7
1 116 51.03 13.44 7
1 114 51.19 12.2 7
1 155 53.24 14.32 7
1 115 50.5 12.55 7
1 100 52.07 11.38 7
1 113 51.29 11.58 7
1 97 54.05 12.07 7
1 167 50.05 14.26 7
1 112 50.58 11.01 7
1 166 49.45 13.23 7
1 87 55.36 13 7
1 124 49.01 12.06 7
1 93 55.4 12.35 7
1 57 53.25 -2.55 3
1 58 53.3 -2.15 3
1 60 53.5 -1.35 3
1 59 53.23 -1.3 3
1 56 52.3 -1.5 3
1 61 54.59 -1.35 3
1 54 51.27 -2.35 3
1 62 55.57 -3.13 3
1 53 51.29 -3.13 3
1 63 55.53 -4.15 3
1 37 48.41 6.12 2
1 117 49.14 6.59 2
1 39 49.36 6.09 2
1 38 48.35 7.45 2
1 36 47.19 5.01 2
1 129 47.33 7.35 2
1 102 50.47 6.05 2
1 40 50.38 5.34 2
1 104 50.56 6.59 2
1 103 50.44 7.05 2
1 35 49.15 4.02 2
1 122 49.03 8.24 2
1 127 46.31 6.38 2
1 128 46.57 7.26 2
1 119 49.25 8.43 2
1 126 46.12 6.09 2
1 73 64.09 -21.51 6
2 190 41.59 21.26 4
2 171 48.43 21.15 9
2 197 40.38 22.56 4
2 194 43.13 27.55 2
2 178 47.1 27.35 2
2 195 42.3 27.28 2
2 172 47.3 19.05 9
2 182 44.11 28.39 2
2 174 46.05 18.13 9
2 75 76.34 -68.47 7
2 14 43.15 -2.58 6
2 5 36.43 -4.25 6
2 3 37.23 -5.59 6
2 16 38.54 1.26 6
2 18 42.3 1.31 6
2 10 41.23 2.11 6
2 19 44.5 -0.34 6
2 78 65.01 25.28 1
2 81 60.1 24.58 1
2 77 68.26 17.25 1
2 150 40.28 17.15 4
2 139 45.27 12.21 9
2 183 46.03 14.31 9
2 142 44.29 11.2 9
2 189 42.38 18.07 4
2 187 43.52 18.25 4
2 151 38.11 15.33 4
2 153 38.07 13.21 4
2 138 45.27 11 9
2 158 52.25 16.55 9
2 121 49.27 11.04 3
2 96 54.2 10.08 3
2 99 52.24 9.44 3
2 95 53.33 9.59 3
2 162 51.06 17 9
2 133 48.18 14.18 9
2 92 55.24 10.23 3
2 125 48.08 11.34 9
2 120 49.48 9.56 3
2 169 49.12 16.37 9
2 94 53.04 8.49 3
2 91 56.09 10.13 3
2 64 56.28 -3 8
2 71 54.35 -5.55 8
2 51 50.43 -1.54 8
2 55 51.3 -0.1 8
2 50 50.23 -4.1 8
2 70 53.2 -6.15 8
2 65 57.1 -2.04 8
2 52 50.5 -0.08 8
2 33 49.3 0.08 8
2 72 55 -7.19 8
2 105 51.12 6.47 3
2 41 50.5 4.2 3
2 130 47.23 8.32 3
2 118 50.07 8.4 3
2 45 51.26 5.28 3
2 106 51.17 7.17 3
2 107 51.28 7.01 3
2 108 51.28 7.13 3
2 109 51.32 7.13 3
2 110 51.31 7.28 3
2 123 48.46 9.11 3
2 44 51.13 4.25 3
2 98 51.57 7.37 3
2 46 51.55 4.28 3
2 42 50.38 3.04 3
2 27 45.45 4.51 3
2 0 37.44 -25.4 5
3 165 51.15 22.35 2
3 163 50.16 19 2
3 198 38.15 21.44 7
3 199 37.58 23.43 7
3 160 52.15 21 2
3 159 51.46 19.3 2
3 161 53.09 23.09 2
3 200 35.2 25.09 4
3 201 35.1 33.22 4
3 17 39.34 2.39 9
3 4 36.32 -6.18 1
3 20 43.36 1.26 3
3 2 41.11 -8.36 1
3 15 43.22 -8.23 1
3 1 38.43 -9.08 1
3 76 70.4 23.42 6
3 82 63.25 10.25 8
3 135 47.05 15.27 2
3 24 42.42 9.27 9
3 152 37.3 15.06 7
3 132 47.48 13.02 2
3 191 41.2 19.5 7
3 196 39.36 19.56 7
3 145 39.2 9 9
3 154 35.54 14.31 7
3 157 53.08 18 2
3 134 48.13 16.2 2
3 131 47.16 11.24 9
3 86 57.43 11.58 8
3 170 48.09 17.07 2
3 156 54.23 18.4 2
3 168 49.5 18.17 2
3 88 58.25 15.37 8
3 164 50.03 19.58 2
3 49 53.13 6.33 8
3 90 57.38 18.18 2
3 85 59.55 10.45 8
3 29 48.24 -4.29 3
3 30 48.05 -1.41 3
3 69 52.4 -8.38 5
3 68 51.54 -8.28 5
3 31 47.13 -1.33 3
3 66 60.09 -1.09 5
3 67 62.01 -6.46 5
3 84 58.58 5.45 8
3 83 60.23 5.2 8
3 48 52.05 5.08 3
3 43 51.03 3.43 3
3 28 45.1 5.43 9
3 136 45.03 7.4 9
3 26 45.26 4.24 9
3 34 48.52 2.2 3
3 47 52.22 4.54 3
3 111 51.19 9.29 8
3 137 45.28 9.12 9
3 141 44.25 8.57 9
3 22 43.42 7.15 9
3 23 43.42 7.23 9
3 21 43.18 5.24 9
3 25 45.5 1.16 3
3 32 47.23 0.41 3
