1 48 7975 1575 2
1 52 8375 1575 2
1 107 7075 2175 2
1 119 8725 2525 2
1 175 8125 2775 2
1 194 7425 3125 2
1 195 7425 3025 2
1 196 7325 3225 2
1 239 6975 3525 2
1 240 6875 3325 2
1 254 8475 3525 2
1 258 8675 3800 2
1 263 8175 3625 2
1 266 8075 3675 2
1 269 7075 3675 2
1 271 6975 3725 2
1 30 6375 1575 2
1 32 6675 1575 2
1 33 6675 1725 2
1 35 6875 1575 2
1 36 7075 1575 2
1 37 7260 1575 2
1 44 7825 1675 2
1 257 8775 3700 2
1 50 8175 1575 2
1 51 8275 1575 2
1 55 8820 1928 2
1 62 7075 1975 2
1 59 7475 1975 2
1 110 7475 2175 2
1 113 7875 2350 2
1 122 8475 2600 2
1 123 7975 2475 2
1 177 8025 2775 2
1 176 8075 2875 2
1 182 8775 3025 2
1 184 8775 3275 2
1 265 8075 3775 2
1 192 7600 3175 2
1 243 7150 3475 2
1 249 7725 3525 2
1 264 8225 3775 2
1 256 8575 3325 2
1 7 2975 1725 3
1 10 3475 1600 3
1 88 3875 1900 3
1 145 2575 2525 3
1 294 2575 3675 3
1 295 2675 3675 3
1 150 2148 2786 3
1 2 2456 1639 3
1 6 2556 1639 3
1 8 3275 1600 3
1 90 3975 1975 1
1 159 3925 2900 3
1 158 3725 2900 3
1 149 2175 2525 3
1 148 2375 2525 3
1 217 3825 3475 3
1 293 2925 3725 3
1 216 3925 3475 3
1 292 3125 3725 3
1 291 3325 3750 3
1 97 4275 2325 1
1 98 4425 2150 1
1 99 4525 2150 1
1 101 4600 2325 1
1 131 5450 2675 1
1 135 5075 2575 1
1 136 4975 2525 1
1 140 4175 2625 1
1 205 4575 3125 1
1 206 4575 3025 1
1 207 4425 3200 1
1 235 5908 3574 1
1 164 5175 2875 1
1 22 4775 1725 1
1 26 5160 1565 1
1 70 6025 2075 1
1 134 5175 2675 1
1 72 5275 1825 1
1 77 5075 1925 1
1 78 5075 2075 1
1 81 4675 1950 1
1 100 4600 2225 1
1 95 4325 2150 1
1 102 4775 2125 1
1 137 5025 2675 1
1 160 4175 2925 1
1 204 4525 3200 1
1 162 4975 2825 1
1 165 5450 2825 1
1 166 5450 2925 1
1 200 5275 3250 1
1 202 5175 3150 1
1 203 5075 3275 1
1 208 4325 3200 1
1 226 4675 3400 1
1 229 4975 3325 1
1 232 5375 3525 1
2 53 8475 1575 1
2 54 8825 1625 1
2 64 6775 2075 1
2 114 8825 2225 1
2 115 8725 2375 1
2 116 8703 2197 1
2 117 8825 2425 1
2 118 8575 2450 1
2 180 8775 2825 1
2 181 8775 2925 1
2 237 6675 3325 1
2 241 6775 3425 1
2 250 7825 3375 1
2 251 7725 3375 1
2 252 8225 3425 1
2 259 8575 3700 1
2 262 8375 3775 1
2 268 7875 3675 1
2 270 7150 3750 1
2 272 6575 3750 1
2 31 6525 1575 1
2 238 6575 3525 1
2 273 6375 3750 1
2 236 6450 3375 1
2 66 6675 1925 1
2 63 6825 1925 1
2 38 7259 1576 1
2 68 6425 2075 1
2 41 7560 1575 1
2 42 7409 1576 1
2 65 6975 2075 1
2 47 7875 1575 1
2 56 8825 1825 1
2 58 7725 1975 1
2 120 8625 2600 1
2 121 8375 2600 1
2 127 7975 2625 1
2 128 7750 2650 1
2 169 7575 2875 1
2 183 8775 3125 1
2 189 7975 3075 1
2 267 7925 3775 1
2 260 8425 3625 1
2 11 3575 1600 3
2 12 3700 1600 3
2 151 2249 2786 2
2 212 3975 3275 2
2 218 3975 3375 2
2 289 3475 3750 2
2 296 2275 3675 2
2 297 2375 3675 2
2 298 2175 3675 2
2 1 2156 1639 3
2 3 2355 1640 3
2 4 2256 1640 3
2 5 2656 1640 3
2 13 3900 1625 3
2 14 3875 1775 3
2 89 3875 2075 3
2 147 2275 2525 2
2 287 3825 3650 2
2 288 3625 3750 2
2 290 3225 3750 2
2 27 5310 1565 3
2 28 5460 1565 3
2 197 6125 3025 1
2 209 4175 3200 2
2 211 4275 3025 2
2 221 4175 3400 2
2 222 4125 3300 2
2 225 4725 3525 2
2 227 4775 3375 2
2 231 5025 3450 2
2 233 5275 3525 2
2 234 6050 3375 1
2 276 5275 3675 2
2 279 5204 3772 2
2 280 4675 3675 2
2 282 4925 3675 2
2 284 4575 3675 2
2 29 5610 1565 3
2 16 4275 1725 3
2 17 4375 1675 3
2 25 5010 1565 3
2 20 4550 1750 3
2 21 4560 1565 3
2 23 4710 1565 3
2 24 4860 1565 3
2 73 5425 1825 3
2 74 5525 1825 3
2 71 5675 1825 3
2 75 5025 1825 3
2 79 4775 1875 3
2 80 4925 1925 3
2 85 4175 1950 3
2 199 5375 3250 2
2 210 4275 3125 2
2 286 4325 3725 2
2 299 4775 3225 2
2 274 5975 3750 2
2 278 5075 3800 2
3 45 7710 1575 3
3 60 7625 1925 3
3 61 7575 2075 3
3 105 6775 2225 3
3 106 7275 2275 3
3 108 7425 2325 3
3 173 7825 2925 3
3 179 7975 2975 3
3 186 8525 3225 3
3 187 8075 3075 3
3 190 7825 3125 3
3 193 7425 3275 3
3 245 7575 3425 3
3 246 7475 3525 3
3 247 7425 3425 3
3 43 7560 1576 3
3 34 6525 1725 3
3 170 7425 2875 3
3 39 7625 1775 3
3 40 7410 1575 3
3 46 7711 1575 3
3 49 8075 1575 3
3 125 8225 2600 3
3 57 7725 1825 3
3 109 7525 2375 3
3 111 7775 2350 3
3 112 7825 2175 3
3 124 8225 2500 3
3 126 8125 2575 3
3 172 7875 2775 3
3 174 7750 2800 3
3 171 7925 2875 3
3 178 8125 2975 3
3 185 8625 3225 3
3 188 7975 3275 3
3 253 8225 3325 3
3 191 7575 3075 3
3 244 7625 3525 3
3 242 7150 3325 3
3 248 7825 3525 3
3 255 8325 3525 3
3 261 8325 3625 3
3 91 3975 2075 2
3 92 2925 1875 2
3 143 3325 2450 2
3 152 2352 2786 2
3 155 2651 2787 2
3 156 2925 2925 2
3 157 3325 2900 2
3 214 2925 3198 2
3 153 2451 2785 2
3 9 3375 1600 2
3 142 3725 2450 2
3 93 2925 2150 2
3 141 3925 2450 2
3 144 2925 2425 2
3 146 2675 2525 2
3 154 2552 2785 2
3 213 3875 3275 2
3 215 2925 3475 2
3 82 4775 1975 1
3 84 4525 2050 1
3 104 5450 2375 1
3 129 5350 2400 1
3 130 5450 2525 1
3 132 5250 2400 1
3 133 5175 2475 1
3 138 4875 2675 1
3 167 6125 2875 1
3 198 6025 3175 1
3 15 4275 1625 1
3 281 4925 3800 1
3 285 4425 3675 1
3 18 4500 1675 1
3 19 4450 1750 1
3 67 6200 1975 1
3 69 6000 1975 1
3 283 4775 3675 1
3 76 4975 2025 1
3 277 5375 3675 1
3 86 4125 2050 1
3 83 4425 2050 1
3 94 4175 2150 1
3 87 4275 2050 1
3 96 4275 2225 1
3 103 5175 2325 1
3 139 4175 2425 1
3 220 4275 3300 1
3 161 4175 2725 1
3 230 5175 3475 1
3 163 5075 2775 1
3 168 6025 2875 1
3 201 5450 3025 1
3 223 4500 3300 1
3 224 4400 3300 1
3 219 4325 3575 1
3 228 5175 3300 1
3 275 5325 3775 1
