1 0 435.841 587.522 5
1 4 796.042 796.519 3
1 5 88.9064 838.954 1
1 10 593.326 968.644 5
1 11 946.1 432.995 6
1 13 861.254 754.12 3
1 15 963.227 965.824 3
1 16 125.872 536.987 1
1 25 196.656 613.862 1
1 30 979.153 716.97 3
1 31 489.418 957.946 5
1 35 168.54 974.806 1
1 42 963.235 442.629 6
1 43 460.829 255.503 4
1 44 385.534 487.846 4
1 47 331.283 923.481 5
1 52 126.307 27.0835 4
1 57 30.6059 881.315 1
1 60 764.19 227.841 2
1 63 195.225 821.483 1
1 64 171.854 111.942 4
1 66 132.524 507.626 1
1 68 267.929 788.352 1
1 69 792.919 136.517 2
1 73 672.67 141.516 2
1 74 795.061 496.701 6
1 75 298.827 796.84 1
1 76 91.6001 378.018 4
1 78 370.272 274.581 4
1 79 789.206 738.168 3
1 80 800.35 158.589 2
1 81 748.357 537.031 6
1 83 148.737 95.1072 4
1 85 972.905 220.419 2
1 86 40.56 259.589 4
1 92 835.669 882.708 3
1 97 1.94865 712.335 1
1 98 730.64 446.995 6
1 99 580.371 933.465 5
1 102 659.297 693.415 5
1 104 801.207 327.664 6
1 108 569.788 359.946 6
1 109 505.772 795.094 5
1 116 175.187 551.629 1
1 120 368.488 322.474 4
1 121 618.453 808.454 5
1 124 942.046 733.577 3
1 129 439.629 819.344 5
1 130 959.404 382.332 6
1 137 901.1 207.153 2
1 138 607.208 778.844 5
1 142 725.65 402.263 6
1 145 980.879 821.977 3
1 147 541.69 818.375 5
1 152 134 228.874 4
1 155 267.979 69.0196 4
1 156 476.475 711.843 5
1 158 217.245 20.1127 4
1 159 165.471 811.813 1
1 160 381.612 457.549 4
1 165 678.108 546.502 6
1 166 176.011 611.721 1
1 170 850.689 321.301 6
1 171 745.771 57.0821 2
1 182 967.473 235.618 2
1 184 153.897 253.897 4
1 189 190.116 9.77048 4
1 196 85.7052 33.6732 4
1 200 417.302 581.199 5
1 208 636.977 852.552 5
1 209 382.491 96.1738 4
1 214 642.573 589.53 6
1 215 228.193 537.552 1
1 216 645.769 36.6176 2
1 217 881.955 436.361 6
1 219 811.997 466.21 6
1 220 963.481 584.969 3
1 223 518.363 989.629 5
1 224 272.482 202.425 4
1 225 762.214 751.456 3
1 228 399.475 192.268 4
1 230 814.209 436.493 6
1 231 291.053 292.049 4
1 236 344.656 388.185 4
1 238 491.148 328.614 4
1 239 25.5217 669.796 1
1 241 980.725 735.09 3
1 245 557.17 378.511 6
1 247 805.435 372.793 6
1 250 415.46 823.742 5
1 252 325.896 907.59 5
1 258 360.033 175.038 4
1 262 176.023 365.196 4
1 263 606.972 355.066 6
1 265 852.864 824.65 3
1 267 93.5555 531.101 1
1 270 231.083 960.553 1
1 273 709.83 561.077 6
1 276 886.343 4.94442 2
1 281 178.085 519.553 1
1 286 273.595 173.028 4
1 289 540.007 528.659 6
1 291 995.164 77.7478 2
1 296 868.559 484.797 6
1 297 91.7265 661.356 1
1 299 414.131 748.199 5
1 300 236.206 683.44 1
1 301 974.766 171.802 2
1 303 334.192 594.83 1
1 304 561.254 14.0532 2
1 308 236.339 400.124 4
1 310 430.779 816.476 5
1 312 344.638 230.393 4
1 319 344.937 837.515 5
1 320 920.634 460.336 6
1 321 950.473 33.9817 2
1 323 826.839 234.883 2
1 326 477.087 834.773 5
1 327 189.042 621.271 1
1 328 500.418 885.256 5
1 329 807.777 879.354 3
1 333 740.572 359.87 6
1 338 463.399 711.7 5
1 340 257.615 814.539 1
1 346 286.889 436.077 4
1 347 34.4571 282.052 4
1 351 534.254 449.898 6
1 352 891.084 771.611 3
1 354 800.506 368.529 6
1 355 6.5945 196.999 4
1 356 122.621 436.923 4
1 359 603.56 723.736 5
1 361 498.328 926.571 5
1 366 560.439 622.937 5
2 3 444.217 553.301 5
2 7 476.864 203.976 3
2 8 406.271 601.839 5
2 12 83.0742 601.487 5
2 19 691.414 576.653 1
2 22 404.171 942.218 2
2 26 913.249 428.902 1
2 27 828.34 584.111 1
2 36 806.139 537.748 1
2 40 156.444 178.995 3
2 46 279.893 896.021 2
2 49 511.528 60.4103 4
2 51 870.562 747.862 6
2 53 25.7158 384.711 5
2 54 550.99 317.71 4
2 59 547.886 870.165 6
2 65 599.164 587.5 1
2 87 192.47 292.712 3
2 88 24.0393 509.808 5
2 95 653.011 671.869 1
2 96 628.285 197.058 4
2 100 377.453 863.505 2
2 103 700.979 439.308 1
2 105 755.117 581.702 1
2 107 607.71 673.196 1
2 111 615.258 416.034 1
2 112 433.068 854.106 2
2 113 226.997 149.199 3
2 115 756.359 997.073 6
2 117 207.262 753.08 2
2 123 347.487 932.543 2
2 131 659.332 989.174 6
2 132 475.22 422.92 5
2 133 734.709 76.166 4
2 134 844.594 856.238 6
2 135 10.2508 829.527 2
2 139 682.389 84.7105 4
2 140 840.931 757.357 6
2 143 882.698 149.994 4
2 148 509.211 164.053 4
2 153 167.243 943.593 2
2 154 156.372 445.891 5
2 157 456.946 809.262 2
2 161 310.765 220.815 3
2 163 135.318 579.262 5
2 168 416.783 521.535 5
2 169 852.354 420.312 1
2 172 104.725 588.78 5
2 173 64.3447 87.0233 3
2 174 417.205 194.188 3
2 175 884.474 559.131 1
2 177 262.003 425.604 5
2 178 669.764 662.314 1
2 179 420.178 34.4287 3
2 180 424.972 239.973 3
2 181 615.069 4.82106 4
2 183 180.64 963.276 2
2 187 701.018 43.4543 4
2 192 547.387 204.852 4
2 194 756.586 917.899 6
2 195 172.306 772.747 2
2 197 904.883 126.216 4
2 204 117.937 480.467 5
2 205 295.533 923.189 2
2 206 879.339 967.331 6
2 207 889.914 107.701 4
2 211 759.957 814.02 6
2 213 244.594 473.987 5
2 218 680.574 156.194 4
2 221 312.678 611.344 5
2 227 783.667 742.083 6
2 229 32.4988 938.751 2
2 233 92.7453 433.967 5
2 235 175.856 408.861 5
2 244 543.707 996.057 6
2 248 462.037 417.062 5
2 249 818.209 629.891 1
2 253 512.472 906.526 6
2 255 374.105 494.356 5
2 260 260.672 213.383 3
2 261 934.248 685.015 1
2 280 775.352 780.347 6
2 282 988.743 256.46 4
2 284 236.126 494.214 5
2 287 49.9968 742.733 2
2 290 786.058 432.582 1
2 294 304.468 535.688 5
2 302 732.088 320.501 4
2 305 33.0116 545.758 5
2 307 197.287 1.98716 3
2 314 257.178 178.95 3
2 316 109.638 555.178 5
2 318 438.962 136.901 3
2 322 123.803 911.149 2
2 331 680.526 979.535 6
2 332 752.455 173.084 4
2 336 782.186 687.569 1
2 339 99.6077 192.347 3
2 342 172.907 173.232 3
2 343 483.206 814.332 2
2 348 382.173 228.74 3
2 350 957.659 25.5349 4
2 357 517.93 649.464 1
2 358 235.387 41.3129 3
2 363 779.11 99.0186 4
2 364 582.097 75.6071 4
2 368 90.496 16.7955 3
2 369 760.5 411.841 1
2 371 995.853 234.577 4
2 373 989.579 47.3211 4
2 375 961.419 413.034 1
2 377 827.455 580.479 1
2 378 35.7801 990.366 2
2 381 738.931 820.767 6
2 382 274.222 258.428 3
2 383 82.5408 643.565 5
2 384 592.712 764.167 6
2 385 724.782 471.166 1
2 386 778.131 902.453 6
2 387 885.712 666.382 1
2 388 26.8873 163.883 3
2 389 741.314 972.935 6
2 390 165.76 712.313 2
2 391 256.231 126.549 3
2 392 927.385 899.534 6
2 393 524.925 53.7248 4
2 394 72.1925 423.799 5
2 395 367.23 863.354 2
2 396 349.224 799.328 2
2 397 127.116 42.9147 3
2 398 587.637 139.566 4
2 399 22.8315 355.085 5
3 1 602.539 801.704 1
3 2 861.563 954.019 1
3 6 233.569 850.798 5
3 9 954.573 785.053 1
3 14 247.619 698.637 3
3 17 563.237 20.7366 6
3 18 55.259 619.092 3
3 20 237.167 707.298 3
3 21 583.448 609.201 1
3 23 15.771 614.642 3
3 24 20.0806 62.8968 2
3 28 49.6047 40.6059 2
3 29 271.361 736.904 3
3 32 817.106 281.12 4
3 33 332.771 466.52 3
3 34 278.353 945.623 5
3 37 445.404 306.86 6
3 38 306.696 552.626 3
3 39 555.492 359.315 6
3 41 140.141 704.084 3
3 45 931.464 198.146 4
3 48 33.5356 889.86 5
3 50 232.874 327.742 2
3 55 421.545 669.856 3
3 56 699.395 641.832 1
3 58 486.626 987.924 5
3 61 489.34 885.471 5
3 62 908.764 483.318 4
3 67 327.208 868.8 5
3 70 156.993 187.479 2
3 71 186.101 903.489 5
3 72 745.996 818.744 1
3 77 917.898 105.225 4
3 82 486.979 88.5907 6
3 84 231.984 10.131 2
3 89 316.686 311.822 2
3 90 494.944 163.27 6
3 91 525.118 681.256 1
3 93 775.205 181.054 4
3 94 109.477 27.3525 2
3 101 258.125 251.372 2
3 106 168.354 774.785 5
3 110 692.786 475.055 4
3 114 326.41 615.676 3
3 118 127.313 986.134 5
3 119 245.176 595.849 3
3 122 284.623 905.817 5
3 125 923.029 410.17 4
3 126 153.759 230.999 2
3 127 476.331 253.181 6
3 128 232.085 588.069 3
3 136 359.094 688.825 3
3 141 449.959 883.516 5
3 144 429.87 229.253 6
3 146 578.122 545.104 1
3 149 875.589 251.226 4
3 150 101.219 820.45 5
3 151 485.894 5.4797 6
3 162 2.19756 25.8493 2
3 164 257.714 332.927 2
3 167 560.389 331.015 6
3 176 868.707 180.065 4
3 185 138.308 544.775 3
3 186 23.8826 240.295 2
3 188 951.537 792.325 1
3 190 347.579 997.518 5
3 191 331.085 8.82753 6
3 193 776.794 291.288 4
3 198 87.5416 389.28 2
3 199 21.9732 102.51 2
3 201 205.641 477.219 3
3 202 486.743 625.481 3
3 203 372.177 77.9249 6
3 210 134.598 416.191 2
3 212 44.5069 940.863 5
3 222 853.959 621.638 1
3 226 648.783 603.79 1
3 232 607.013 13.6116 6
3 234 769.072 182.917 4
3 237 227.183 343.604 2
3 240 789.06 180.381 4
3 242 58.1823 207.452 2
3 243 195.262 304.483 2
3 246 256.513 606.643 3
3 251 203.288 280.22 2
3 254 826.909 802.719 1
3 256 599.164 619.972 1
3 257 327.353 384.372 3
3 259 809.911 758.316 1
3 264 667.645 810.279 1
3 266 746.32 56.0444 4
3 268 818.774 606.902 1
3 269 746.616 491.772 4
3 271 683.546 930.491 1
3 272 431.006 685.786 3
3 274 452.184 663.382 3
3 275 384.806 812.568 5
3 277 52.5835 271.001 2
3 278 152.733 951.553 5
3 279 808.889 763.527 1
3 283 114.258 377.412 2
3 285 314.339 438.079 3
3 288 6.42906 353.95 2
3 292 509.984 834.341 1
3 293 890.36 307.257 4
3 295 473.917 22.3053 6
3 298 616.789 748.507 1
3 306 451.636 797.971 5
3 309 747.866 360.265 4
3 311 21.823 256.845 2
3 313 754.786 929.344 1
3 315 233.293 789.181 5
3 317 818.496 388.539 4
3 324 967.716 166.523 4
3 325 763.859 558.636 1
3 330 6.13562 122.624 2
3 334 494.045 199.61 6
3 335 225.447 556.169 3
3 337 559.929 171.432 6
3 341 42.8894 926.489 5
3 344 537.144 893.849 1
3 345 2.99018 973.272 5
3 349 407.053 857.824 5
3 353 609.907 714.945 1
3 360 910.373 948.618 1
3 362 548.665 952.849 1
3 365 214.744 82.1886 2
3 367 693.672 555.594 1
3 370 626.521 526.724 1
3 372 918.947 876.684 1
3 374 377.688 314.408 6
3 376 825.413 709.361 1
3 379 620.154 281.819 6
3 380 109.524 120.779 2
