32 817.106 281.12 1 0 0 0 0 0
170 850.689 321.301 1 0 0 0 0 0
149 875.589 251.226 1 0 0 0 0 0
293 890.36 307.257 1 0 0 0 0 0
323 826.839 234.883 1 0 0 0 0 0
104 801.207 327.664 1 0 0 0 0 0
193 776.794 291.288 1 0 0 0 0 0
137 901.1 207.153 1 0 0 0 0 0
354 800.506 368.529 1 0 0 0 0 0
60 764.19 227.841 1 0 0 0 0 0
247 805.435 372.793 1 0 0 0 0 0
176 868.707 180.065 1 0 0 0 0 0
317 818.496 388.539 1 0 0 0 0 0
240 789.06 180.381 1 0 0 0 0 0
45 931.464 198.146 1 0 0 0 0 0
302 732.088 320.501 1 0 0 0 0 0
93 775.205 181.054 1 0 0 0 0 0
234 769.072 182.917 1 0 0 0 0 0
309 747.866 360.265 1 0 0 0 0 0
182 967.473 235.618 1 0 0 0 0 0
80 800.35 158.589 1 0 0 0 0 0
333 740.572 359.87 1 0 0 0 0 0
67 327.208 868.8 0 0 0 1 0 0
319 344.937 837.515 0 0 0 1 0 0
395 367.23 863.354 0 0 0 1 0 0
252 325.896 907.59 0 0 0 1 0 0
46 279.893 896.021 0 0 0 1 0 0
122 284.623 905.817 0 0 0 1 0 0
100 377.453 863.505 0 0 0 1 0 0
75 298.827 796.84 0 0 0 1 0 0
396 349.224 799.328 0 0 0 1 0 0
47 331.283 923.481 0 0 0 1 0 0
205 295.533 923.189 0 0 0 1 0 0
340 257.615 814.539 0 0 0 1 0 0
275 384.806 812.568 0 0 0 1 0 0
68 267.929 788.352 0 0 0 1 0 0
123 347.487 932.543 0 0 0 1 0 0
6 233.569 850.798 0 0 0 1 0 0
349 407.053 857.824 0 0 0 1 0 0
34 278.353 945.623 0 0 0 1 0 0
250 415.46 823.742 0 0 0 1 0 0
315 233.293 789.181 0 0 0 1 0 0
112 433.068 854.106 0 0 0 1 0 0
310 430.779 816.476 0 0 0 1 0 0
22 404.171 942.218 0 0 0 1 0 0
63 195.225 821.483 0 0 0 1 0 0
29 271.361 736.904 0 0 0 1 0 0
129 439.629 819.344 0 0 0 1 0 0
225 762.214 751.456 0 1 0 0 0 0
227 783.667 742.083 0 1 0 0 0 0
79 789.206 738.168 0 1 0 0 0 0
280 775.352 780.347 0 1 0 0 0 0
259 809.911 758.316 0 1 0 0 0 0
279 808.889 763.527 0 1 0 0 0 0
336 782.186 687.569 0 1 0 0 0 0
4 796.042 796.519 0 1 0 0 0 0
211 759.957 814.02 0 1 0 0 0 0
72 745.996 818.744 0 1 0 0 0 0
381 738.931 820.767 0 1 0 0 0 0
376 825.413 709.361 0 1 0 0 0 0
140 840.931 757.357 0 1 0 0 0 0
254 826.909 802.719 0 1 0 0 0 0
102 659.297 693.415 0 1 0 0 0 0
264 667.645 810.279 0 1 0 0 0 0
13 861.254 754.12 0 1 0 0 0 0
56 699.395 641.832 0 1 0 0 0 0
178 669.764 662.314 0 1 0 0 0 0
51 870.562 747.862 0 1 0 0 0 0
95 653.011 671.869 0 1 0 0 0 0
265 852.864 824.65 0 1 0 0 0 0
249 818.209 629.891 0 1 0 0 0 0
298 616.789 748.507 0 1 0 0 0 0
352 891.084 771.611 0 1 0 0 0 0
353 609.907 714.945 0 1 0 0 0 0
134 844.594 856.238 0 1 0 0 0 0
329 807.777 879.354 0 1 0 0 0 0
121 618.453 808.454 0 1 0 0 0 0
40 156.444 178.995 0 0 0 0 1 0
342 172.907 173.232 0 0 0 0 1 0
70 156.993 187.479 0 0 0 0 1 0
64 171.854 111.942 0 0 0 0 1 0
339 99.6077 192.347 0 0 0 0 1 0
380 109.524 120.779 0 0 0 0 1 0
126 153.759 230.999 0 0 0 0 1 0
152 134 228.874 0 0 0 0 1 0
83 148.737 95.1072 0 0 0 0 1 0
113 226.997 149.199 0 0 0 0 1 0
184 153.897 253.897 0 0 0 0 1 0
242 58.1823 207.452 0 0 0 0 1 0
365 214.744 82.1886 0 0 0 0 1 0
314 257.178 178.95 0 0 0 0 1 0
391 256.231 126.549 0 0 0 0 1 0
260 260.672 213.383 0 0 0 0 1 0
173 64.3447 87.0233 0 0 0 0 1 0
286 273.595 173.028 0 0 0 0 1 0
224 272.482 202.425 0 0 0 0 1 0
281 178.085 519.553 0 0 1 0 0 0
215 228.193 537.552 0 0 1 0 0 0
116 175.187 551.629 0 0 1 0 0 0
335 225.447 556.169 0 0 1 0 0 0
284 236.126 494.214 0 0 1 0 0 0
201 205.641 477.219 0 0 1 0 0 0
185 138.308 544.775 0 0 1 0 0 0
128 232.085 588.069 0 0 1 0 0 0
66 132.524 507.626 0 0 1 0 0 0
213 244.594 473.987 0 0 1 0 0 0
16 125.872 536.987 0 0 1 0 0 0
119 245.176 595.849 0 0 1 0 0 0
163 135.318 579.262 0 0 1 0 0 0
25 196.656 613.862 0 0 1 0 0 0
166 176.011 611.721 0 0 1 0 0 0
327 189.042 621.271 0 0 1 0 0 0
316 109.638 555.178 0 0 1 0 0 0
154 156.372 445.891 0 0 1 0 0 0
204 117.937 480.467 0 0 1 0 0 0
246 256.513 606.643 0 0 1 0 0 0
294 304.468 535.688 0 0 1 0 0 0
267 93.5555 531.101 0 0 1 0 0 0
38 306.696 552.626 0 0 1 0 0 0
334 494.045 199.61 0 0 0 0 0 1
148 509.211 164.053 0 0 0 0 0 1
7 476.864 203.976 0 0 0 0 0 1
90 494.944 163.27 0 0 0 0 0 1
192 547.387 204.852 0 0 0 0 0 1
337 559.929 171.432 0 0 0 0 0 1
127 476.331 253.181 0 0 0 0 0 1
43 460.829 255.503 0 0 0 0 0 1
144 429.87 229.253 0 0 0 0 0 1
174 417.205 194.188 0 0 0 0 0 1
318 438.962 136.901 0 0 0 0 0 1
398 587.637 139.566 0 0 0 0 0 1
180 424.972 239.973 0 0 0 0 0 1
82 486.979 88.5907 0 0 0 0 0 1
228 399.475 192.268 0 0 0 0 0 1
96 628.285 197.058 0 0 0 0 0 1
54 550.99 317.71 0 0 0 0 0 1
37 445.404 306.86 0 0 0 0 0 1
143 882.698 149.994 0 0 0 1 0 0
169 852.354 420.312 0 0 0 1 0 0
85 972.905 220.419 0 0 0 1 0 0
282 988.743 256.46 0 0 0 1 0 0
332 752.455 173.084 0 0 0 1 0 0
125 923.029 410.17 0 0 0 1 0 0
130 959.404 382.332 0 0 0 1 0 0
69 792.919 136.517 0 0 0 1 0 0
371 995.853 234.577 0 0 0 1 0 0
369 760.5 411.841 0 0 0 1 0 0
217 881.955 436.361 0 0 0 1 0 0
230 814.209 436.493 0 0 0 1 0 0
26 913.249 428.902 0 0 0 1 0 0
290 786.058 432.582 0 0 0 1 0 0
197 904.883 126.216 0 0 0 1 0 0
324 967.716 166.523 0 0 0 1 0 0
301 974.766 171.802 0 0 0 1 0 0
142 725.65 402.263 0 0 0 1 0 0
375 961.419 413.034 0 0 0 1 0 0
207 889.914 107.701 0 0 0 1 0 0
11 946.1 432.995 0 0 0 1 0 0
270 231.083 960.553 0 0 1 0 0 0
141 449.959 883.516 0 1 0 0 0 0
71 186.101 903.489 0 0 1 0 0 0
299 414.131 748.199 0 1 0 0 0 0
190 347.579 997.518 0 1 0 0 0 0
306 451.636 797.971 0 1 0 0 0 0
157 456.946 809.262 0 1 0 0 0 0
117 207.262 753.08 0 0 1 0 0 0
159 165.471 811.813 0 0 1 0 0 0
326 477.087 834.773 0 1 0 0 0 0
195 172.306 772.747 0 0 1 0 0 0
20 237.167 707.298 0 0 1 0 0 0
106 168.354 774.785 0 0 1 0 0 0
14 247.619 698.637 0 0 1 0 0 0
343 483.206 814.332 0 1 0 0 0 0
136 359.094 688.825 0 0 1 0 0 0
153 167.243 943.593 0 0 1 0 0 0
183 180.64 963.276 0 0 1 0 0 0
61 489.34 885.471 0 1 0 0 0 0
328 500.418 885.256 0 1 0 0 0 0
278 152.733 951.553 0 0 1 0 0 0
35 168.54 974.806 0 0 1 0 0 0
292 509.984 834.341 0 1 0 0 0 0
361 498.328 926.571 0 1 0 0 0 0
109 505.772 795.094 0 1 0 0 0 0
31 489.418 957.946 0 1 0 0 0 0
138 607.208 778.844 0 1 0 0 0 0
359 603.56 723.736 0 1 0 0 0 0
268 818.774 606.902 0 0 0 0 0 1
387 885.712 666.382 0 0 0 0 0 1
222 853.959 621.638 0 0 0 0 0 1
208 636.977 852.552 0 1 0 0 0 0
107 607.71 673.196 0 0 0 0 0 1
105 755.117 581.702 0 0 0 0 0 1
1 602.539 801.704 0 1 0 0 0 0
384 592.712 764.167 0 1 0 0 0 0
386 778.131 902.453 0 1 0 0 0 0
92 835.669 882.708 0 0 0 0 0 1
226 648.783 603.79 0 0 0 0 0 1
194 756.586 917.899 0 1 0 0 0 0
27 828.34 584.111 0 0 0 0 0 1
19 691.414 576.653 0 0 0 0 0 1
377 827.455 580.479 0 0 0 0 0 1
325 763.859 558.636 0 0 0 0 0 1
313 754.786 929.344 0 1 0 0 0 0
273 709.83 561.077 0 0 0 0 0 1
214 642.573 589.53 0 0 0 0 0 1
124 942.046 733.577 0 0 0 0 0 1
261 934.248 685.015 0 0 0 0 0 1
367 693.672 555.594 0 0 0 0 0 1
256 599.164 619.972 0 0 0 0 0 1
271 683.546 930.491 0 1 0 0 0 0
188 951.537 792.325 0 0 0 0 0 1
81 748.357 537.031 0 0 0 0 0 1
9 954.573 785.053 0 0 0 0 0 1
251 203.288 280.22 1 0 0 0 0 0
397 127.116 42.9147 1 0 0 0 0 0
388 26.8873 163.883 1 0 0 0 0 0
87 192.47 292.712 1 0 0 0 0 0
101 258.125 251.372 1 0 0 0 0 0
52 126.307 27.0835 1 0 0 0 0 0
94 109.477 27.3525 1 0 0 0 0 0
243 195.262 304.483 1 0 0 0 0 0
199 21.9732 102.51 1 0 0 0 0 0
277 52.5835 271.001 1 0 0 0 0 0
86 40.56 259.589 1 0 0 0 0 0
196 85.7052 33.6732 1 0 0 0 0 0
358 235.387 41.3129 1 0 0 0 0 0
186 23.8826 240.295 1 0 0 0 0 0
355 6.5945 196.999 1 0 0 0 0 0
155 267.979 69.0196 1 0 0 0 0 0
382 274.222 258.428 1 0 0 0 0 0
330 6.13562 122.624 1 0 0 0 0 0
172 104.725 588.78 0 0 1 0 0 0
356 122.621 436.923 1 0 0 0 0 0
177 262.003 425.604 1 0 0 0 0 0
235 175.856 408.861 1 0 0 0 0 0
346 286.889 436.077 1 0 0 0 0 0
210 134.598 416.191 1 0 0 0 0 0
308 236.339 400.124 1 0 0 0 0 0
12 83.0742 601.487 0 0 1 0 0 0
221 312.678 611.344 0 0 1 0 0 0
233 92.7453 433.967 1 0 0 0 0 0
285 314.339 438.079 1 0 0 0 0 0
33 332.771 466.52 1 0 0 0 0 0
303 334.192 594.83 0 0 1 0 0 0
114 326.41 615.676 0 0 1 0 0 0
300 236.206 683.44 0 0 1 0 0 0
383 82.5408 643.565 0 0 1 0 0 0
394 72.1925 423.799 1 0 0 0 0 0
262 176.023 365.196 1 0 0 0 0 0
305 33.0116 545.758 0 0 1 0 0 0
18 55.259 619.092 0 0 1 0 0 0
297 91.7265 661.356 0 0 1 0 0 0
283 114.258 377.412 1 0 0 0 0 0
348 382.173 228.74 0 0 0 0 1 0
238 491.148 328.614 0 0 0 0 1 0
49 511.528 60.4103 0 0 0 0 1 0
379 620.154 281.819 0 0 0 0 1 0
364 582.097 75.6071 0 0 0 0 1 0
167 560.389 331.015 0 0 0 0 1 0
393 524.925 53.7248 0 0 0 0 1 0
258 360.033 175.038 0 0 0 0 1 0
78 370.272 274.581 0 0 0 0 1 0
209 382.491 96.1738 0 0 0 0 1 0
39 555.492 359.315 0 0 0 0 1 0
312 344.638 230.393 0 0 0 0 1 0
73 672.67 141.516 0 0 0 0 1 0
108 569.788 359.946 0 0 0 0 1 0
218 680.574 156.194 0 0 0 0 1 0
374 377.688 314.408 0 0 0 0 1 0
295 473.917 22.3053 0 0 0 0 1 0
219 811.997 466.21 1 0 0 0 0 0
77 917.898 105.225 0 0 0 1 0 0
320 920.634 460.336 1 0 0 0 0 0
363 779.11 99.0186 0 0 0 1 0 0
42 963.235 442.629 1 0 0 0 0 0
98 730.64 446.995 1 0 0 0 0 0
296 868.559 484.797 1 0 0 0 0 0
62 908.764 483.318 1 0 0 0 0 0
103 700.979 439.308 1 0 0 0 0 0
74 795.061 496.701 1 0 0 0 0 0
385 724.782 471.166 1 0 0 0 0 0
269 746.616 491.772 1 0 0 0 0 0
133 734.709 76.166 0 0 0 1 0 0
171 745.771 57.0821 0 0 0 1 0 0
266 746.32 56.0444 0 0 0 1 0 0
110 692.786 475.055 1 0 0 0 0 0
291 995.164 77.7478 0 0 0 1 0 0
321 950.473 33.9817 0 0 0 1 0 0
373 989.579 47.3211 0 0 0 1 0 0
350 957.659 25.5349 0 0 0 1 0 0
276 886.343 4.94442 0 0 0 1 0 0
322 123.803 911.149 0 0 1 0 0 0
253 512.472 906.526 0 0 0 0 1 0
272 431.006 685.786 0 0 0 0 0 1
338 463.399 711.7 0 0 0 0 0 1
55 421.545 669.856 0 0 0 0 0 1
156 476.475 711.843 0 0 0 0 0 1
58 486.626 987.924 0 0 0 0 1 0
150 101.219 820.45 0 0 1 0 0 0
344 537.144 893.849 0 0 0 0 1 0
5 88.9064 838.954 0 0 1 0 0 0
118 127.313 986.134 0 0 1 0 0 0
59 547.886 870.165 0 0 0 0 1 0
274 452.184 663.382 0 0 0 0 0 1
223 518.363 989.629 0 0 0 0 1 0
362 548.665 952.849 0 0 0 0 1 0
244 543.707 996.057 0 0 0 0 1 0
341 42.8894 926.489 0 0 1 0 0 0
48 33.5356 889.86 0 0 1 0 0 0
212 44.5069 940.863 0 0 1 0 0 0
202 486.743 625.481 0 0 0 0 0 1
57 30.6059 881.315 0 0 1 0 0 0
229 32.4988 938.751 0 0 1 0 0 0
135 10.2508 829.527 0 0 1 0 0 0
378 35.7801 990.366 0 0 1 0 0 0
345 2.99018 973.272 0 0 1 0 0 0
165 678.108 546.502 1 0 0 0 0 0
36 806.139 537.748 1 0 0 0 0 0
372 918.947 876.684 0 0 0 0 1 0
21 583.448 609.201 0 0 0 0 0 1
65 599.164 587.5 0 0 0 0 0 1
147 541.69 818.375 0 0 0 0 1 0
175 884.474 559.131 1 0 0 0 0 0
366 560.439 622.937 0 0 0 0 0 1
30 979.153 716.97 1 0 0 0 0 0
241 980.725 735.09 1 0 0 0 0 0
389 741.314 972.935 0 0 0 0 1 0
392 927.385 899.534 0 0 0 0 1 0
91 525.118 681.256 0 0 0 0 0 1
2 861.563 954.019 0 0 0 0 1 0
145 980.879 821.977 0 0 0 0 1 0
331 680.526 979.535 0 0 0 0 1 0
370 626.521 526.724 0 0 0 0 0 1
357 517.93 649.464 0 0 0 0 0 1
115 756.359 997.073 0 0 0 0 1 0
99 580.371 933.465 0 0 0 0 1 0
206 879.339 967.331 0 0 0 0 1 0
360 910.373 948.618 0 0 0 0 1 0
131 659.332 989.174 0 0 0 0 1 0
220 963.481 584.969 1 0 0 0 0 0
146 578.122 545.104 0 0 0 0 0 1
10 593.326 968.644 0 0 0 0 1 0
289 540.007 528.659 0 0 0 0 0 1
15 963.227 965.824 0 0 0 0 1 0
158 217.245 20.1127 0 1 0 0 0 0
311 21.823 256.845 0 1 0 0 0 0
189 190.116 9.77048 0 1 0 0 0 0
368 90.496 16.7955 0 1 0 0 0 0
28 49.6047 40.6059 0 1 0 0 0 0
347 34.4571 282.052 0 1 0 0 0 0
161 310.765 220.815 0 1 0 0 0 0
24 20.0806 62.8968 0 1 0 0 0 0
307 197.287 1.98716 0 1 0 0 0 0
84 231.984 10.131 0 1 0 0 0 0
50 232.874 327.742 0 1 0 0 0 0
231 291.053 292.049 0 1 0 0 0 0
164 257.714 332.927 0 1 0 0 0 0
162 2.19756 25.8493 0 1 0 0 0 0
89 316.686 311.822 0 1 0 0 0 0
399 22.8315 355.085 0 1 0 0 0 0
191 331.085 8.82753 0 1 0 0 0 0
288 6.42906 353.95 0 1 0 0 0 0
88 24.0393 509.808 0 0 1 0 0 0
255 374.105 494.356 0 0 0 0 0 1
198 87.5416 389.28 0 1 0 0 0 0
41 140.141 704.084 0 0 1 0 0 0
76 91.6001 378.018 0 1 0 0 0 0
390 165.76 712.313 0 0 1 0 0 0
237 227.183 343.604 0 1 0 0 0 0
44 385.534 487.846 0 0 0 0 0 1
257 327.353 384.372 0 0 0 0 0 1
160 381.612 457.549 0 0 0 0 0 1
236 344.656 388.185 0 0 0 0 0 1
23 15.771 614.642 0 0 1 0 0 0
168 416.783 521.535 0 0 0 0 0 1
8 406.271 601.839 0 0 0 0 0 1
200 417.302 581.199 0 0 0 0 0 1
239 25.5217 669.796 0 0 1 0 0 0
53 25.7158 384.711 0 1 0 0 0 0
0 435.841 587.522 0 0 0 0 0 1
3 444.217 553.301 0 0 0 0 0 1
287 49.9968 742.733 0 0 1 0 0 0
97 1.94865 712.335 0 0 1 0 0 0
203 372.177 77.9249 0 1 0 0 0 0
17 563.237 20.7366 0 0 0 1 0 0
263 606.972 355.066 0 0 0 0 0 1
179 420.178 34.4287 0 1 0 0 0 0
245 557.17 378.511 0 0 0 0 0 1
120 368.488 322.474 0 1 0 0 0 0
304 561.254 14.0532 0 0 0 1 0 0
151 485.894 5.4797 0 0 0 1 0 0
139 682.389 84.7105 0 0 0 1 0 0
232 607.013 13.6116 0 0 0 1 0 0
216 645.769 36.6176 0 0 0 1 0 0
181 615.069 4.82106 0 0 0 1 0 0
248 462.037 417.062 0 0 0 0 0 1
132 475.22 422.92 0 0 0 0 0 1
111 615.258 416.034 0 0 0 0 0 1
187 701.018 43.4543 0 0 0 1 0 0
351 534.254 449.898 0 0 0 0 0 1
