1 1 3.58925 3.91123 2
1 5 1.25437 1.02391 2
1 6 2.79349 0.01069 2
1 10 1.5555 3.38326 2
1 11 1.37528 3.16631 2
1 12 3.12138 3.99631 2
1 20 2.43691 3.9191 2
1 21 2.57883 3.95515 2
1 24 2.69724 10.023 4
1 28 2.58717 13.9569 4
1 31 4.79722 11.1225 4
1 40 2.2741 13.8636 4
1 46 13.2422 13.9853 1
1 53 11.9114 10.3222 1
1 54 14.6034 13.1954 1
1 55 14.3807 13.4469 1
1 57 13.6657 10.114 1
1 59 13.919 13.7764 1
1 60 14.9292 12.5274 1
1 61 13.3258 13.9733 1
1 63 11.4834 13.3039 1
1 65 11.8376 3.62754 3
1 68 11.1981 1.13209 3
1 70 11.822 0.383751 3
1 73 13.1544 3.99403 3
1 74 12.9965 4 3
1 75 12.7807 0.0120559 3
1 77 14.4957 0.672275 3
2 4 1.42319 0.769683 3
2 8 4.08792 3.67822 3
2 13 2.93941 0.000917897 3
2 14 3.68572 3.87877 3
2 16 1.59999 3.42827 3
2 18 4.01973 0.279493 3
2 19 2.76961 3.98669 3
2 23 1.07831 11.4458 2
2 25 1.78822 13.5911 2
2 27 2.56473 13.9521 2
2 30 1.86408 13.6461 2
2 32 3.68506 10.121 2
2 36 4.53712 13.2796 2
2 38 2.62782 13.9651 2
2 39 4.30234 13.5179 2
2 43 12.9807 10.0001 1
2 47 13.7867 13.8388 1
2 49 14.9556 11.5811 1
2 50 14.4618 13.365 1
2 51 14.9598 12.399 1
2 52 12.9181 13.9983 1
2 58 13.5038 13.9355 1
2 64 12.9372 3.99901 4
2 69 11.77 0.422913 4
2 76 12.9614 3.99963 4
2 78 11.8338 3.62483 4
2 79 13.5612 0.0803642 4
2 80 11.8239 3.61765 4
3 2 3.88419 3.79394 3
3 3 4.97482 1.68363 3
3 7 4.05402 3.69972 3
3 9 4.89096 1.34865 3
3 15 3.08021 0.00160905 3
3 17 2.04858 0.240795 3
3 22 3.81619 10.1741 2
3 26 2.71969 13.9803 2
3 29 4.02031 10.2798 2
3 33 4.334 13.4901 2
3 34 1.66901 13.4928 2
3 35 4.95949 12.4005 2
3 37 1.61901 10.5533 2
3 41 1.3598 10.8556 2
3 42 1.54517 13.3724 2
3 44 12.98 10.0001 4
3 45 11.2199 12.9117 4
3 48 14.2616 13.5519 4
3 56 13.3439 10.0298 4
3 62 13.3204 10.0258 4
3 66 13.5195 0.0686572 1
3 67 13.4589 0.0533482 1
3 71 11.7563 0.433736 1
3 72 13.5408 0.0745015 1
3 81 11.3283 0.902107 1
3 82 11.5682 0.603631 1
3 83 13.4838 3.94059 1
3 84 11.2083 2.88874 1
