1 4 1.42319 0.769683 1
1 24 2.69724 10.023 2
1 28 2.58717 13.9569 2
1 32 3.68506 10.121 2
1 39 4.30234 13.5179 2
1 53 11.9114 10.3222 4
1 70 11.822 0.383751 3
1 1 3.58925 3.91123 1
1 2 3.88419 3.79394 1
1 15 3.08021 0.00160905 1
1 19 2.76961 3.98669 1
1 27 2.56473 13.9521 2
1 36 4.53712 13.2796 2
1 42 1.54517 13.3724 2
1 37 1.61901 10.5533 2
1 44 12.98 10.0001 4
1 46 13.2422 13.9853 4
1 61 13.3258 13.9733 4
1 55 14.3807 13.4469 4
1 54 14.6034 13.1954 4
1 56 13.3439 10.0298 4
1 59 13.919 13.7764 4
1 65 11.8376 3.62754 3
1 66 13.5195 0.0686572 3
1 73 13.1544 3.99403 3
1 82 11.5682 0.603631 3
2 3 4.97482 1.68363 1
2 5 1.25437 1.02391 1
2 14 3.68572 3.87877 1
2 16 1.59999 3.42827 1
2 17 2.04858 0.240795 1
2 29 4.02031 10.2798 3
2 31 4.79722 11.1225 3
2 38 2.62782 13.9651 3
2 57 13.6657 10.114 4
2 72 13.5408 0.0745015 2
2 74 12.9965 4 2
2 9 4.89096 1.34865 1
2 7 4.05402 3.69972 1
2 10 1.5555 3.38326 1
2 23 1.07831 11.4458 3
2 26 2.71969 13.9803 3
2 40 2.2741 13.8636 3
2 33 4.334 13.4901 3
2 41 1.3598 10.8556 3
2 45 11.2199 12.9117 4
2 60 14.9292 12.5274 4
2 63 11.4834 13.3039 4
2 50 14.4618 13.365 4
2 51 14.9598 12.399 4
2 62 13.3204 10.0258 4
2 58 13.5038 13.9355 4
2 71 11.7563 0.433736 2
2 84 11.2083 2.88874 2
2 67 13.4589 0.0533482 2
2 75 12.7807 0.0120559 2
2 76 12.9614 3.99963 2
2 80 11.8239 3.61765 2
3 12 3.12138 3.99631 3
3 13 2.93941 0.000917897 3
3 18 4.01973 0.279493 3
3 21 2.57883 3.95515 3
3 25 1.78822 13.5911 4
3 35 4.95949 12.4005 4
3 68 11.1981 1.13209 1
3 79 13.5612 0.0803642 1
3 83 13.4838 3.94059 1
3 6 2.79349 0.01069 3
3 8 4.08792 3.67822 3
3 11 1.37528 3.16631 3
3 20 2.43691 3.9191 3
3 22 3.81619 10.1741 4
3 30 1.86408 13.6461 4
3 34 1.66901 13.4928 4
3 43 12.9807 10.0001 2
3 47 13.7867 13.8388 2
3 48 14.2616 13.5519 2
3 49 14.9556 11.5811 2
3 52 12.9181 13.9983 2
3 64 12.9372 3.99901 1
3 77 14.4957 0.672275 1
3 69 11.77 0.422913 1
3 78 11.8338 3.62483 1
3 81 11.3283 0.902107 1
