0 1 3.58925 3.91123 1
0 2 3.88419 3.79394 1
0 3 4.97482 1.68363 1
0 4 1.42319 0.769683 1
0 5 1.25437 1.02391 1
0 6 2.79349 0.01069 1
0 7 4.05402 3.69972 1
0 8 4.08792 3.67822 1
0 9 4.89096 1.34865 1
0 10 1.5555 3.38326 1
0 11 1.37528 3.16631 1
0 12 3.12138 3.99631 1
0 13 2.93941 0.000917897 1
0 14 3.68572 3.87877 1
0 15 3.08021 0.00160905 1
0 16 1.59999 3.42827 1
0 17 2.04858 0.240795 1
0 18 4.01973 0.279493 1
0 19 2.76961 3.98669 1
0 20 2.43691 3.9191 1
0 21 2.57883 3.95515 1
0 22 3.81619 10.1741 4
0 23 1.07831 11.4458 4
0 24 2.69724 10.023 4
0 25 1.78822 13.5911 4
0 26 2.71969 13.9803 4
0 27 2.56473 13.9521 4
0 28 2.58717 13.9569 4
0 29 4.02031 10.2798 4
0 30 1.86408 13.6461 4
0 31 4.79722 11.1225 4
0 32 3.68506 10.121 4
0 33 4.334 13.4901 4
0 34 1.66901 13.4928 4
0 35 4.95949 12.4005 4
0 36 4.53712 13.2796 4
0 37 1.61901 10.5533 4
0 38 2.62782 13.9651 4
0 39 4.30234 13.5179 4
0 40 2.2741 13.8636 4
0 41 1.3598 10.8556 4
0 42 1.54517 13.3724 4
0 43 12.9807 10.0001 3
0 44 12.98 10.0001 3
0 45 11.2199 12.9117 3
0 46 13.2422 13.9853 3
0 47 13.7867 13.8388 3
0 48 14.2616 13.5519 3
0 49 14.9556 11.5811 3
0 50 14.4618 13.365 3
0 51 14.9598 12.399 3
0 52 12.9181 13.9983 3
0 53 11.9114 10.3222 3
0 54 14.6034 13.1954 3
0 55 14.3807 13.4469 3
0 56 13.3439 10.0298 3
0 57 13.6657 10.114 3
0 58 13.5038 13.9355 3
0 59 13.919 13.7764 3
0 60 14.9292 12.5274 3
0 61 13.3258 13.9733 3
0 62 13.3204 10.0258 3
0 63 11.4834 13.3039 3
0 64 12.9372 3.99901 2
0 65 11.8376 3.62754 2
0 66 13.5195 0.0686572 2
0 67 13.4589 0.0533482 2
0 68 11.1981 1.13209 2
0 69 11.77 0.422913 2
0 70 11.822 0.383751 2
0 71 11.7563 0.433736 2
0 72 13.5408 0.0745015 2
0 73 13.1544 3.99403 2
0 74 12.9965 4 2
0 75 12.7807 0.0120559 2
0 76 12.9614 3.99963 2
0 77 14.4957 0.672275 2
0 78 11.8338 3.62483 2
0 79 13.5612 0.0803642 2
0 80 11.8239 3.61765 2
0 81 11.3283 0.902107 2
0 82 11.5682 0.603631 2
0 83 13.4838 3.94059 2
0 84 11.2083 2.88874 2
