1 5 2556 1639 4
1 8 3375 1600 4
1 16 4375 1675 1
1 22 4710 1565 1
1 25 5160 1565 1
1 32 6675 1725 2
1 37 7259 1576 2
1 38 7625 1775 2
1 40 7560 1575 2
1 41 7409 1576 2
1 42 7560 1576 2
1 43 7825 1675 2
1 52 8475 1575 2
1 54 8820 1928 2
1 58 7475 1975 2
1 59 7625 1925 2
1 70 5675 1825 1
1 71 5275 1825 1
1 72 5425 1825 1
1 73 5525 1825 1
1 77 5075 2075 1
1 78 4775 1875 1
1 87 3875 1900 1
1 91 2925 1875 4
1 92 2925 2150 4
1 95 4275 2225 1
1 98 4525 2150 1
1 101 4775 2125 1
1 107 7425 2325 2
1 109 7475 2175 2
1 114 8725 2375 3
1 121 8475 2600 3
1 124 8225 2600 3
1 128 5350 2400 1
1 129 5450 2525 1
1 136 5025 2675 1
1 141 3725 2450 4
1 144 2575 2525 4
1 147 2375 2525 4
1 150 2249 2786 4
1 152 2451 2785 4
1 155 2925 2925 4
1 156 3325 2900 4
1 162 5075 2775 1
1 169 7425 2875 3
1 177 8125 2975 3
1 179 8775 2825 3
1 180 8775 2925 3
1 181 8775 3025 3
1 182 8775 3125 3
1 186 8075 3075 3
1 187 7975 3275 3
1 189 7825 3125 3
1 192 7425 3275 3
1 199 5275 3250 1
1 201 5175 3150 1
1 213 2925 3198 4
1 214 2925 3475 4
1 217 3975 3375 4
1 220 4175 3400 1
1 222 4500 3300 1
1 223 4400 3300 1
1 224 4725 3525 1
1 226 4775 3375 1
1 227 5175 3300 1
1 228 4975 3325 1
1 231 5375 3525 1
1 232 5275 3525 1
1 233 6050 3375 1
1 235 6450 3375 1
1 239 6875 3325 3
1 243 7625 3525 3
1 249 7825 3375 3
1 254 8325 3525 3
1 255 8575 3325 3
1 256 8775 3700 3
1 257 8675 3800 3
1 258 8575 3700 3
1 259 8425 3625 3
1 262 8175 3625 3
1 264 8075 3775 3
1 267 7875 3675 3
1 270 6975 3725 3
1 271 6575 3750 3
1 274 5325 3775 1
1 278 5204 3772 1
1 280 4925 3800 1
1 285 4325 3725 1
1 287 3625 3750 4
1 288 3475 3750 4
1 289 3225 3750 4
1 290 3325 3750 4
1 292 2925 3725 4
1 293 2575 3675 4
1 294 2675 3675 4
1 295 2275 3675 4
1 296 2375 3675 4
1 297 2175 3675 4
1 298 4775 3225 1
2 1 2456 1639 3
2 4 2656 1640 3
2 6 2975 1725 3
2 7 3275 1600 3
2 9 3475 1600 3
2 13 3875 1775 3
2 14 4275 1625 3
2 15 4275 1725 3
2 19 4550 1750 3
2 20 4560 1565 3
2 21 4775 1725 3
2 29 6375 1575 1
2 30 6525 1575 1
2 31 6675 1575 1
2 33 6525 1725 1
2 45 7711 1575 1
2 46 7875 1575 1
2 51 8375 1575 1
2 56 7725 1825 1
2 60 7575 2075 1
2 61 7075 1975 1
2 63 6775 2075 1
2 66 6200 1975 1
2 74 5025 1825 3
2 79 4925 1925 3
2 83 4525 2050 3
2 86 4275 2050 3
2 89 3975 1975 3
2 96 4275 2325 3
2 97 4425 2150 3
2 99 4600 2225 3
2 100 4600 2325 3
2 104 6775 2225 1
2 105 7275 2275 1
2 108 7525 2375 1
2 117 8575 2450 2
2 118 8725 2525 2
2 120 8375 2600 2
2 122 7975 2475 2
2 123 8225 2500 2
2 125 8125 2575 2
2 127 7750 2650 2
2 132 5175 2475 4
2 133 5175 2675 4
2 137 4875 2675 4
2 138 4175 2425 3
2 140 3925 2450 3
2 143 2925 2425 3
2 146 2275 2525 3
2 148 2175 2525 3
2 153 2552 2785 3
2 154 2651 2787 3
2 159 4175 2925 4
2 164 5450 2825 4
2 168 7575 2875 2
2 172 7825 2925 2
2 173 7750 2800 2
2 174 8125 2775 2
2 176 8025 2775 2
2 188 7975 3075 2
2 190 7575 3075 2
2 194 7425 3025 2
2 195 7325 3225 2
2 197 6025 3175 4
2 198 5375 3250 4
2 202 5075 3275 4
2 203 4525 3200 4
2 206 4425 3200 4
2 207 4325 3200 4
2 209 4275 3125 4
2 211 3975 3275 4
2 219 4275 3300 4
2 221 4125 3300 4
2 229 5175 3475 4
2 230 5025 3450 4
2 237 6575 3525 2
2 242 7150 3475 2
2 250 7725 3375 2
2 251 8225 3425 2
2 252 8225 3325 2
2 253 8475 3525 2
2 260 8325 3625 2
2 261 8375 3775 2
2 263 8225 3775 2
2 265 8075 3675 2
2 266 7925 3775 2
2 268 7075 3675 2
2 269 7150 3750 2
2 272 6375 3750 2
2 273 5975 3750 4
2 275 5275 3675 4
2 276 5375 3675 4
2 277 5075 3800 4
2 279 4675 3675 4
2 281 4925 3675 4
2 282 4775 3675 4
2 283 4575 3675 4
2 284 4425 3675 4
2 286 3825 3650 4
2 291 3125 3725 4
3 0 2156 1639 2
3 2 2355 1640 2
3 3 2256 1640 2
3 10 3575 1600 2
3 11 3700 1600 2
3 12 3900 1625 2
3 17 4500 1675 4
3 18 4450 1750 4
3 23 4860 1565 4
3 24 5010 1565 4
3 26 5310 1565 4
3 27 5460 1565 4
3 28 5610 1565 4
3 34 6875 1575 1
3 35 7075 1575 1
3 36 7260 1575 1
3 39 7410 1575 1
3 44 7710 1575 1
3 47 7975 1575 1
3 48 8075 1575 1
3 49 8175 1575 1
3 50 8275 1575 1
3 53 8825 1625 1
3 55 8825 1825 1
3 57 7725 1975 1
3 62 6825 1925 1
3 64 6975 2075 1
3 65 6675 1925 1
3 67 6425 2075 4
3 68 6000 1975 4
3 69 6025 2075 4
3 75 4975 2025 4
3 76 5075 1925 4
3 80 4675 1950 4
3 81 4775 1975 4
3 82 4425 2050 4
3 84 4175 1950 2
3 85 4125 2050 2
3 88 3875 2075 2
3 90 3975 2075 2
3 93 4175 2150 2
3 94 4325 2150 2
3 102 5175 2325 4
3 103 5450 2375 4
3 106 7075 2175 1
3 110 7775 2350 1
3 111 7825 2175 1
3 112 7875 2350 1
3 113 8825 2225 1
3 115 8703 2197 1
3 116 8825 2425 1
3 119 8625 2600 1
3 126 7975 2625 3
3 130 5450 2675 4
3 131 5250 2400 4
3 134 5075 2575 4
3 135 4975 2525 4
3 139 4175 2625 2
3 142 3325 2450 2
3 145 2675 2525 2
3 149 2148 2786 2
3 151 2352 2786 2
3 157 3725 2900 2
3 158 3925 2900 2
3 160 4175 2725 2
3 161 4975 2825 4
3 163 5175 2875 4
3 165 5450 2925 4
3 166 6125 2875 4
3 167 6025 2875 4
3 170 7925 2875 3
3 171 7875 2775 3
3 175 8075 2875 3
3 178 7975 2975 3
3 183 8775 3275 3
3 184 8625 3225 3
3 185 8525 3225 3
3 191 7600 3175 3
3 193 7425 3125 3
3 196 6125 3025 4
3 200 5450 3025 4
3 204 4575 3125 4
3 205 4575 3025 4
3 208 4175 3200 2
3 210 4275 3025 2
3 212 3875 3275 2
3 215 3925 3475 2
3 216 3825 3475 2
3 218 4325 3575 2
3 225 4675 3400 4
3 234 5908 3574 4
3 236 6675 3325 3
3 238 6975 3525 3
3 240 6775 3425 3
3 241 7150 3325 3
3 244 7575 3425 3
3 245 7475 3525 3
3 246 7425 3425 3
3 247 7825 3525 3
3 248 7725 3525 3
