1 26 322.422 550.317 1
1 41 494.859 148.122 2
1 48 54.5249 438.552 3
1 53 578.381 321.33 4
1 108 588.197 580.595 4
1 113 88.4678 384.051 3
1 131 378.348 272.291 2
1 140 558.201 0.419881 2
1 143 193.661 669.743 1
1 3 38.1312 353.148 3
1 4 53.4418 131.485 3
1 6 689.945 468.535 4
1 9 661.051 445.938 4
1 31 356.71 67.6477 2
1 16 246.928 322.461 3
1 18 352.966 666.787 1
1 20 488.312 437.487 4
1 149 48.0798 270.968 3
1 23 397.559 231.359 2
1 146 299.588 530.589 1
1 148 690.966 134.579 2
1 127 608.426 222.542 2
1 51 475.735 385.784 4
1 122 299.481 251.83 2
1 54 358.917 404.467 1
1 118 594.405 275.874 4
1 65 432.264 629.409 1
1 104 15.2146 143.044 3
1 114 658.913 583.958 4
1 76 10.0261 488.931 3
1 74 259.71 10.62 2
1 78 220.704 270.082 3
1 82 42.5331 656.365 1
1 135 557.607 595.319 4
1 88 135.638 325.841 3
1 91 87.7495 19.617 3
1 97 212.373 594.922 1
1 105 283.005 376.444 1
1 144 352.314 140.327 2
2 27 397.559 74.7588 2
2 38 415.026 233.305 2
2 40 616.655 339.341 2
2 43 471.101 314.222 2
2 63 79.4653 445.964 1
2 66 623.249 69.1893 2
2 77 315.293 273.228 2
2 83 396.127 539.465 3
2 84 118.663 508.713 1
2 99 656.694 558.111 3
2 106 146.539 39.4232 4
2 134 381.654 360.334 2
2 2 612.176 494.317 3
2 7 112.748 529.418 1
2 60 595.836 81.813 2
2 13 192.407 20.4394 4
2 15 240.825 281.514 1
2 19 633.392 534.94 3
2 79 192.119 314.184 1
2 24 565.785 282.386 2
2 25 475.898 468.539 3
2 30 104.653 482.822 1
2 34 58.7767 507.171 1
2 35 189.751 460.382 1
2 128 70.2723 77.9227 4
2 46 390.697 423.977 3
2 50 531.029 612.387 3
2 130 635.497 133.323 2
2 71 117.862 112.98 4
2 72 297.791 166.313 4
2 133 278.871 299.931 1
2 85 395.691 699.538 3
2 86 559.016 560.887 3
2 89 141.451 485.248 1
2 119 66.2308 24.1317 4
2 93 216.701 466.482 1
2 120 598.416 414.556 3
3 17 649.731 62.3332 2
3 42 629.998 433.455 2
3 67 436.519 282.936 2
3 94 130.924 351.149 3
3 107 101.869 635.099 3
3 109 457.263 350.016 2
3 117 500.257 64.9136 2
3 129 398.23 119.558 1
3 1 37.4394 541.209 3
3 75 342.358 599.388 4
3 5 143.061 631.72 3
3 132 484.803 677.073 4
3 8 141.488 504.818 3
3 11 697.388 180.396 2
3 12 536.489 287.228 2
3 14 282.787 229.8 1
3 102 634.318 612.829 4
3 21 141.404 228.433 1
3 138 398.55 392.649 2
3 28 672.862 432.883 2
3 137 562.905 670.038 4
3 103 59.7537 551.632 3
3 139 590.894 370.741 2
3 44 138.244 137.168 1
3 45 91.5848 110.02 1
3 47 565.162 429.16 2
3 49 334.351 153.797 1
3 92 350.425 420.653 3
3 61 661.559 217.046 2
3 64 210.416 130.715 1
3 112 239.905 102.63 1
3 73 22.7643 455.534 3
3 142 354.724 685.405 4
3 121 172.309 344.396 3
3 126 255.557 448.865 3
3 111 269.367 367.476 3
3 115 97.7359 157.456 1
4 32 400.407 253.679 3
4 56 343.169 509.312 4
4 58 498.807 576.21 4
4 62 43.6892 305.472 1
4 81 530.732 504.067 4
4 87 22.6471 526.247 2
4 90 396.774 460.756 4
4 98 49.9187 541.435 2
4 101 500.383 198.743 3
4 124 197.897 512.389 2
4 136 249.059 76.6595 1
4 141 461.411 530.525 4
4 147 334.275 152.149 1
4 10 98.7899 384.593 2
4 57 530.363 137.688 3
4 125 56.02 243.066 1
4 22 17.3633 240.241 1
4 116 506.619 233.002 3
4 29 571.219 530.262 4
4 33 282.304 426.838 2
4 36 659.912 226.628 3
4 37 639.031 467.23 4
4 39 547.266 161.659 3
4 52 228.833 410.446 2
4 55 486.465 593.043 4
4 59 224.318 312.468 1
4 68 59.4163 40.128 1
4 69 630.923 230.343 3
4 70 579.327 601.036 4
4 80 271.504 225.292 1
4 123 303.838 21.0526 1
4 95 72.633 645.785 2
4 96 144.6 457.422 2
4 100 176.594 648.524 2
4 110 537.466 472.584 4
4 150 91.6468 166.354 1
4 145 308.435 115.205 1
