1 12 536.489 287.228 4
1 23 397.559 231.359 4
1 27 397.559 74.7588 2
1 38 415.026 233.305 4
1 40 616.655 339.341 4
1 60 595.836 81.813 4
1 109 457.263 350.016 4
1 117 500.257 64.9136 4
1 9 661.051 445.938 3
1 47 565.162 429.16 3
1 56 343.169 509.312 3
1 86 559.016 560.887 3
1 90 396.774 460.756 3
1 108 588.197 580.595 3
1 114 658.913 583.958 3
1 134 381.654 360.334 4
1 132 484.803 677.073 3
1 139 590.894 370.741 4
1 142 354.724 685.405 3
1 64 210.416 130.715 2
1 74 259.71 10.62 2
1 80 271.504 225.292 2
1 112 239.905 102.63 2
1 128 70.2723 77.9227 2
1 133 278.871 299.931 2
1 136 249.059 76.6595 2
1 147 334.275 152.149 2
1 3 38.1312 353.148 1
1 30 104.653 482.822 1
1 84 118.663 508.713 1
1 89 141.451 485.248 1
1 96 144.6 457.422 1
1 98 49.9187 541.435 1
1 103 59.7537 551.632 1
1 146 299.588 530.589 1
1 113 88.4678 384.051 1
1 124 197.897 512.389 1
2 11 697.388 180.396 4
2 17 649.731 62.3332 4
2 24 565.785 282.386 4
2 39 547.266 161.659 4
2 41 494.859 148.122 4
2 53 578.381 321.33 4
2 101 500.383 198.743 4
2 2 612.176 494.317 2
2 6 689.945 468.535 2
2 25 475.898 468.539 2
2 37 639.031 467.23 2
2 46 390.697 423.977 2
2 50 531.029 612.387 2
2 54 358.917 404.467 2
2 65 432.264 629.409 2
2 75 342.358 599.388 2
2 102 634.318 612.829 2
2 110 537.466 472.584 2
2 4 53.4418 131.485 1
2 15 240.825 281.514 1
2 21 141.404 228.433 1
2 45 91.5848 110.02 1
2 72 297.791 166.313 1
2 106 146.539 39.4232 1
2 115 97.7359 157.456 1
2 123 303.838 21.0526 1
2 125 56.02 243.066 1
2 145 308.435 115.205 1
2 7 112.748 529.418 3
2 62 43.6892 305.472 1
2 48 54.5249 438.552 3
2 63 79.4653 445.964 3
2 94 130.924 351.149 1
2 95 72.633 645.785 3
2 100 176.594 648.524 3
2 105 283.005 376.444 1
2 107 101.869 635.099 3
2 111 269.367 367.476 1
3 43 471.101 314.222 2
3 57 530.363 137.688 2
3 69 630.923 230.343 2
3 116 506.619 233.002 2
3 127 608.426 222.542 2
3 129 398.23 119.558 2
3 148 690.966 134.579 2
3 140 558.201 0.419881 2
3 18 352.966 666.787 1
3 20 488.312 437.487 4
3 26 322.422 550.317 1
3 28 672.862 432.883 4
3 29 571.219 530.262 4
3 51 475.735 385.784 4
3 58 498.807 576.21 4
3 70 579.327 601.036 4
3 81 530.732 504.067 4
3 137 562.905 670.038 4
3 13 192.407 20.4394 3
3 14 282.787 229.8 3
3 22 17.3633 240.241 3
3 31 356.71 67.6477 2
3 44 138.244 137.168 3
3 59 224.318 312.468 3
3 68 59.4163 40.128 3
3 77 315.293 273.228 3
3 79 192.119 314.184 3
3 104 15.2146 143.044 3
3 76 10.0261 488.931 1
3 33 282.304 426.838 1
3 34 58.7767 507.171 1
3 126 255.557 448.865 1
3 82 42.5331 656.365 1
3 88 135.638 325.841 3
3 93 216.701 466.482 1
3 97 212.373 594.922 1
3 121 172.309 344.396 3
3 143 193.661 669.743 1
4 32 400.407 253.679 4
4 36 659.912 226.628 4
4 61 661.559 217.046 4
4 66 623.249 69.1893 4
4 67 436.519 282.936 4
4 118 594.405 275.874 4
4 130 635.497 133.323 4
4 131 378.348 272.291 4
4 19 633.392 534.94 1
4 42 629.998 433.455 1
4 55 486.465 593.043 1
4 83 396.127 539.465 1
4 85 395.691 699.538 1
4 92 350.425 420.653 1
4 99 656.694 558.111 1
4 120 598.416 414.556 1
4 135 557.607 595.319 1
4 138 398.55 392.649 1
4 141 461.411 530.525 1
4 16 246.928 322.461 2
4 150 91.6468 166.354 2
4 49 334.351 153.797 2
4 71 117.862 112.98 2
4 78 220.704 270.082 2
4 91 87.7495 19.617 2
4 119 66.2308 24.1317 2
4 122 299.481 251.83 2
4 144 352.314 140.327 2
4 149 48.0798 270.968 2
4 1 37.4394 541.209 3
4 5 143.061 631.72 3
4 8 141.488 504.818 3
4 10 98.7899 384.593 3
4 35 189.751 460.382 3
4 52 228.833 410.446 3
4 73 22.7643 455.534 3
4 87 22.6471 526.247 3
