1 60 595.836 81.813 2
1 118 594.405 275.874 2
1 131 378.348 272.291 2
1 11 697.388 180.396 2
1 12 536.489 287.228 2
1 24 565.785 282.386 2
1 38 415.026 233.305 2
1 41 494.859 148.122 2
1 66 623.249 69.1893 2
1 26 322.422 550.317 1
1 134 381.654 360.334 2
1 137 562.905 670.038 3
1 2 612.176 494.317 3
1 28 672.862 432.883 3
1 9 661.051 445.938 3
1 18 352.966 666.787 1
1 19 633.392 534.94 3
1 37 639.031 467.23 3
1 42 629.998 433.455 3
1 46 390.697 423.977 1
1 85 395.691 699.538 3
1 51 475.735 385.784 2
1 54 358.917 404.467 1
1 132 484.803 677.073 3
1 102 634.318 612.829 3
1 75 342.358 599.388 1
1 92 350.425 420.653 1
1 108 588.197 580.595 3
1 22 17.3633 240.241 4
1 31 356.71 67.6477 2
1 74 259.71 10.62 4
1 104 15.2146 143.044 4
1 144 352.314 140.327 2
1 119 66.2308 24.1317 4
1 77 315.293 273.228 2
1 68 59.4163 40.128 4
1 16 246.928 322.461 1
1 45 91.5848 110.02 4
1 49 334.351 153.797 2
1 59 224.318 312.468 1
1 91 87.7495 19.617 4
1 72 297.791 166.313 2
1 149 48.0798 270.968 4
1 133 278.871 299.931 1
1 123 303.838 21.0526 4
1 84 118.663 508.713 1
1 121 172.309 344.396 1
1 126 255.557 448.865 1
1 3 38.1312 353.148 1
1 97 212.373 594.922 1
1 48 54.5249 438.552 1
1 124 197.897 512.389 1
1 98 49.9187 541.435 1
1 89 141.451 485.248 1
1 107 101.869 635.099 1
2 116 506.619 233.002 4
2 127 608.426 222.542 4
2 23 397.559 231.359 4
2 57 530.363 137.688 4
2 130 635.497 133.323 4
2 110 537.466 472.584 1
2 120 598.416 414.556 1
2 135 557.607 595.319 1
2 50 531.029 612.387 1
2 90 396.774 460.756 1
2 81 530.732 504.067 1
2 83 396.127 539.465 1
2 99 656.694 558.111 1
2 64 210.416 130.715 2
2 115 97.7359 157.456 2
2 112 239.905 102.63 2
2 62 43.6892 305.472 2
2 76 10.0261 488.931 3
2 82 42.5331 656.365 3
2 103 59.7537 551.632 3
2 105 283.005 376.444 2
2 111 269.367 367.476 2
2 113 88.4678 384.051 2
2 146 299.588 530.589 1
2 100 176.594 648.524 3
2 143 193.661 669.743 3
2 88 135.638 325.841 2
2 33 282.304 426.838 2
2 94 130.924 351.149 2
2 73 22.7643 455.534 3
2 52 228.833 410.446 2
2 87 22.6471 526.247 3
2 95 72.633 645.785 3
3 39 547.266 161.659 3
3 36 659.912 226.628 3
3 101 500.383 198.743 3
3 139 590.894 370.741 3
3 6 689.945 468.535 2
3 29 571.219 530.262 2
3 47 565.162 429.16 2
3 138 398.55 392.649 2
3 56 343.169 509.312 2
3 58 498.807 576.21 2
3 65 432.264 629.409 2
3 70 579.327 601.036 2
3 142 354.724 685.405 2
3 141 461.411 530.525 2
3 114 658.913 583.958 2
3 145 308.435 115.205 1
3 150 91.6468 166.354 1
3 14 282.787 229.8 1
3 15 240.825 281.514 1
3 44 138.244 137.168 1
3 128 70.2723 77.9227 1
3 79 192.119 314.184 1
3 136 249.059 76.6595 1
3 125 56.02 243.066 1
3 93 216.701 466.482 4
3 1 37.4394 541.209 4
3 5 143.061 631.72 4
3 10 98.7899 384.593 4
3 34 58.7767 507.171 4
3 96 144.6 457.422 4
4 43 471.101 314.222 3
4 53 578.381 321.33 3
4 67 436.519 282.936 3
4 69 630.923 230.343 1
4 109 457.263 350.016 3
4 117 500.257 64.9136 1
4 129 398.23 119.558 1
4 140 558.201 0.419881 1
4 148 690.966 134.579 1
4 27 397.559 74.7588 1
4 17 649.731 62.3332 1
4 40 616.655 339.341 3
4 32 400.407 253.679 3
4 61 661.559 217.046 1
4 20 488.312 437.487 3
4 25 475.898 468.539 3
4 86 559.016 560.887 3
4 55 486.465 593.043 3
4 80 271.504 225.292 4
4 4 53.4418 131.485 4
4 13 192.407 20.4394 4
4 21 141.404 228.433 4
4 71 117.862 112.98 4
4 147 334.275 152.149 4
4 78 220.704 270.082 4
4 106 146.539 39.4232 4
4 122 299.481 251.83 4
4 63 79.4653 445.964 2
4 7 112.748 529.418 2
4 8 141.488 504.818 2
4 30 104.653 482.822 2
4 35 189.751 460.382 2
