1 1 37.4394 541.209 4
1 6 689.945 468.535 1
1 15 240.825 281.514 2
1 18 352.966 666.787 1
1 20 488.312 437.487 1
1 21 141.404 228.433 2
1 24 565.785 282.386 3
1 29 571.219 530.262 1
1 36 659.912 226.628 3
1 38 415.026 233.305 3
1 39 547.266 161.659 3
1 43 471.101 314.222 3
1 46 390.697 423.977 1
1 48 54.5249 438.552 4
1 62 43.6892 305.472 2
1 70 579.327 601.036 1
1 71 117.862 112.98 2
1 72 297.791 166.313 2
1 74 259.71 10.62 2
1 77 315.293 273.228 2
1 82 42.5331 656.365 4
1 84 118.663 508.713 4
1 93 216.701 466.482 4
1 94 130.924 351.149 4
1 96 144.6 457.422 4
1 99 656.694 558.111 1
1 100 176.594 648.524 4
1 104 15.2146 143.044 2
1 105 283.005 376.444 4
1 119 66.2308 24.1317 2
1 120 598.416 414.556 1
1 129 398.23 119.558 3
1 132 484.803 677.073 1
1 140 558.201 0.419881 3
1 141 461.411 530.525 1
1 145 308.435 115.205 2
1 146 299.588 530.589 4
1 148 690.966 134.579 3
2 2 612.176 494.317 2
2 17 649.731 62.3332 1
2 22 17.3633 240.241 3
2 25 475.898 468.539 2
2 28 672.862 432.883 2
2 30 104.653 482.822 4
2 32 400.407 253.679 1
2 47 565.162 429.16 2
2 52 228.833 410.446 4
2 53 578.381 321.33 1
2 54 358.917 404.467 2
2 56 343.169 509.312 2
2 59 224.318 312.468 3
2 64 210.416 130.715 3
2 65 432.264 629.409 2
2 69 630.923 230.343 1
2 75 342.358 599.388 2
2 76 10.0261 488.931 4
2 80 271.504 225.292 3
2 86 559.016 560.887 2
2 88 135.638 325.841 3
2 91 87.7495 19.617 3
2 95 72.633 645.785 4
2 98 49.9187 541.435 4
2 101 500.383 198.743 1
2 109 457.263 350.016 2
2 113 88.4678 384.051 4
2 114 658.913 583.958 2
2 115 97.7359 157.456 3
2 117 500.257 64.9136 1
2 123 303.838 21.0526 3
2 124 197.897 512.389 4
2 128 70.2723 77.9227 3
2 130 635.497 133.323 1
2 133 278.871 299.931 3
2 137 562.905 670.038 2
2 143 193.661 669.743 4
2 144 352.314 140.327 3
3 3 38.1312 353.148 3
3 4 53.4418 131.485 2
3 7 112.748 529.418 3
3 11 697.388 180.396 4
3 12 536.489 287.228 4
3 14 282.787 229.8 2
3 23 397.559 231.359 4
3 31 356.71 67.6477 2
3 37 639.031 467.23 1
3 41 494.859 148.122 4
3 42 629.998 433.455 1
3 45 91.5848 110.02 2
3 58 498.807 576.21 1
3 60 595.836 81.813 4
3 63 79.4653 445.964 3
3 67 436.519 282.936 4
3 78 220.704 270.082 2
3 81 530.732 504.067 1
3 83 396.127 539.465 1
3 85 395.691 699.538 1
3 87 22.6471 526.247 3
3 89 141.451 485.248 3
3 92 350.425 420.653 1
3 97 212.373 594.922 3
3 102 634.318 612.829 1
3 106 146.539 39.4232 2
3 107 101.869 635.099 3
3 111 269.367 367.476 3
3 121 172.309 344.396 3
3 125 56.02 243.066 2
3 126 255.557 448.865 3
3 127 608.426 222.542 4
3 135 557.607 595.319 1
3 136 249.059 76.6595 2
3 138 398.55 392.649 1
3 139 590.894 370.741 4
3 147 334.275 152.149 2
4 5 143.061 631.72 3
4 8 141.488 504.818 3
4 9 661.051 445.938 4
4 10 98.7899 384.593 3
4 13 192.407 20.4394 1
4 16 246.928 322.461 1
4 19 633.392 534.94 4
4 26 322.422 550.317 4
4 27 397.559 74.7588 2
4 33 282.304 426.838 3
4 34 58.7767 507.171 3
4 35 189.751 460.382 3
4 40 616.655 339.341 2
4 44 138.244 137.168 1
4 49 334.351 153.797 1
4 50 531.029 612.387 4
4 51 475.735 385.784 4
4 55 486.465 593.043 4
4 57 530.363 137.688 2
4 61 661.559 217.046 2
4 66 623.249 69.1893 2
4 68 59.4163 40.128 1
4 73 22.7643 455.534 3
4 79 192.119 314.184 1
4 90 396.774 460.756 4
4 103 59.7537 551.632 3
4 108 588.197 580.595 4
4 110 537.466 472.584 4
4 112 239.905 102.63 1
4 116 506.619 233.002 2
4 118 594.405 275.874 2
4 122 299.481 251.83 1
4 131 378.348 272.291 2
4 134 381.654 360.334 4
4 142 354.724 685.405 4
4 149 48.0798 270.968 1
4 150 91.6468 166.354 1
