127 7750 2650 0 1
173 7750 2800 0 1
171 7875 2775 0 1
168 7575 2875 0 1
126 7975 2625 0 1
172 7825 2925 0 1
170 7925 2875 0 1
176 8025 2775 0 1
122 7975 2475 0 1
110 7775 2350 0 1
169 7425 2875 0 1
112 7875 2350 0 1
108 7525 2375 0 1
178 7975 2975 0 1
175 8075 2875 0 1
174 8125 2775 0 1
125 8125 2575 0 1
190 7575 3075 0 1
189 7825 3125 0 1
194 7425 3025 0 1
107 7425 2325 0 1
188 7975 3075 0 1
177 8125 2975 0 1
124 8225 2600 0 1
191 7600 3175 0 1
111 7825 2175 0 1
186 8075 3075 0 1
123 8225 2500 0 1
193 7425 3125 0 1
109 7475 2175 0 1
105 7275 2275 0 1
60 7575 2075 0 1
187 7975 3275 0 1
120 8375 2600 0 1
192 7425 3275 0 1
195 7325 3225 0 1
250 7725 3375 0 1
249 7825 3375 0 1
57 7725 1975 0 1
58 7475 1975 0 1
121 8475 2600 0 1
244 7575 3425 0 1
59 7625 1925 0 1
246 7425 3425 0 1
139 4175 2625 1 0
160 4175 2725 1 0
138 4175 2425 1 0
159 4175 2925 1 0
96 4275 2325 1 0
210 4275 3025 1 0
140 3925 2450 1 0
158 3925 2900 1 0
95 4275 2225 1 0
209 4275 3125 1 0
100 4600 2325 1 0
205 4575 3025 1 0
94 4325 2150 1 0
93 4175 2150 1 0
97 4425 2150 1 0
207 4325 3200 1 0
99 4600 2225 1 0
208 4175 3200 1 0
204 4575 3125 1 0
206 4425 3200 1 0
98 4525 2150 1 0
141 3725 2450 1 0
157 3725 2900 1 0
203 4525 3200 1 0
137 4875 2675 1 0
86 4275 2050 1 0
85 4125 2050 1 0
82 4425 2050 1 0
219 4275 3300 1 0
223 4400 3300 1 0
221 4125 3300 1 0
90 3975 2075 1 0
83 4525 2050 1 0
222 4500 3300 1 0
211 3975 3275 1 0
88 3875 2075 1 0
84 4175 1950 1 0
135 4975 2525 1 0
161 4975 2825 1 0
212 3875 3275 1 0
101 4775 2125 1 0
220 4175 3400 1 0
89 3975 1975 1 0
136 5025 2675 1 0
298 4775 3225 1 0
217 3975 3375 1 0
134 5075 2575 1 0
162 5075 2775 1 0
80 4675 1950 1 0
225 4675 3400 1 0
81 4775 1975 1 0
87 3875 1900 1 0
226 4775 3375 1 0
215 3925 3475 1 0
133 5175 2675 1 0
218 4325 3575 1 0
132 5175 2475 1 0
252 8225 3325 1 0
106 7075 2175 1 0
248 7725 3525 1 0
243 7625 3525 1 0
247 7825 3525 1 0
56 7725 1825 1 0
241 7150 3325 1 0
245 7475 3525 1 0
117 8575 2450 1 0
251 8225 3425 1 0
119 8625 2600 1 0
38 7625 1775 1 0
61 7075 1975 1 0
64 6975 2075 1 0
185 8525 3225 1 0
242 7150 3475 1 0
267 7875 3675 1 0
43 7825 1675 1 0
118 8725 2525 1 0
254 8325 3525 1 0
262 8175 3625 1 0
114 8725 2375 1 0
184 8625 3225 1 0
104 6775 2225 1 0
265 8075 3675 1 0
179 8775 2825 1 0
239 6875 3325 1 0
255 8575 3325 1 0
180 8775 2925 1 0
115 8703 2197 1 0
181 8775 3025 1 0
45 7711 1575 1 0
44 7710 1575 1 0
266 7925 3775 1 0
46 7875 1575 1 0
42 7560 1576 1 0
40 7560 1575 1 0
260 8325 3625 1 0
63 6775 2075 1 0
238 6975 3525 1 0
253 8475 3525 1 0
116 8825 2425 1 0
47 7975 1575 1 0
182 8775 3125 1 0
216 3825 3475 0 1
18 4450 1750 0 1
163 5175 2875 0 1
78 4775 1875 0 1
15 4275 1725 0 1
75 4975 2025 0 1
19 4550 1750 0 1
102 5175 2325 0 1
228 4975 3325 0 1
142 3325 2450 0 1
13 3875 1775 0 1
156 3325 2900 0 1
224 4725 3525 0 1
79 4925 1925 0 1
16 4375 1675 0 1
77 5075 2075 0 1
202 5075 3275 0 1
17 4500 1675 0 1
131 5250 2400 0 1
284 4425 3675 0 1
201 5175 3150 0 1
14 4275 1625 0 1
283 4575 3675 0 1
21 4775 1725 0 1
285 4325 3725 0 1
286 3825 3650 0 1
76 5075 1925 0 1
279 4675 3675 0 1
230 5025 3450 0 1
12 3900 1625 0 1
227 5175 3300 0 1
128 5350 2400 0 1
74 5025 1825 0 1
282 4775 3675 0 1
20 4560 1565 0 1
199 5275 3250 0 1
130 5450 2675 0 1
22 4710 1565 0 1
129 5450 2525 0 1
164 5450 2825 0 1
11 3700 1600 0 1
281 4925 3675 0 1
165 5450 2925 0 1
103 5450 2375 0 1
229 5175 3475 0 1
200 5450 3025 0 1
23 4860 1565 0 1
198 5375 3250 0 1
287 3625 3750 0 1
10 3575 1600 0 1
71 5275 1825 0 1
280 4925 3800 0 1
24 5010 1565 0 1
232 5275 3525 0 1
9 3475 1600 0 1
288 3475 3750 0 1
264 8075 3775 1 0
41 7409 1576 1 0
39 7410 1575 1 0
48 8075 1575 1 0
62 6825 1925 1 0
259 8425 3625 1 0
268 7075 3675 1 0
113 8825 2225 1 0
49 8175 1575 1 0
37 7259 1576 1 0
36 7260 1575 1 0
263 8225 3775 1 0
240 6775 3425 1 0
183 8775 3275 1 0
269 7150 3750 1 0
236 6675 3325 1 0
50 8275 1575 1 0
261 8375 3775 1 0
35 7075 1575 1 0
51 8375 1575 1 0
270 6975 3725 1 0
65 6675 1925 1 0
258 8575 3700 1 0
54 8820 1928 1 0
52 8475 1575 1 0
55 8825 1825 1 0
34 6875 1575 1 0
32 6675 1725 1 0
237 6575 3525 1 0
67 6425 2075 1 0
235 6450 3375 1 0
256 8775 3700 1 0
257 8675 3800 1 0
31 6675 1575 1 0
53 8825 1625 1 0
33 6525 1725 1 0
271 6575 3750 1 0
166 6125 2875 1 0
30 6525 1575 1 0
196 6125 3025 1 0
66 6200 1975 1 0
272 6375 3750 1 0
29 6375 1575 1 0
143 2925 2425 0 1
155 2925 2925 0 1
8 3375 1600 0 1
277 5075 3800 1 0
231 5375 3525 1 0
25 5160 1565 1 0
72 5425 1825 1 0
275 5275 3675 1 0
92 2925 2150 0 1
290 3325 3750 0 1
213 2925 3198 0 1
278 5204 3772 1 0
7 3275 1600 0 1
276 5375 3675 1 0
73 5525 1825 1 0
289 3225 3750 0 1
26 5310 1565 1 0
274 5325 3775 1 0
91 2925 1875 0 1
291 3125 3725 0 1
214 2925 3475 0 1
6 2975 1725 0 1
145 2675 2525 0 1
27 5460 1565 1 0
154 2651 2787 0 1
70 5675 1825 1 0
144 2575 2525 0 1
292 2925 3725 0 1
153 2552 2785 0 1
28 5610 1565 1 0
167 6025 2875 1 0
152 2451 2785 0 1
197 6025 3175 1 0
69 6025 2075 1 0
68 6000 1975 1 0
234 5908 3574 1 0
294 2675 3675 0 1
147 2375 2525 0 1
4 2656 1640 0 1
233 6050 3375 1 0
151 2352 2786 0 1
293 2575 3675 0 1
5 2556 1639 0 1
146 2275 2525 0 1
273 5975 3750 1 0
150 2249 2786 0 1
1 2456 1639 0 1
148 2175 2525 0 1
149 2148 2786 0 1
296 2375 3675 0 1
2 2355 1640 0 1
295 2275 3675 0 1
3 2256 1640 0 1
297 2175 3675 0 1
0 2156 1639 0 1
