1 2 5 63 1
1 5 13 49 1
1 8 15 75 1
1 12 27 72 1
1 14 24 58 1
1 18 31 60 1
1 21 28 147 2
1 25 38 151 2
1 30 34 141 2
1 31 44 156 2
1 33 44 143 2
1 36 49 152 2
1 38 53 144 2
1 41 54 124 2
1 45 85 115 3
1 47 78 94 3
1 52 99 119 3
1 53 99 128 3
1 55 108 111 3
1 59 115 117 3
1 65 69 15 4
1 66 78 16 4
1 68 58 13 4
1 69 64 20 4
1 74 72 31 4
2 3 10 59 4
2 4 9 77 4
2 10 19 65 4
2 11 22 74 4
2 16 28 60 4
2 17 30 52 4
2 20 36 72 4
2 24 33 154 1
2 26 41 150 1
2 28 38 143 1
2 29 32 143 1
2 35 47 149 1
2 37 50 142 1
2 40 55 155 1
2 43 63 139 1
2 46 85 96 3
2 50 98 116 3
2 51 98 124 3
2 57 108 116 3
2 60 117 115 3
2 62 77 12 2
2 64 61 15 2
2 70 69 21 2
2 72 61 25 2
2 73 76 27 2
3 1 4 53 2
3 6 13 69 2
3 7 12 88 2
3 9 18 61 2
3 13 28 76 2
3 15 27 55 2
3 19 32 61 2
3 22 32 149 4
3 23 35 153 4
3 27 38 145 4
3 32 44 149 4
3 34 46 142 4
3 39 52 152 4
3 42 60 136 4
3 44 86 132 1
3 48 74 96 1
3 49 97 122 1
3 54 101 115 1
3 56 110 111 1
3 58 111 126 1
3 61 70 4 3
3 63 83 21 3
3 67 66 18 3
3 71 66 23 3
3 75 64 30 3
