1 2 10 59 3
1 7 15 75 3
1 8 18 61 3
1 16 30 52 3
1 17 31 60 3
1 22 35 153 1
1 23 33 154 1
1 31 44 149 1
1 32 44 143 1
1 33 46 142 1
1 35 49 152 1
1 40 54 124 1
1 41 60 136 1
1 42 63 139 1
1 49 98 116 4
1 55 110 111 4
1 60 70 4 2
1 61 77 12 2
1 63 61 15 2
1 67 58 13 2
1 70 66 23 2
1 71 61 25 2
1 72 76 27 2
1 73 72 31 2
2 0 4 53 2
2 1 5 63 2
2 3 9 77 2
2 5 13 69 2
2 6 12 88 2
2 9 19 65 2
2 11 27 72 2
2 13 24 58 2
2 15 28 60 2
2 18 32 61 2
2 19 36 72 2
2 27 38 143 1
2 28 32 143 1
2 29 34 141 1
2 36 50 142 1
2 37 53 144 1
2 38 52 152 1
2 39 55 155 1
2 45 85 96 3
2 51 99 119 3
2 52 99 128 3
2 58 115 117 3
2 59 117 115 3
2 66 66 18 4
2 68 64 20 4
3 4 13 49 4
3 10 22 74 4
3 12 28 76 4
3 14 27 55 4
3 20 28 147 2
3 21 32 149 2
3 24 38 151 2
3 25 41 150 2
3 26 38 145 2
3 30 44 156 2
3 34 47 149 2
3 43 86 132 1
3 44 85 115 1
3 46 78 94 1
3 47 74 96 1
3 48 97 122 1
3 50 98 124 1
3 53 101 115 1
3 54 108 111 1
3 56 108 116 1
3 57 111 126 1
3 62 83 21 3
3 64 69 15 3
3 65 78 16 3
3 69 69 21 3
3 74 64 30 3
