1 3 10 59 2
1 5 13 49 2
1 12 27 72 2
1 13 28 76 2
1 20 36 72 2
1 51 98 124 1
1 53 99 128 1
1 58 111 126 1
1 59 115 117 1
1 63 83 21 4
1 67 66 18 4
1 1 4 53 2
1 11 22 74 2
1 22 32 149 3
1 26 41 150 3
1 27 38 145 3
1 32 44 149 3
1 37 50 142 3
1 34 46 142 3
1 38 53 144 3
1 47 78 94 1
1 46 85 96 1
1 61 70 4 4
1 69 64 20 4
1 74 72 31 4
1 72 61 25 4
2 4 9 77 1
2 7 12 88 1
2 15 27 55 1
2 19 32 61 1
2 39 52 152 2
2 56 110 111 3
2 71 66 23 4
2 73 76 27 4
2 2 5 63 1
2 17 30 52 1
2 18 31 60 1
2 21 28 147 2
2 23 35 153 2
2 25 38 151 2
2 41 54 124 2
2 33 44 143 2
2 35 47 149 2
2 40 55 155 2
2 44 86 132 3
2 60 117 115 3
2 48 74 96 3
2 49 97 122 3
2 57 108 116 3
2 68 58 13 4
2 62 77 12 4
2 66 78 16 4
2 75 64 30 4
3 6 13 69 3
3 9 18 61 3
3 24 33 154 1
3 28 38 143 1
3 29 32 143 1
3 52 99 119 4
3 54 101 115 4
3 8 15 75 3
3 10 19 65 3
3 14 24 58 3
3 16 28 60 3
3 42 60 136 1
3 43 63 139 1
3 30 34 141 1
3 31 44 156 1
3 36 49 152 1
3 45 85 115 4
3 50 98 116 4
3 55 108 111 4
3 65 69 15 2
3 64 61 15 2
3 70 69 21 2
