1 5 13 49 2
1 13 28 76 2
1 16 28 60 2
1 23 35 153 1
1 29 32 143 1
1 32 44 149 1
1 38 53 144 1
1 40 55 155 1
1 52 99 119 3
1 57 108 116 3
1 66 78 16 4
1 67 66 18 4
1 72 61 25 4
2 1 4 53 2
2 2 5 63 2
2 3 10 59 2
2 4 9 77 2
2 6 13 69 2
2 7 12 88 2
2 9 18 61 2
2 11 22 74 2
2 12 27 72 2
2 15 27 55 2
2 17 30 52 2
2 19 32 61 2
2 20 36 72 2
2 22 32 149 1
2 26 41 150 1
2 27 38 145 1
2 30 34 141 1
2 34 46 142 1
2 35 47 149 1
2 39 52 152 1
2 42 60 136 1
2 45 85 115 3
2 46 85 96 3
2 48 74 96 3
2 49 97 122 3
2 53 99 128 3
2 54 101 115 3
2 56 110 111 3
2 58 111 126 3
2 59 115 117 3
2 61 70 4 4
2 63 83 21 4
2 65 69 15 4
2 68 58 13 4
2 71 66 23 4
2 74 72 31 4
3 8 15 75 1
3 10 19 65 1
3 14 24 58 1
3 18 31 60 1
3 21 28 147 3
3 24 33 154 3
3 25 38 151 3
3 28 38 143 3
3 31 44 156 3
3 33 44 143 3
3 36 49 152 3
3 37 50 142 3
3 41 54 124 3
3 43 63 139 3
3 44 86 132 2
3 47 78 94 2
3 50 98 116 2
3 51 98 124 2
3 55 108 111 2
3 60 117 115 2
3 62 77 12 4
3 64 61 15 4
3 69 64 20 4
3 70 69 21 4
3 73 76 27 4
3 75 64 30 4
