1 0 4 53 1
1 2 10 59 1
1 4 13 49 1
1 6 12 88 1
1 8 18 61 1
1 20 28 147 3
1 22 35 153 3
1 25 41 150 3
1 29 34 141 3
1 30 44 156 3
1 31 44 149 3
1 32 44 143 3
1 34 47 149 3
1 36 50 142 3
1 37 53 144 3
1 55 110 111 2
1 56 108 116 2
1 57 111 126 2
1 58 115 117 2
1 60 70 4 4
1 62 83 21 4
1 65 78 16 4
1 66 66 18 4
1 68 64 20 4
1 69 69 21 4
1 73 72 31 4
2 1 5 63 4
2 3 9 77 4
2 5 13 69 4
2 16 30 52 4
2 21 32 149 3
2 23 33 154 3
2 24 38 151 3
2 26 38 145 3
2 27 38 143 3
2 28 32 143 3
2 33 46 142 3
2 35 49 152 3
2 38 52 152 3
2 39 55 155 3
2 50 98 124 2
2 52 99 128 2
2 54 108 111 2
2 59 117 115 2
2 61 77 12 1
2 63 61 15 1
2 64 69 15 1
2 67 58 13 1
2 70 66 23 1
2 71 61 25 1
2 72 76 27 1
2 74 64 30 1
3 7 15 75 1
3 9 19 65 1
3 10 22 74 1
3 11 27 72 1
3 12 28 76 1
3 13 24 58 1
3 14 27 55 1
3 15 28 60 1
3 17 31 60 1
3 18 32 61 1
3 19 36 72 1
3 40 54 124 3
3 41 60 136 3
3 42 63 139 3
3 43 86 132 2
3 44 85 115 2
3 45 85 96 4
3 46 78 94 4
3 47 74 96 4
3 48 97 122 2
3 49 98 116 2
3 51 99 119 2
3 53 101 115 2
