1 1 4 53 4
1 3 10 59 4
1 7 12 88 4
1 9 18 61 4
1 15 27 55 4
1 17 30 52 4
1 19 32 61 4
1 23 35 153 2
1 27 38 145 2
1 28 38 143 2
1 30 34 141 2
1 31 44 156 2
1 32 44 149 2
1 37 50 142 2
1 38 53 144 2
1 44 86 132 1
1 45 85 115 1
1 46 85 96 1
1 49 97 122 1
1 56 110 111 1
1 61 70 4 3
1 63 83 21 3
1 67 66 18 3
1 68 58 13 3
1 75 64 30 3
2 4 9 77 2
2 5 13 49 2
2 10 19 65 2
2 11 22 74 2
2 12 27 72 2
2 14 24 58 2
2 16 28 60 2
2 18 31 60 2
2 25 38 151 1
2 34 46 142 1
2 36 49 152 1
2 40 55 155 1
2 41 54 124 1
2 43 63 139 1
2 50 98 116 4
2 53 99 128 4
2 55 108 111 4
2 57 108 116 4
2 59 115 117 4
2 60 117 115 4
2 62 77 12 3
2 64 61 15 3
2 71 66 23 3
2 72 61 25 3
2 74 72 31 3
3 2 5 63 1
3 6 13 69 1
3 8 15 75 1
3 13 28 76 1
3 20 36 72 1
3 21 28 147 3
3 22 32 149 3
3 24 33 154 3
3 26 41 150 3
3 29 32 143 3
3 33 44 143 3
3 35 47 149 3
3 39 52 152 3
3 42 60 136 3
3 47 78 94 2
3 48 74 96 2
3 51 98 124 2
3 52 99 119 2
3 54 101 115 2
3 58 111 126 2
3 65 69 15 4
3 66 78 16 4
3 69 64 20 4
3 70 69 21 4
3 73 76 27 4
