0 1 4 53 2
0 2 5 63 2
0 3 10 59 2
0 4 9 77 2
0 5 13 49 2
0 6 13 69 2
0 7 12 88 2
0 8 15 75 2
0 9 18 61 2
0 10 19 65 2
0 11 22 74 2
0 12 27 72 2
0 13 28 76 2
0 14 24 58 2
0 15 27 55 2
0 16 28 60 2
0 17 30 52 2
0 18 31 60 2
0 19 32 61 2
0 20 36 72 2
0 21 28 147 1
0 22 32 149 1
0 23 35 153 1
0 24 33 154 1
0 25 38 151 1
0 26 41 150 1
0 27 38 145 1
0 28 38 143 1
0 29 32 143 1
0 30 34 141 1
0 31 44 156 1
0 32 44 149 1
0 33 44 143 1
0 34 46 142 1
0 35 47 149 1
0 36 49 152 1
0 37 50 142 1
0 38 53 144 1
0 39 52 152 1
0 40 55 155 1
0 41 54 124 1
0 42 60 136 1
0 43 63 139 1
0 44 86 132 3
0 45 85 115 3
0 46 85 96 3
0 47 78 94 3
0 48 74 96 3
0 49 97 122 3
0 50 98 116 3
0 51 98 124 3
0 52 99 119 3
0 53 99 128 3
0 54 101 115 3
0 55 108 111 3
0 56 110 111 3
0 57 108 116 3
0 58 111 126 3
0 59 115 117 3
0 60 117 115 3
0 61 70 4 4
0 62 77 12 4
0 63 83 21 4
0 64 61 15 4
0 65 69 15 4
0 66 78 16 4
0 67 66 18 4
0 68 58 13 4
0 69 64 20 4
0 70 69 21 4
0 71 66 23 4
0 72 61 25 4
0 73 76 27 4
0 74 72 31 4
0 75 64 30 4
