1 69 69 21 3
1 66 66 18 3
1 64 69 15 3
1 70 66 23 3
1 68 64 20 3
1 63 61 15 3
1 31 44 149 2
1 32 44 143 2
1 34 47 149 2
1 33 46 142 2
1 25 41 150 2
1 26 38 145 2
1 27 38 143 2
1 36 50 142 2
1 9 19 65 4
1 8 18 61 4
1 13 24 58 4
1 5 13 69 4
1 10 22 74 4
1 15 28 60 4
1 11 27 72 4
1 49 98 116 1
1 53 101 115 1
1 51 99 119 1
1 48 97 122 1
1 50 98 124 1
1 56 108 116 1
2 65 78 16 2
2 71 61 25 2
2 72 76 27 2
2 61 77 12 2
2 74 64 30 2
2 24 38 151 1
2 35 49 152 1
2 37 53 144 1
2 30 44 156 1
2 38 52 152 1
2 29 34 141 1
2 22 35 153 1
2 21 32 149 1
2 7 15 75 4
2 2 10 59 4
2 17 31 60 4
2 14 27 55 4
2 18 32 61 4
2 12 28 76 4
2 1 5 63 4
2 54 108 111 3
2 55 110 111 3
2 52 99 128 3
2 44 85 115 3
2 58 115 117 3
2 57 111 126 3
3 73 72 31 3
3 67 58 13 3
3 62 83 21 3
3 60 70 4 3
3 28 32 143 4
3 23 33 154 4
3 39 55 155 4
3 20 28 147 4
3 41 60 136 4
3 42 63 139 4
3 40 54 124 4
3 16 30 52 1
3 3 9 77 1
3 19 36 72 1
3 4 13 49 1
3 0 4 53 1
3 6 12 88 1
3 59 117 115 2
3 43 86 132 2
3 45 85 96 2
3 46 78 94 2
3 47 74 96 2
