1 0 4 53
1 2 10 59
1 4 13 49
1 6 12 88
1 8 18 61
1 20 28 147
1 22 35 153
1 25 41 150
1 29 34 141
1 30 44 156
1 31 44 149
1 32 44 143
1 34 47 149
1 36 50 142
1 37 53 144
1 55 110 111
1 56 108 116
1 57 111 126
1 58 115 117
1 60 70 4
1 62 83 21
1 65 78 16
1 66 66 18
1 68 64 20
1 69 69 21
1 73 72 31
2 1 5 63
2 3 9 77
2 5 13 69
2 16 30 52
2 21 32 149
2 23 33 154
2 24 38 151
2 26 38 145
2 27 38 143
2 28 32 143
2 33 46 142
2 35 49 152
2 38 52 152
2 39 55 155
2 50 98 124
2 52 99 128
2 54 108 111
2 59 117 115
2 61 77 12
2 63 61 15
2 64 69 15
2 67 58 13
2 70 66 23
2 71 61 25
2 72 76 27
2 74 64 30
3 7 15 75
3 9 19 65
3 10 22 74
3 11 27 72
3 12 28 76
3 13 24 58
3 14 27 55
3 15 28 60
3 17 31 60
3 18 32 61
3 19 36 72
3 40 54 124
3 41 60 136
3 42 63 139
3 43 86 132
3 44 85 115
3 45 85 96
3 46 78 94
3 47 74 96
3 48 97 122
3 49 98 116
3 51 99 119
3 53 101 115