1 14 24 58 1
1 6 13 69 1
1 16 28 60 1
1 18 31 60 1
1 9 18 61 1
1 8 15 75 1
1 38 53 144 3
1 25 38 151 3
1 34 46 142 3
1 36 49 152 3
1 37 50 142 3
1 27 38 145 3
1 22 32 149 3
1 63 83 21 4
1 68 58 13 4
1 73 76 27 4
1 64 61 15 4
1 70 69 21 4
1 57 108 116 2
1 55 108 111 2
1 49 97 122 2
1 44 86 132 2
1 46 85 96 2
2 12 27 72 2
2 17 30 52 2
2 7 12 88 2
2 5 13 49 2
2 19 32 61 2
2 4 9 77 2
2 2 5 63 2
2 32 44 149 4
2 42 60 136 4
2 39 52 152 4
2 35 47 149 4
2 30 34 141 4
2 29 32 143 4
2 28 38 143 4
2 31 44 156 4
2 66 78 16 3
2 61 70 4 3
2 71 66 23 3
2 69 64 20 3
2 75 64 30 3
2 60 117 115 1
2 54 101 115 1
2 45 85 115 1
2 59 115 117 1
2 48 74 96 1
2 51 98 124 1
3 1 4 53 3
3 10 19 65 3
3 20 36 72 3
3 13 28 76 3
3 11 22 74 3
3 3 10 59 3
3 15 27 55 3
3 40 55 155 1
3 26 41 150 1
3 43 63 139 1
3 24 33 154 1
3 21 28 147 1
3 33 44 143 1
3 23 35 153 1
3 41 54 124 1
3 67 66 18 2
3 62 77 12 2
3 65 69 15 2
3 74 72 31 2
3 72 61 25 2
3 58 111 126 4
3 56 110 111 4
3 52 99 119 4
3 47 78 94 4
3 53 99 128 4
3 50 98 116 4
