1 0 4 53 3
1 2 10 59 3
1 4 13 49 3
1 6 12 88 3
1 8 18 61 3
1 20 28 147 2
1 22 35 153 2
1 25 41 150 2
1 29 34 141 2
1 30 44 156 2
1 31 44 149 2
1 32 44 143 2
1 34 47 149 2
1 36 50 142 2
1 37 53 144 2
1 55 110 111 4
1 56 108 116 4
1 57 111 126 4
1 58 115 117 4
1 60 70 4 1
1 62 83 21 1
1 65 78 16 1
1 66 66 18 1
1 68 64 20 1
1 69 69 21 1
1 73 72 31 1
2 1 5 63 4
2 3 9 77 4
2 5 13 69 4
2 16 30 52 4
2 21 32 149 1
2 23 33 154 1
2 24 38 151 1
2 26 38 145 1
2 27 38 143 1
2 28 32 143 1
2 33 46 142 1
2 35 49 152 1
2 38 52 152 1
2 39 55 155 1
2 50 98 124 3
2 52 99 128 3
2 54 108 111 3
2 59 117 115 3
2 61 77 12 2
2 63 61 15 2
2 64 69 15 2
2 67 58 13 2
2 70 66 23 2
2 71 61 25 2
2 72 76 27 2
2 74 64 30 2
3 7 15 75 1
3 9 19 65 1
3 10 22 74 1
3 11 27 72 1
3 12 28 76 1
3 13 24 58 1
3 14 27 55 1
3 15 28 60 1
3 17 31 60 1
3 18 32 61 1
3 19 36 72 1
3 40 54 124 2
3 41 60 136 2
3 42 63 139 2
3 43 86 132 4
3 44 85 115 4
3 45 85 96 3
3 46 78 94 3
3 47 74 96 3
3 48 97 122 4
3 49 98 116 4
3 51 99 119 4
3 53 101 115 4
