0 1 4 53 3
0 2 5 63 3
0 3 10 59 3
0 4 9 77 3
0 5 13 49 3
0 6 13 69 3
0 7 12 88 3
0 8 15 75 3
0 9 18 61 3
0 10 19 65 3
0 11 22 74 3
0 12 27 72 3
0 13 28 76 3
0 14 24 58 3
0 15 27 55 3
0 16 28 60 3
0 17 30 52 3
0 18 31 60 3
0 19 32 61 3
0 20 36 72 3
0 21 28 147 1
0 22 32 149 1
0 23 35 153 1
0 24 33 154 1
0 25 38 151 1
0 26 41 150 1
0 27 38 145 1
0 28 38 143 1
0 29 32 143 1
0 30 34 141 1
0 31 44 156 1
0 32 44 149 1
0 33 44 143 1
0 34 46 142 1
0 35 47 149 1
0 36 49 152 1
0 37 50 142 1
0 38 53 144 1
0 39 52 152 1
0 40 55 155 1
0 41 54 124 1
0 42 60 136 1
0 43 63 139 1
0 44 86 132 4
0 45 85 115 4
0 46 85 96 4
0 47 78 94 4
0 48 74 96 4
0 49 97 122 4
0 50 98 116 4
0 51 98 124 4
0 52 99 119 4
0 53 99 128 4
0 54 101 115 4
0 55 108 111 4
0 56 110 111 4
0 57 108 116 4
0 58 111 126 4
0 59 115 117 4
0 60 117 115 4
0 61 70 4 2
0 62 77 12 2
0 63 83 21 2
0 64 61 15 2
0 65 69 15 2
0 66 78 16 2
0 67 66 18 2
0 68 58 13 2
0 69 64 20 2
0 70 69 21 2
0 71 66 23 2
0 72 61 25 2
0 73 76 27 2
0 74 72 31 2
0 75 64 30 2
