1 61 70 4 1
1 62 77 12 1
1 68 58 13 1
1 74 72 31 1
1 72 61 25 1
1 73 76 27 1
1 22 32 149 2
1 23 35 153 2
1 25 38 151 2
1 27 38 145 2
1 29 32 143 2
1 40 55 155 2
1 41 54 124 2
1 43 63 139 2
1 1 4 53 4
1 4 9 77 4
1 5 13 49 4
1 7 12 88 4
1 13 28 76 4
1 14 24 58 4
1 19 32 61 4
1 44 86 132 3
1 46 85 96 3
1 56 110 111 3
1 51 98 124 3
1 53 99 128 3
1 55 108 111 3
2 65 69 15 4
2 70 69 21 4
2 67 66 18 4
2 24 33 154 2
2 28 38 143 2
2 31 44 156 2
2 34 46 142 2
2 35 47 149 2
2 37 50 142 2
2 39 52 152 2
2 10 19 65 1
2 2 5 63 1
2 11 22 74 1
2 15 27 55 1
2 17 30 52 1
2 20 36 72 1
2 45 85 115 3
2 47 78 94 3
2 49 97 122 3
2 60 117 115 3
2 59 115 117 3
3 63 83 21 2
3 64 61 15 2
3 66 78 16 2
3 69 64 20 2
3 71 66 23 2
3 75 64 30 2
3 21 28 147 1
3 26 41 150 1
3 30 34 141 1
3 32 44 149 1
3 33 44 143 1
3 36 49 152 1
3 38 53 144 1
3 42 60 136 1
3 3 10 59 3
3 6 13 69 3
3 8 15 75 3
3 9 18 61 3
3 12 27 72 3
3 16 28 60 3
3 18 31 60 3
3 48 74 96 4
3 50 98 116 4
3 52 99 119 4
3 54 101 115 4
3 57 108 116 4
3 58 111 126 4
