1 49 98 116 1
1 53 101 115 1
1 51 99 119 1
1 48 97 122 1
1 50 98 124 1
1 56 108 116 1
1 9 19 65 2
1 8 18 61 2
1 13 24 58 2
1 5 13 69 2
1 10 22 74 2
1 15 28 60 2
1 11 27 72 2
1 69 69 21 3
1 66 66 18 3
1 64 69 15 3
1 70 66 23 3
1 68 64 20 3
1 63 61 15 3
1 31 44 149 4
1 32 44 143 4
1 34 47 149 4
1 33 46 142 4
1 25 41 150 4
1 26 38 145 4
1 27 38 143 4
1 36 50 142 4
2 54 108 111 4
2 55 110 111 4
2 52 99 128 4
2 44 85 115 4
2 58 115 117 4
2 57 111 126 4
2 7 15 75 1
2 2 10 59 1
2 17 31 60 1
2 14 27 55 1
2 18 32 61 1
2 12 28 76 1
2 1 5 63 1
2 65 78 16 3
2 71 61 25 3
2 72 76 27 3
2 61 77 12 3
2 74 64 30 3
2 24 38 151 2
2 35 49 152 2
2 37 53 144 2
2 30 44 156 2
2 38 52 152 2
2 29 34 141 2
2 22 35 153 2
2 21 32 149 2
3 59 117 115 2
3 43 86 132 2
3 45 85 96 2
3 46 78 94 2
3 47 74 96 2
3 16 30 52 1
3 3 9 77 1
3 19 36 72 1
3 4 13 49 1
3 0 4 53 1
3 6 12 88 1
3 73 72 31 4
3 67 58 13 4
3 62 83 21 4
3 60 70 4 4
3 28 32 143 3
3 23 33 154 3
3 39 55 155 3
3 20 28 147 3
3 41 60 136 3
3 42 63 139 3
3 40 54 124 3
