1 13 28 76 1
1 24 33 154 2
1 35 47 149 2
1 37 50 142 2
1 40 55 155 2
1 41 54 124 2
1 46 85 96 4
1 58 111 126 4
1 60 117 115 4
1 64 61 15 3
1 71 66 23 3
1 2 5 63 1
1 61 70 4 3
1 5 13 49 1
1 8 15 75 1
1 63 83 21 3
1 10 19 65 1
1 15 27 55 1
1 19 32 61 1
1 28 38 143 2
1 22 32 149 2
1 25 38 151 2
1 44 86 132 4
1 52 99 119 4
1 55 108 111 4
1 70 69 21 3
2 20 36 72 1
2 26 41 150 2
2 29 32 143 2
2 33 44 143 2
2 42 60 136 2
2 74 72 31 4
2 75 64 30 4
2 3 10 59 1
2 7 12 88 1
2 38 53 144 2
2 11 22 74 1
2 14 24 58 1
2 16 28 60 1
2 45 85 115 3
2 27 38 145 2
2 36 49 152 2
2 48 74 96 3
2 50 98 116 3
2 51 98 124 3
2 57 108 116 3
2 62 77 12 4
2 65 69 15 4
2 72 61 25 4
3 31 44 156 2
3 32 44 149 2
3 34 46 142 2
3 43 63 139 2
3 56 110 111 3
3 59 115 117 3
3 68 58 13 4
3 1 4 53 1
3 4 9 77 1
3 6 13 69 1
3 9 18 61 1
3 17 30 52 1
3 12 27 72 1
3 18 31 60 1
3 21 28 147 2
3 23 35 153 2
3 30 34 141 2
3 39 52 152 2
3 47 78 94 3
3 49 97 122 3
3 53 99 128 3
3 54 101 115 3
3 66 78 16 4
3 73 76 27 4
3 67 66 18 4
3 69 64 20 4
