1 1 4 53 2
1 2 5 63 2
1 4 9 77 2
1 12 27 72 2
1 15 27 55 2
1 19 32 61 2
1 20 36 72 2
1 21 28 147 1
1 22 32 149 1
1 29 32 143 1
1 30 34 141 1
1 31 44 156 1
1 37 50 142 1
1 38 53 144 1
1 39 52 152 1
1 40 55 155 1
1 44 86 132 4
1 46 85 96 4
1 54 101 115 4
1 56 110 111 4
1 58 111 126 4
1 61 70 4 3
1 66 78 16 3
1 69 64 20 3
1 72 61 25 3
1 74 72 31 3
2 3 10 59 4
2 5 13 49 4
2 7 12 88 4
2 8 15 75 4
2 13 28 76 4
2 17 30 52 4
2 18 31 60 4
2 23 35 153 3
2 24 33 154 3
2 28 38 143 3
2 33 44 143 3
2 34 46 142 3
2 35 47 149 3
2 36 49 152 3
2 47 78 94 2
2 48 74 96 2
2 49 97 122 2
2 51 98 124 2
2 53 99 128 2
2 59 115 117 2
2 60 117 115 2
2 62 77 12 1
2 65 69 15 1
2 68 58 13 1
2 73 76 27 1
2 75 64 30 1
3 6 13 69 4
3 9 18 61 4
3 10 19 65 4
3 11 22 74 4
3 14 24 58 4
3 16 28 60 4
3 25 38 151 1
3 26 41 150 1
3 27 38 145 1
3 32 44 149 1
3 41 54 124 1
3 42 60 136 1
3 43 63 139 1
3 45 85 115 2
3 50 98 116 2
3 52 99 119 2
3 55 108 111 2
3 57 108 116 2
3 63 83 21 3
3 64 61 15 3
3 67 66 18 3
3 70 69 21 3
3 71 66 23 3
