1 69 69 21 4
1 66 66 18 4
1 64 69 15 4
1 70 66 23 4
1 68 64 20 4
1 63 61 15 4
1 31 44 149 1
1 32 44 143 1
1 34 47 149 1
1 33 46 142 1
1 25 41 150 1
1 26 38 145 1
1 27 38 143 1
1 36 50 142 1
1 49 98 116 3
1 53 101 115 3
1 51 99 119 3
1 48 97 122 3
1 50 98 124 3
1 56 108 116 3
1 9 19 65 2
1 8 18 61 2
1 13 24 58 2
1 5 13 69 2
1 10 22 74 2
1 15 28 60 2
1 11 27 72 2
2 65 78 16 4
2 71 61 25 4
2 72 76 27 4
2 61 77 12 4
2 74 64 30 4
2 24 38 151 3
2 35 49 152 3
2 37 53 144 3
2 30 44 156 3
2 38 52 152 3
2 29 34 141 3
2 22 35 153 3
2 21 32 149 3
2 54 108 111 2
2 55 110 111 2
2 52 99 128 2
2 44 85 115 2
2 58 115 117 2
2 57 111 126 2
2 7 15 75 1
2 2 10 59 1
2 17 31 60 1
2 14 27 55 1
2 18 32 61 1
2 12 28 76 1
2 1 5 63 1
3 73 72 31 2
3 67 58 13 2
3 62 83 21 2
3 60 70 4 2
3 28 32 143 1
3 23 33 154 1
3 39 55 155 1
3 20 28 147 1
3 41 60 136 1
3 42 63 139 1
3 40 54 124 1
3 59 117 115 3
3 43 86 132 3
3 45 85 96 3
3 46 78 94 3
3 47 74 96 3
3 16 30 52 4
3 3 9 77 4
3 19 36 72 4
3 4 13 49 4
3 0 4 53 4
3 6 12 88 4
