1 0 4 53 1
1 3 9 77 1
1 6 12 88 1
1 7 15 75 1
1 10 22 74 1
1 11 27 72 1
1 15 28 60 1
1 16 30 52 1
1 18 32 61 1
1 22 35 153 2
1 23 33 154 2
1 25 41 150 2
1 30 44 156 2
1 33 46 142 2
1 34 47 149 2
1 41 60 136 2
1 46 78 94 4
1 47 74 96 4
1 49 98 116 4
1 51 99 119 4
1 53 101 115 4
1 55 110 111 4
1 58 115 117 4
1 59 117 115 4
1 66 66 18 3
1 68 64 20 3
2 5 13 69 4
2 14 27 55 4
2 19 36 72 4
2 20 28 147 1
2 21 32 149 1
2 26 38 145 1
2 28 32 143 1
2 35 49 152 1
2 37 53 144 1
2 40 54 124 1
2 43 86 132 3
2 45 85 96 3
2 48 97 122 3
2 54 108 111 3
2 56 108 116 3
2 61 77 12 2
2 65 78 16 2
2 69 69 21 2
2 70 66 23 2
2 71 61 25 2
2 72 76 27 2
2 73 72 31 2
2 74 64 30 2
3 1 5 63 2
3 2 10 59 2
3 4 13 49 2
3 8 18 61 2
3 9 19 65 2
3 12 28 76 2
3 13 24 58 2
3 17 31 60 2
3 24 38 151 3
3 27 38 143 3
3 29 34 141 3
3 31 44 149 3
3 32 44 143 3
3 36 50 142 3
3 38 52 152 3
3 39 55 155 3
3 42 63 139 3
3 44 85 115 1
3 50 98 124 1
3 52 99 128 1
3 57 111 126 1
3 60 70 4 4
3 62 83 21 4
3 63 61 15 4
3 64 69 15 4
3 67 58 13 4
