1 2 10 59 3
1 7 15 75 3
1 8 18 61 3
1 16 30 52 3
1 17 31 60 3
1 22 35 153 2
1 23 33 154 2
1 31 44 149 2
1 32 44 143 2
1 33 46 142 2
1 35 49 152 2
1 40 54 124 2
1 41 60 136 2
1 42 63 139 2
1 49 98 116 4
1 55 110 111 4
1 60 70 4 1
1 61 77 12 1
1 63 61 15 1
1 67 58 13 1
1 70 66 23 1
1 71 61 25 1
1 72 76 27 1
1 73 72 31 1
2 0 4 53 2
2 1 5 63 2
2 3 9 77 2
2 5 13 69 2
2 6 12 88 2
2 9 19 65 2
2 11 27 72 2
2 13 24 58 2
2 15 28 60 2
2 18 32 61 2
2 19 36 72 2
2 27 38 143 4
2 28 32 143 4
2 29 34 141 4
2 36 50 142 4
2 37 53 144 4
2 38 52 152 4
2 39 55 155 4
2 45 85 96 1
2 51 99 119 1
2 52 99 128 1
2 58 115 117 1
2 59 117 115 1
2 66 66 18 3
2 68 64 20 3
3 4 13 49 3
3 10 22 74 3
3 12 28 76 3
3 14 27 55 3
3 20 28 147 1
3 21 32 149 1
3 24 38 151 1
3 25 41 150 1
3 26 38 145 1
3 30 44 156 1
3 34 47 149 1
3 43 86 132 4
3 44 85 115 4
3 46 78 94 4
3 47 74 96 4
3 48 97 122 4
3 50 98 124 4
3 53 101 115 4
3 54 108 111 4
3 56 108 116 4
3 57 111 126 4
3 62 83 21 2
3 64 69 15 2
3 65 78 16 2
3 69 69 21 2
3 74 64 30 2
