1 9 19 65 1
1 8 18 61 1
1 13 24 58 1
1 5 13 69 1
1 10 22 74 1
1 15 28 60 1
1 11 27 72 1
1 31 44 149 2
1 32 44 143 2
1 34 47 149 2
1 33 46 142 2
1 25 41 150 2
1 26 38 145 2
1 27 38 143 2
1 36 50 142 2
1 69 69 21 3
1 66 66 18 3
1 64 69 15 3
1 70 66 23 3
1 68 64 20 3
1 63 61 15 3
1 49 98 116 4
1 53 101 115 4
1 51 99 119 4
1 48 97 122 4
1 50 98 124 4
1 56 108 116 4
2 7 15 75 3
2 2 10 59 3
2 17 31 60 3
2 14 27 55 3
2 18 32 61 3
2 12 28 76 3
2 1 5 63 3
2 24 38 151 2
2 35 49 152 2
2 37 53 144 2
2 30 44 156 2
2 38 52 152 2
2 29 34 141 2
2 22 35 153 2
2 21 32 149 2
2 65 78 16 1
2 71 61 25 1
2 72 76 27 1
2 61 77 12 1
2 74 64 30 1
2 54 108 111 4
2 55 110 111 4
2 52 99 128 4
2 44 85 115 4
2 58 115 117 4
2 57 111 126 4
3 16 30 52 1
3 3 9 77 1
3 19 36 72 1
3 4 13 49 1
3 0 4 53 1
3 6 12 88 1
3 28 32 143 3
3 23 33 154 3
3 39 55 155 3
3 20 28 147 3
3 41 60 136 3
3 42 63 139 3
3 40 54 124 3
3 73 72 31 4
3 67 58 13 4
3 62 83 21 4
3 60 70 4 4
3 59 117 115 2
3 43 86 132 2
3 45 85 96 2
3 46 78 94 2
3 47 74 96 2
