1 2 41.11 -8.36 5
1 7 37.53 -4.46 5
1 8 38.21 -0.29 5
1 16 38.54 1.26 5
1 17 39.34 2.39 5
1 22 43.42 7.15 6
1 23 43.42 7.23 6
1 31 47.13 -1.33 5
1 32 47.23 0.41 6
1 33 49.3 0.08 6
1 35 49.15 4.02 6
1 40 50.38 5.34 6
1 41 50.5 4.2 6
1 42 50.38 3.04 6
1 49 53.13 6.33 6
1 55 51.3 -0.1 6
1 60 53.5 -1.35 1
1 61 54.59 -1.35 1
1 63 55.53 -4.15 1
1 67 62.01 -6.46 1
1 70 53.2 -6.15 1
1 71 54.35 -5.55 1
1 72 55 -7.19 1
1 73 64.09 -21.51 1
1 75 76.34 -68.47 3
1 78 65.01 25.28 4
1 81 60.1 24.58 4
1 82 63.25 10.25 4
1 85 59.55 10.45 4
1 86 57.43 11.58 4
1 90 57.38 18.18 4
1 91 56.09 10.13 4
1 93 55.4 12.35 4
1 97 54.05 12.07 4
1 98 51.57 7.37 6
1 100 52.07 11.38 6
1 105 51.12 6.47 6
1 108 51.28 7.13 6
1 109 51.32 7.13 6
1 116 51.03 13.44 4
1 121 49.27 11.04 6
1 122 49.03 8.24 6
1 124 49.01 12.06 6
1 126 46.12 6.09 6
1 128 46.57 7.26 6
1 130 47.23 8.32 6
1 133 48.18 14.18 7
1 134 48.13 16.2 7
1 141 44.25 8.57 6
1 144 43.55 12.28 7
1 146 41.54 12.29 7
1 147 40.51 14.17 7
1 151 38.11 15.33 7
1 152 37.3 15.06 7
1 157 53.08 18 4
1 170 48.09 17.07 7
1 174 46.05 18.13 7
1 175 46.15 20.09 7
1 178 47.1 27.35 2
1 183 46.03 14.31 7
1 187 43.52 18.25 7
1 189 42.38 18.07 7
1 190 41.59 21.26 2
1 191 41.2 19.5 7
1 192 42.41 23.19 2
1 199 37.58 23.43 2
1 200 35.2 25.09 2
1 201 35.1 33.22 2
2 0 37.44 -25.4 7
2 1 38.43 -9.08 6
2 3 37.23 -5.59 6
2 5 36.43 -4.25 6
2 6 37.13 -3.41 6
2 9 39.28 -0.22 6
2 11 41.38 -0.53 6
2 13 41.39 -4.43 6
2 15 43.22 -8.23 6
2 18 42.3 1.31 6
2 19 44.5 -0.34 6
2 27 45.45 4.51 5
2 28 45.1 5.43 5
2 29 48.24 -4.29 1
2 36 47.19 5.01 5
2 37 48.41 6.12 5
2 38 48.35 7.45 5
2 39 49.36 6.09 5
2 45 51.26 5.28 5
2 51 50.43 -1.54 1
2 52 50.5 -0.08 1
2 58 53.3 -2.15 1
2 59 53.23 -1.3 1
2 66 60.09 -1.09 1
2 68 51.54 -8.28 1
2 80 60.27 22.17 2
2 89 59.2 18.03 2
2 94 53.04 8.49 5
2 95 53.33 9.59 5
2 96 54.2 10.08 5
2 101 52.31 13.24 2
2 103 50.44 7.05 5
2 110 51.31 7.28 5
2 112 50.58 11.01 5
2 115 50.5 12.55 5
2 118 50.07 8.4 5
2 120 49.48 9.56 5
2 123 48.46 9.11 5
2 129 47.33 7.35 5
2 131 47.16 11.24 5
2 136 45.03 7.4 5
2 140 45.4 13.46 3
2 148 41.27 15.34 3
2 150 40.28 17.15 3
2 155 53.24 14.32 2
2 158 52.25 16.55 2
2 161 53.09 23.09 2
2 164 50.03 19.58 2
2 166 49.45 13.23 5
2 167 50.05 14.26 2
2 169 49.12 16.37 2
2 171 48.43 21.15 2
2 177 46.47 23.36 4
2 179 45.48 24.09 4
2 180 45.39 25.37 4
2 182 44.11 28.39 4
2 184 45.2 14.27 3
2 185 45.48 15.58 3
2 186 43.31 16.27 3
2 188 44.5 20.3 3
2 193 42.09 24.45 4
2 194 43.13 27.55 4
2 195 42.3 27.28 4
2 196 39.36 19.56 3
2 197 40.38 22.56 4
2 198 38.15 21.44 4
3 4 36.32 -6.18 7
3 10 41.23 2.11 7
3 12 40.24 -3.41 7
3 14 43.15 -2.58 7
3 20 43.36 1.26 7
3 21 43.18 5.24 7
3 24 42.42 9.27 6
3 25 45.5 1.16 7
3 26 45.26 4.24 7
3 30 48.05 -1.41 7
3 34 48.52 2.2 7
3 43 51.03 3.43 2
3 44 51.13 4.25 2
3 46 51.55 4.28 2
3 47 52.22 4.54 2
3 48 52.05 5.08 2
3 50 50.23 -4.1 1
3 53 51.29 -3.13 1
3 54 51.27 -2.35 1
3 56 52.3 -1.5 1
3 57 53.25 -2.55 1
3 62 55.57 -3.13 1
3 64 56.28 -3 1
3 65 57.1 -2.04 1
3 69 52.4 -8.38 1
3 74 64.11 -51.44 5
3 76 70.4 23.42 3
3 77 68.26 17.25 3
3 79 61.3 23.45 3
3 83 60.23 5.2 2
3 84 58.58 5.45 2
3 87 55.36 13 2
3 88 58.25 15.37 3
3 92 55.24 10.23 2
3 99 52.24 9.44 2
3 102 50.47 6.05 2
3 104 50.56 6.59 2
3 106 51.17 7.17 2
3 107 51.28 7.01 2
3 111 51.19 9.29 2
3 113 51.29 11.58 2
3 114 51.19 12.2 2
3 117 49.14 6.59 2
3 119 49.25 8.43 2
3 125 48.08 11.34 6
3 127 46.31 6.38 2
3 132 47.48 13.02 6
3 135 47.05 15.27 6
3 137 45.28 9.12 6
3 138 45.27 11 6
3 139 45.27 12.21 6
3 142 44.29 11.2 6
3 143 43.46 11.15 6
3 145 39.2 9 6
3 149 41.07 16.52 6
3 153 38.07 13.21 6
3 154 35.54 14.31 6
3 156 54.23 18.4 4
3 159 51.46 19.3 4
3 160 52.15 21 4
3 162 51.06 17 4
3 163 50.16 19 4
3 165 51.15 22.35 4
3 168 49.5 18.17 4
3 172 47.3 19.05 4
3 173 47.32 21.38 4
3 176 45.45 21.13 4
3 181 44.26 26.06 4
