1 0 37.44 -25.4 7
1 1 38.43 -9.08 7
1 2 41.11 -8.36 7
1 12 40.24 -3.41 7
1 19 44.5 -0.34 2
1 20 43.36 1.26 4
1 22 43.42 7.15 4
1 23 43.42 7.23 4
1 28 45.1 5.43 4
1 35 49.15 4.02 6
1 37 48.41 6.12 6
1 44 51.13 4.25 6
1 45 51.26 5.28 6
1 49 53.13 6.33 6
1 51 50.43 -1.54 2
1 61 54.59 -1.35 2
1 62 55.57 -3.13 2
1 67 62.01 -6.46 2
1 68 51.54 -8.28 2
1 70 53.2 -6.15 2
1 75 76.34 -68.47 3
1 77 68.26 17.25 5
1 84 58.58 5.45 6
1 86 57.43 11.58 6
1 90 57.38 18.18 5
1 93 55.4 12.35 6
1 95 53.33 9.59 6
1 96 54.2 10.08 6
1 99 52.24 9.44 6
1 106 51.17 7.17 6
1 107 51.28 7.01 6
1 108 51.28 7.13 6
1 109 51.32 7.13 6
1 112 50.58 11.01 6
1 121 49.27 11.04 6
1 128 46.57 7.26 4
1 131 47.16 11.24 4
1 132 47.48 13.02 4
1 136 45.03 7.4 4
1 137 45.28 9.12 4
1 141 44.25 8.57 4
1 142 44.29 11.2 4
1 144 43.55 12.28 4
1 147 40.51 14.17 4
1 148 41.27 15.34 4
1 153 38.07 13.21 4
1 154 35.54 14.31 4
1 159 51.46 19.3 5
1 160 52.15 21 5
1 161 53.09 23.09 5
1 164 50.03 19.58 5
1 167 50.05 14.26 6
1 171 48.43 21.15 5
1 177 46.47 23.36 1
1 179 45.48 24.09 1
1 180 45.39 25.37 1
1 182 44.11 28.39 1
1 183 46.03 14.31 4
1 187 43.52 18.25 1
1 193 42.09 24.45 1
1 194 43.13 27.55 1
1 195 42.3 27.28 1
1 196 39.36 19.56 1
1 197 40.38 22.56 1
1 198 38.15 21.44 1
1 199 37.58 23.43 1
1 200 35.2 25.09 1
1 201 35.1 33.22 1
2 8 38.21 -0.29 1
2 9 39.28 -0.22 1
2 11 41.38 -0.53 1
2 17 39.34 2.39 1
2 25 45.5 1.16 1
2 29 48.24 -4.29 3
2 32 47.23 0.41 1
2 34 48.52 2.2 4
2 43 51.03 3.43 4
2 47 52.22 4.54 4
2 50 50.23 -4.1 3
2 52 50.5 -0.08 3
2 53 51.29 -3.13 3
2 59 53.23 -1.3 3
2 60 53.5 -1.35 3
2 64 56.28 -3 3
2 66 60.09 -1.09 3
2 69 52.4 -8.38 3
2 71 54.35 -5.55 3
2 78 65.01 25.28 5
2 80 60.27 22.17 5
2 81 60.1 24.58 5
2 82 63.25 10.25 5
2 89 59.2 18.03 5
2 92 55.24 10.23 4
2 94 53.04 8.49 4
2 98 51.57 7.37 4
2 100 52.07 11.38 6
2 103 50.44 7.05 4
2 105 51.12 6.47 4
2 113 51.29 11.58 6
2 114 51.19 12.2 6
2 116 51.03 13.44 6
2 117 49.14 6.59 4
2 118 50.07 8.4 4
2 120 49.48 9.56 4
2 125 48.08 11.34 6
2 126 46.12 6.09 4
2 130 47.23 8.32 4
2 133 48.18 14.18 6
2 134 48.13 16.2 6
2 135 47.05 15.27 6
2 140 45.4 13.46 2
2 143 43.46 11.15 2
2 149 41.07 16.52 2
2 150 40.28 17.15 2
2 155 53.24 14.32 6
2 156 54.23 18.4 6
2 165 51.15 22.35 7
2 166 49.45 13.23 6
2 168 49.5 18.17 6
2 169 49.12 16.37 6
2 170 48.09 17.07 6
2 173 47.32 21.38 7
2 174 46.05 18.13 2
2 175 46.15 20.09 7
2 176 45.45 21.13 7
2 178 47.1 27.35 7
2 181 44.26 26.06 7
2 184 45.2 14.27 2
2 185 45.48 15.58 2
2 186 43.31 16.27 2
2 188 44.5 20.3 7
2 189 42.38 18.07 2
2 190 41.59 21.26 7
2 191 41.2 19.5 2
2 192 42.41 23.19 7
3 3 37.23 -5.59 2
3 4 36.32 -6.18 2
3 5 36.43 -4.25 2
3 6 37.13 -3.41 2
3 7 37.53 -4.46 2
3 10 41.23 2.11 2
3 13 41.39 -4.43 2
3 14 43.15 -2.58 2
3 15 43.22 -8.23 2
3 16 38.54 1.26 2
3 18 42.3 1.31 2
3 21 43.18 5.24 3
3 24 42.42 9.27 7
3 26 45.26 4.24 3
3 27 45.45 4.51 3
3 30 48.05 -1.41 6
3 31 47.13 -1.33 6
3 33 49.3 0.08 6
3 36 47.19 5.01 3
3 38 48.35 7.45 3
3 39 49.36 6.09 3
3 40 50.38 5.34 3
3 41 50.5 4.2 3
3 42 50.38 3.04 3
3 46 51.55 4.28 3
3 48 52.05 5.08 3
3 54 51.27 -2.35 6
3 55 51.3 -0.1 6
3 56 52.3 -1.5 6
3 57 53.25 -2.55 6
3 58 53.3 -2.15 6
3 63 55.53 -4.15 6
3 65 57.1 -2.04 6
3 72 55 -7.19 6
3 73 64.09 -21.51 5
3 74 64.11 -51.44 4
3 76 70.4 23.42 1
3 79 61.3 23.45 1
3 83 60.23 5.2 6
3 85 59.55 10.45 1
3 87 55.36 13 1
3 88 58.25 15.37 1
3 91 56.09 10.13 1
3 97 54.05 12.07 1
3 101 52.31 13.24 1
3 102 50.47 6.05 3
3 104 50.56 6.59 3
3 110 51.31 7.28 3
3 111 51.19 9.29 3
3 115 50.5 12.55 3
3 119 49.25 8.43 3
3 122 49.03 8.24 3
3 123 48.46 9.11 3
3 124 49.01 12.06 3
3 127 46.31 6.38 3
3 129 47.33 7.35 3
3 138 45.27 11 7
3 139 45.27 12.21 7
3 145 39.2 9 7
3 146 41.54 12.29 7
3 151 38.11 15.33 7
3 152 37.3 15.06 7
3 157 53.08 18 1
3 158 52.25 16.55 1
3 162 51.06 17 1
3 163 50.16 19 1
3 172 47.3 19.05 7
