1 639 -12.28 130.5 8
1 638 -9.3 147.1 8
1 593 -5.4 132.45 8
1 646 -19.16 146.48 8
1 647 -23.42 133.53 8
1 636 -2.32 140.42 8
1 592 -3.43 128.12 8
1 585 -10.1 123.35 8
1 637 -4.12 152.12 8
1 591 1.29 124.51 8
1 645 -27.28 153.02 8
1 590 -5.07 119.24 8
1 641 -34.55 138.35 8
1 357 48.46 9.11 1
1 364 47.23 8.32 1
1 356 49.03 8.24 1
1 354 49.48 9.56 1
1 353 49.25 8.43 1
1 272 48.35 7.45 1
1 359 48.08 11.34 1
1 363 47.33 7.35 1
1 355 49.27 11.04 1
1 365 47.16 11.24 1
1 352 50.07 8.4 1
1 362 46.57 7.26 1
1 371 45.28 9.12 1
1 351 49.14 6.59 1
1 358 49.01 12.06 1
1 346 50.58 11.01 1
1 345 51.19 9.29 1
1 271 48.41 6.12 1
1 372 45.27 11 1
1 337 50.44 7.05 1
1 361 46.31 6.38 1
1 273 49.36 6.09 1
1 370 45.03 7.4 1
1 338 50.56 6.59 1
1 360 46.12 6.09 1
1 340 51.17 7.17 1
1 366 47.48 13.02 1
1 344 51.31 7.28 1
1 375 44.25 8.57 1
1 342 51.28 7.13 1
1 343 51.32 7.13 1
1 341 51.28 7.01 1
1 347 51.29 11.58 1
1 332 51.57 7.37 1
1 373 45.27 12.21 1
1 336 50.47 6.05 1
1 349 50.5 12.55 1
1 339 51.12 6.47 1
1 400 49.45 13.23 1
1 333 52.24 9.44 1
1 376 44.29 11.2 1
1 348 51.19 12.2 1
1 270 47.19 5.01 1
1 334 52.07 11.38 1
1 274 50.38 5.34 1
1 262 45.1 5.43 1
1 367 48.18 14.18 1
1 374 45.4 13.46 1
1 377 43.46 11.15 1
1 328 53.04 8.49 1
1 257 43.42 7.23 1
1 350 51.03 13.44 1
1 256 43.42 7.15 1
1 279 51.26 5.28 1
1 329 53.33 9.59 1
1 401 50.05 14.26 1
1 269 49.15 4.02 1
1 378 43.55 12.28 1
1 417 46.03 14.31 1
1 261 45.45 4.51 1
1 258 42.42 9.27 1
1 275 50.5 4.2 1
1 418 45.2 14.27 1
1 260 45.26 4.24 1
1 335 52.31 13.24 1
1 282 52.05 5.08 1
1 283 53.13 6.33 1
1 278 51.13 4.25 1
1 369 47.05 15.27 1
1 280 51.55 4.28 1
1 330 54.2 10.08 1
1 281 52.22 4.54 1
1 255 43.18 5.24 1
1 277 51.03 3.43 1
1 331 54.05 12.07 1
1 621 37.33 126.58 5
1 620 39.01 125.45 5
1 622 35.06 129.03 5
1 631 34.24 132.27 5
1 632 32.48 129.55 5
1 618 41.48 123.27 5
1 485 43.1 131.56 5
1 617 38.53 121.35 5
1 633 31.36 130.33 5
1 619 45.45 126.41 5
1 629 35 135.45 5
1 630 34.4 135.3 5
1 613 36.06 120.19 5
1 628 36.34 136.39 5
1 627 35.1 136.55 5
1 662 -17.32 -149.34 9
1 661 -9.45 -139 9
1 660 1.52 -157.2 9
1 50 25.46 -80.12 4
1 72 23.08 -82.22 4
1 73 22.24 -79.58 4
1 49 30.2 -81.4 4
1 51 25.05 -77.21 4
1 44 33.45 -84.23 4
1 40 29.58 -90.07 4
1 74 20.01 -75.49 4
1 64 20.58 -89.37 4
1 75 18 -76.48 4
1 65 17.3 -88.12 4
1 39 35.08 -90.03 4
1 76 18.32 -72.2 4
1 68 14.06 -87.13 4
1 63 17.59 -92.55 4
1 43 39.06 -84.31 4
1 35 29.46 -95.22 4
1 48 38.54 -77.01 4
1 66 14.38 -90.31 4
1 67 13.42 -89.12 4
1 69 12.09 -86.17 4
1 42 40.26 -80 4
1 545 25.36 85.07 2
1 559 27.43 85.19 2
1 544 25.2 83 2
1 546 22.32 88.22 2
1 560 27.28 89.39 2
1 561 23.43 90.25 2
1 549 20.3 85.5 2
1 543 26.28 80.21 2
1 562 22.2 91.5 2
1 601 29.4 91.09 2
1 548 21.09 79.06 2
1 552 17.42 83.18 2
1 540 28.4 77.13 2
1 539 30.19 78.02 2
1 542 26.55 75.49 2
1 563 22 96.05 2
1 551 17.23 78.29 2
1 541 26.17 73.02 2
1 532 31.35 74.18 2
1 555 13.05 80.17 2
1 547 23.02 72.37 2
1 564 16.47 96.1 2
1 533 31.25 73.05 2
1 565 18.47 98.59 2
1 19 47.4 -117.23 10
1 7 51.03 -114.05 10
1 24 40.46 -111.53 10
1 6 53.33 -113.28 10
1 18 47.36 -122.2 10
1 5 49.16 -123.07 10
1 9 52.07 -106.38 10
1 20 38.35 -121.3 10
1 8 50.25 -104.39 10
1 126 -15.35 -56.05 7
1 125 -20.27 -54.37 7
1 102 -17.48 -63.1 7
1 117 -25.16 -57.4 7
1 103 -19.35 -65.45 7
1 127 -16.4 -49.16 7
1 101 -16.3 -68.09 7
1 128 -15.47 -47.55 7
1 137 -8.46 -63.54 7
1 116 -26.49 -65.13 7
1 120 -25.25 -49.15 7
1 121 -23.32 -46.37 7
1 119 -27.35 -48.34 7
1 104 -23.39 -70.24 7
1 100 -16.24 -71.33 7
1 118 -30.04 -51.11 7
1 99 -13.31 -71.59 7
1 194 -4.18 15.18 3
1 193 -4.16 15.17 3
1 195 0.04 18.16 3
1 206 -8.48 13.14 3
1 196 -5.54 22.25 3
1 207 -12.44 15.47 3
1 192 0.23 9.27 3
1 191 4.22 18.35 3
1 190 3.52 11.31 3
1 197 0.3 25.12 3
1 188 0.2 6.44 3
1 189 3.45 8.47 3
1 208 -11.4 27.28 3
1 198 -3.23 29.22 3
1 199 -1.57 30.04 3
1 209 -12.49 28.13 3
1 187 6.27 7.27 3
1 210 -15.25 28.17 3
1 200 0.19 32.25 3
1 184 11.51 13.1 3
1 185 12.07 15.03 3
1 186 6.27 3.24 3
1 219 -22.34 17.06 3
1 180 6.29 2.37 3
1 218 -22.59 14.31 3
1 183 12 8.3 3
1 518 36.2 43.08 6
1 517 35.28 44.28 6
1 492 37.55 40.14 6
1 491 39.55 41.17 6
1 516 33.21 44.25 6
1 519 38.05 46.18 6
1 459 40.11 44.3 6
1 494 36.12 37.1 6
1 522 34.19 47.04 6
1 495 34.44 36.43 6
1 458 41.43 44.49 6
1 490 39.45 37.02 6
1 496 33.3 36.18 6
1 493 37.01 35.18 6
1 489 38.43 35.3 6
1 497 33.53 35.3 6
1 520 37.16 49.36 6
1 498 31.57 35.56 6
1 515 30.3 47.47 6
1 499 32.5 35 6
1 501 31.46 35.14 6
1 523 30.2 48.16 6
1 460 40.23 49.51 6
2 656 -9.26 159.57 7
2 584 -8.39 115.13 7
2 644 -33.52 151.13 7
2 594 7.04 125.36 7
2 642 -37.49 144.58 7
2 589 -0.3 117.09 7
2 586 -3.2 114.35 7
2 583 -7.15 112.45 7
2 635 13.28 144.47 7
2 595 10.18 123.54 7
2 582 -7.48 110.22 7
2 640 -31.56 115.5 7
2 655 -22.16 166.27 7
2 276 50.38 3.04 2
2 419 45.48 15.58 2
2 368 48.13 16.2 2
2 268 48.52 2.2 2
2 403 49.12 16.37 2
2 380 41.54 12.29 2
2 389 53.24 14.32 2
2 326 55.24 10.23 2
2 404 48.09 17.07 2
2 327 55.4 12.35 2
2 325 56.09 10.13 2
2 321 55.36 13 2
2 396 51.06 17 2
2 392 52.25 16.55 2
2 420 43.31 16.27 2
2 259 45.5 1.16 2
2 379 39.2 9 2
2 266 47.23 0.41 2
2 381 40.51 14.17 2
2 402 49.5 18.17 2
2 408 46.05 18.13 2
2 382 41.27 15.34 2
2 267 49.3 0.08 2
2 254 43.36 1.26 2
2 320 57.43 11.58 2
2 286 50.5 -0.08 2
2 406 47.3 19.05 2
2 252 42.3 1.31 2
2 244 41.23 2.11 2
2 397 50.16 19 2
2 289 51.3 -0.1 2
2 421 43.52 18.25 2
2 383 41.07 16.52 2
2 391 53.08 18 2
2 253 44.5 -0.34 2
2 423 42.38 18.07 2
2 398 50.03 19.58 2
2 393 51.46 19.3 2
2 265 47.13 -1.33 2
2 264 48.05 -1.41 2
2 387 38.07 13.21 2
2 409 46.15 20.09 2
2 390 54.23 18.4 2
2 384 40.28 17.15 2
2 285 50.43 -1.54 2
2 251 39.34 2.39 2
2 318 58.58 5.45 2
2 319 59.55 10.45 2
2 422 44.5 20.3 2
2 290 52.3 -1.5 2
2 150 36.48 10.11 2
2 385 38.11 15.33 2
2 293 53.23 -1.3 2
2 405 48.43 21.15 2
2 322 58.25 15.37 2
2 245 41.38 -0.53 2
2 294 53.5 -1.35 2
2 288 51.27 -2.35 2
2 407 47.32 21.38 2
2 410 45.45 21.13 2
2 149 36.22 6.37 2
2 386 37.3 15.06 2
2 425 41.2 19.5 2
2 394 52.15 21 2
2 250 38.54 1.26 2
2 295 54.59 -1.35 2
2 292 53.3 -2.15 2
2 441 54.43 20.3 2
2 287 51.29 -3.13 2
2 317 60.23 5.2 2
2 248 43.15 -2.58 2
2 324 57.38 18.18 2
2 291 53.25 -2.55 2
2 243 39.28 -0.22 2
2 611 31.14 121.28 1
2 615 39.08 117.12 1
2 610 32.03 118.47 1
2 626 35.42 139.46 1
2 634 26.13 127.4 1
2 616 39.55 116.25 1
2 624 39.43 140.07 1
2 481 50.17 127.32 1
2 625 38.15 140.53 1
2 483 48.27 135.06 1
2 623 43.03 141.21 1
2 600 25.03 121.3 1
2 608 26.06 119.17 1
2 612 34.48 113.39 1
2 482 50.35 137.02 1
2 653 -14.16 -170.42 5
2 663 -25.04 -130.06 5
2 652 -21.08 -175.12 5
2 77 18.28 -69.54 3
2 38 38.39 -90.25 3
2 47 39.57 -75.07 3
2 60 19.2 -96.4 3
2 55 22.13 -97.51 3
2 34 32.47 -96.48 3
2 70 9.56 -84.05 3
2 41 42.2 -83.03 3
2 37 41.53 -87.38 3
2 62 17.03 -96.43 3
2 46 40.43 -74.01 3
2 88 10.59 -74.48 3
2 59 19.03 -98.12 3
2 71 8.58 -79.32 3
2 78 18.28 -66.07 3
2 12 43.39 -79.23 3
2 33 35.28 -97.32 3
2 54 25.4 -100.19 3
2 36 43.02 -87.55 3
2 58 19.24 -99.09 3
2 56 22.09 -100.59 3
2 87 10.4 -71.37 3
2 553 15.21 75.1 9
2 550 18.58 72.5 9
2 531 33.36 73.04 9
2 554 12.59 77.35 9
2 534 30.11 71.29 9
2 556 10.49 78.41 9
2 606 25.05 102.4 1
2 566 19.52 102.08 1
2 536 27.42 68.52 9
2 557 9.56 78.07 9
2 537 25.22 68.22 9
2 567 17.58 102.36 1
2 473 43.48 87.35 9
2 538 24.52 67.03 9
2 573 13.45 100.31 9
2 530 34.31 69.12 9
2 604 30.39 104.04 1
2 535 30.12 67 9
2 558 6.56 79.51 9
2 469 43.15 76.57 9
2 602 36.03 103.41 1
2 605 29.39 106.34 1
2 529 31.32 65.3 9
2 26 39.43 -105.01 3
2 21 37.48 -122.24 3
2 22 34.03 -118.15 3
2 25 33.27 -112.05 3
2 27 35.05 -106.4 3
2 23 32.43 -117.09 3
2 28 31.45 -106.29 3
2 10 49.53 -97.09 3
2 31 41.16 -95.57 3
2 124 -19.55 -43.56 6
2 114 -31.24 -64.11 6
2 123 -20.23 -43.3 6
2 113 -32.57 -60.4 6
2 136 -3.08 -60.01 6
2 122 -22.54 -43.14 6
2 112 -34.36 -58.27 6
2 111 -34.5 -56.12 6
2 115 -32.53 -68.49 6
2 135 -1.27 -48.29 6
2 105 -33.27 -70.4 6
2 98 -12.03 -77.03 6
2 133 -5.05 -42.49 6
2 110 -38 -57.33 6
2 129 -12.59 -38.31 6
2 134 -2.31 -44.16 6
2 179 6.08 1.13 10
2 212 -17.5 31.03 4
2 211 -20.09 28.36 4
2 178 5.33 -0.13 10
2 162 13.38 25.21 8
2 201 -1.17 36.49 4
2 177 6.41 -1.35 10
2 213 -15.47 35 4
2 221 -24.45 25.55 4
2 220 -26.38 15.1 4
2 204 -6.1 39.11 4
2 205 -6.48 39.17 4
2 203 -4.03 39.4 4
2 176 5.19 -4.02 10
2 182 13.31 2.07 10
2 214 -19.49 34.52 4
2 222 -25.45 28.1 4
2 223 -26.15 28 4
2 181 12.22 -1.31 10
2 216 -15.57 -5.42 10
2 160 15.36 32.32 8
2 164 9 38.5 8
2 215 -25.58 32.35 4
2 224 -29.12 26.07 4
2 225 -29.55 30.56 4
2 170 16.46 -3.01 10
2 500 32.04 34.46 8
2 514 29.2 47.59 8
2 435 35.1 33.22 8
2 521 35.4 51.26 8
2 524 32.4 51.38 8
2 488 39.56 32.52 8
2 155 31.16 32.18 8
2 455 47.14 39.42 8
2 156 29.58 32.33 8
2 457 46.21 48.03 8
2 454 44.36 33.32 8
2 502 24.28 39.36 8
2 525 29.36 52.32 8
2 157 30.03 31.15 8
2 513 24.38 46.43 8
2 456 48.44 44.25 8
2 512 26.13 50.35 8
2 154 31.12 29.54 8
2 511 25.17 51.32 8
2 453 48.27 34.59 8
2 504 21.27 39.49 8
2 503 21.3 39.12 8
3 588 4.56 114.55 5
3 643 -42.53 147.19 8
3 657 -0.32 166.55 8
3 581 -6.54 107.36 5
3 587 1.33 110.2 5
3 580 -6.1 106.48 5
3 658 11.35 165.23 8
3 654 -18.08 178.25 8
3 651 -36.52 174.46 8
3 648 -45.52 170.3 8
3 649 -43.32 172.38 8
3 650 -41.18 174.47 8
3 147 36.47 3.03 2
3 399 51.15 22.35 3
3 430 39.36 19.56 3
3 388 35.54 14.31 3
3 284 50.23 -4.1 2
3 263 48.24 -4.29 2
3 424 41.59 21.26 3
3 151 34.44 10.46 2
3 242 38.21 -0.29 2
3 411 46.47 23.36 3
3 323 59.2 18.03 3
3 299 57.1 -2.04 2
3 296 55.57 -3.13 2
3 395 53.09 23.09 3
3 444 49.5 24 3
3 298 56.28 -3 2
3 246 40.24 -3.41 2
3 426 42.41 23.19 3
3 413 45.48 24.09 3
3 316 63.25 10.25 3
3 247 41.39 -4.43 2
3 431 40.38 22.56 3
3 297 55.53 -4.15 2
3 432 38.15 21.44 3
3 300 60.09 -1.09 2
3 146 35.43 -0.43 2
3 152 32.54 13.11 2
3 305 54.35 -5.55 2
3 304 53.2 -6.15 2
3 427 42.09 24.45 3
3 414 45.39 25.37 3
3 240 37.13 -3.41 2
3 440 56.57 24.06 3
3 442 54.41 25.19 3
3 415 44.26 26.06 3
3 241 37.53 -4.46 2
3 433 37.58 23.43 3
3 314 60.27 22.17 3
3 239 36.43 -4.25 2
3 306 55 -7.19 2
3 302 51.54 -8.28 2
3 412 47.1 27.35 3
3 249 43.22 -8.23 2
3 303 52.4 -8.38 2
3 237 37.23 -5.59 2
3 439 59.25 24.45 3
3 443 53.54 27.34 3
3 429 42.3 27.28 3
3 428 43.13 27.55 3
3 236 41.11 -8.36 2
3 153 32.07 20.04 3
3 145 35.48 -5.45 2
3 313 61.3 23.45 3
3 238 36.32 -6.18 2
3 315 60.1 24.58 3
3 144 34.05 -4.57 2
3 487 38.25 27.09 3
3 434 35.2 25.09 3
3 486 41.01 28.58 3
3 235 38.43 -9.08 2
3 301 62.01 -6.46 2
3 445 50.26 30.31 3
3 143 34.02 -6.51 2
3 311 68.26 17.25 3
3 142 33.39 -7.35 2
3 312 65.01 25.28 3
3 438 59.55 30.15 3
3 141 31.38 -8 2
3 310 70.4 23.42 3
3 140 32.38 -16.54 2
3 436 68.58 33.05 3
3 307 64.09 -21.51 2
3 234 37.44 -25.4 2
3 0 90 0 3
3 614 37.55 112.3 6
3 609 30.36 114.17 5
3 484 46.58 142.42 6
3 599 22.38 120.17 5
3 603 34.15 108.52 5
3 476 52.03 113.3 6
3 475 47.55 106.53 6
3 477 62.13 129.49 6
3 597 14.35 121 5
3 596 10.42 122.34 5
3 568 21.02 105.51 5
3 480 59.34 150.48 6
3 479 53.01 158.39 6
3 478 64.45 177.29 6
3 659 21.19 -157.52 4
3 664 -27.07 -109.22 9
3 82 12.06 -68.56 9
3 61 16.51 -99.55 7
3 45 42.21 -71.04 7
3 13 45.25 -75.42 7
3 89 6.15 -75.35 9
3 53 25.33 -103.26 7
3 14 45.31 -73.34 7
3 57 20.4 -103.2 7
3 86 10.3 -66.56 9
3 90 4.36 -74.05 9
3 91 3.27 -76.31 9
3 15 46.49 -71.14 7
3 52 28.38 -106.05 7
3 79 14.36 -61.05 9
3 80 13.06 -59.37 9
3 16 44.39 -63.36 7
3 92 -0.56 -91.01 9
3 95 -2.1 -79.5 9
3 17 47.34 -52.43 7
3 308 64.11 -51.44 7
3 309 76.34 -68.47 7
3 472 38.35 68.48 1
3 470 41.2 69.18 1
3 572 11.33 104.55 5
3 569 16.28 107.36 5
3 471 39.4 66.48 1
3 570 16.04 108.13 5
3 574 5.25 100.2 5
3 577 3.35 98.4 5
3 528 34.2 62.12 1
3 571 10.45 106.4 5
3 575 3.1 101.42 5
3 468 49.5 73.1 1
3 509 23.37 58.35 1
3 607 23.06 113.16 5
3 598 22.17 114.09 5
3 578 -0.57 100.21 5
3 576 1.17 103.51 5
3 466 55.02 82.55 1
3 467 56.01 92.5 6
3 465 55 73.24 1
3 474 52.16 104.2 6
3 579 -2.55 104.45 5
3 464 69.2 88.06 6
3 32 39.07 -94.39 7
3 30 44.59 -93.13 7
3 29 46.47 -92.06 7
3 4 58.2 -134.27 4
3 11 58.46 -94.1 7
3 2 64.51 -147.43 4
3 3 61.13 -149.53 4
3 1 71.17 -156.47 4
3 96 -3.46 -73.15 9
3 109 -38.43 -62.17 9
3 83 4.56 -52.2 9
3 97 -8.07 -79.02 9
3 84 5.5 -55.1 9
3 106 -36.5 -73.03 9
3 85 6.48 -58.1 9
3 132 -3.43 -38.3 9
3 130 -8.03 -34.54 9
3 131 -5.47 -35.13 9
3 94 -1.4 -78.38 9
3 93 -0.13 -78.3 9
3 81 10.39 -61.31 9
3 108 -51.42 -57.51 9
3 107 -53.09 -70.55 9
3 228 -33.55 18.22 10
3 175 6.18 -10.47 2
3 202 2.01 45.2 1
3 148 22.56 5.3 2
3 172 10.23 -9.18 2
3 171 12.39 -8 2
3 227 -33.58 25.4 10
3 226 -33 27.55 10
3 165 11.36 43.09 1
3 174 8.3 -13.15 2
3 229 -23.21 43.4 10
3 173 9.31 -13.43 2
3 231 -12.16 49.17 10
3 230 -18.55 47.31 10
3 169 11.51 -15.35 2
3 508 14.32 49.08 1
3 168 13.28 -16.39 2
3 233 -4.38 55.27 1
3 167 14.4 -17.26 2
3 166 18.06 -15.57 2
3 232 -20.1 57.3 10
3 217 -37.15 -12.3 10
3 138 14.55 -23.31 2
3 139 28.06 -15.24 2
3 665 -90 0 10
3 452 50 36.15 3
3 158 24.05 32.53 1
3 446 46.28 30.44 3
3 451 51.4 39.1 3
3 416 44.11 28.39 3
3 526 30.17 57.05 1
3 510 25.18 55.18 1
3 527 36.18 59.36 1
3 159 19.37 37.14 1
3 450 53.12 50.09 1
3 447 55.45 37.35 3
3 448 56.2 44 3
3 449 55.45 49.08 3
3 505 15.23 44.12 1
3 163 15.2 38.53 1
3 506 14.48 42.57 1
3 507 12.45 45.12 1
3 161 13.11 30.13 1
3 461 58 56.15 1
3 462 56.51 60.36 1
3 437 64.34 40.32 3
3 463 67.27 63.58 1
