1 109 505.772 795.094 7
1 343 483.206 814.332 7
1 147 541.69 818.375 7
1 292 509.984 834.341 7
1 157 456.946 809.262 7
1 306 451.636 797.971 7
1 326 477.087 834.773 7
1 129 439.629 819.344 7
1 156 476.475 711.843 7
1 384 592.712 764.167 7
1 338 463.399 711.7 7
1 310 430.779 816.476 7
1 1 602.539 801.704 7
1 59 547.886 870.165 7
1 138 607.208 778.844 7
1 328 500.418 885.256 7
1 299 414.131 748.199 7
1 91 525.118 681.256 7
1 250 415.46 823.742 7
1 61 489.34 885.471 7
1 40 156.444 178.995 4
1 342 172.907 173.232 4
1 70 156.993 187.479 4
1 64 171.854 111.942 4
1 380 109.524 120.779 4
1 83 148.737 95.1072 4
1 339 99.6077 192.347 4
1 113 226.997 149.199 4
1 152 134 228.874 4
1 126 153.759 230.999 4
1 365 214.744 82.1886 4
1 184 153.897 253.897 4
1 391 256.231 126.549 4
1 173 64.3447 87.0233 4
1 397 127.116 42.9147 4
1 314 257.178 178.95 4
1 242 58.1823 207.452 4
1 281 178.085 519.553 5
1 201 205.641 477.219 5
1 284 236.126 494.214 5
1 116 175.187 551.629 5
1 215 228.193 537.552 5
1 66 132.524 507.626 5
1 213 244.594 473.987 5
1 154 156.372 445.891 5
1 185 138.308 544.775 5
1 335 225.447 556.169 5
1 16 125.872 536.987 5
1 204 117.937 480.467 5
1 356 122.621 436.923 5
1 235 175.856 408.861 5
1 163 135.318 579.262 5
1 316 109.638 555.178 5
1 128 232.085 588.069 5
1 267 93.5555 531.101 5
1 210 134.598 416.191 5
1 177 262.003 425.604 5
1 119 245.176 595.849 5
1 176 868.707 180.065 3
1 143 882.698 149.994 3
1 80 800.35 158.589 3
1 69 792.919 136.517 3
1 207 889.914 107.701 3
1 197 904.883 126.216 3
1 240 789.06 180.381 3
1 137 901.1 207.153 3
1 93 775.205 181.054 3
1 77 917.898 105.225 3
1 323 826.839 234.883 3
1 234 769.072 182.917 3
1 363 779.11 99.0186 3
1 74 795.061 496.701 2
1 269 746.616 491.772 2
1 219 811.997 466.21 2
1 290 786.058 432.582 2
1 385 724.782 471.166 2
1 230 814.209 436.493 2
1 98 730.64 446.995 2
1 36 806.139 537.748 2
1 81 748.357 537.031 2
1 369 760.5 411.841 2
1 325 763.859 558.636 2
1 110 692.786 475.055 2
1 103 700.979 439.308 2
1 296 868.559 484.797 2
1 142 725.65 402.263 2
1 169 852.354 420.312 2
1 105 755.117 581.702 2
1 317 818.496 388.539 2
1 273 709.83 561.077 2
1 334 494.045 199.61 6
1 7 476.864 203.976 6
1 90 494.944 163.27 6
1 148 509.211 164.053 6
1 127 476.331 253.181 6
1 192 547.387 204.852 6
1 43 460.829 255.503 6
1 144 429.87 229.253 6
1 174 417.205 194.188 6
1 337 559.929 171.432 6
1 180 424.972 239.973 6
1 318 438.962 136.901 6
1 228 399.475 192.268 6
1 82 486.979 88.5907 6
1 348 382.173 228.74 6
1 398 587.637 139.566 6
1 265 852.864 824.65 8
1 254 826.909 802.719 8
1 134 844.594 856.238 8
1 4 796.042 796.519 8
1 92 835.669 882.708 8
1 329 807.777 879.354 8
1 279 808.889 763.527 8
1 140 840.931 757.357 8
1 259 809.911 758.316 8
1 211 759.957 814.02 8
1 280 775.352 780.347 8
1 13 861.254 754.12 8
1 352 891.084 771.611 8
1 51 870.562 747.862 8
1 72 745.996 818.744 8
1 63 195.225 821.483 1
1 71 186.101 903.489 1
1 6 233.569 850.798 1
1 159 165.471 811.813 1
1 340 257.615 814.539 1
1 315 233.293 789.181 1
1 322 123.803 911.149 1
1 153 167.243 943.593 1
1 106 168.354 774.785 1
1 195 172.306 772.747 1
1 46 279.893 896.021 1
1 150 101.219 820.45 1
1 278 152.733 951.553 1
1 5 88.9064 838.954 1
1 183 180.64 963.276 1
1 122 284.623 905.817 1
2 112 433.068 854.106 7
2 121 618.453 808.454 7
2 359 603.56 723.736 7
2 298 616.789 748.507 7
2 344 537.144 893.849 7
2 141 449.959 883.516 7
2 353 609.907 714.945 7
2 253 512.472 906.526 7
2 272 431.006 685.786 7
2 349 407.053 857.824 4
2 275 384.806 812.568 4
2 274 452.184 663.382 7
2 357 517.93 649.464 7
2 361 498.328 926.571 7
2 208 636.977 852.552 7
2 55 421.545 669.856 7
2 107 607.71 673.196 7
2 100 377.453 863.505 4
2 264 667.645 810.279 7
2 202 486.743 625.481 7
2 52 126.307 27.0835 1
2 286 273.595 173.028 1
2 388 26.8873 163.883 1
2 260 260.672 213.383 1
2 94 109.477 27.3525 1
2 224 272.482 202.425 1
2 196 85.7052 33.6732 1
2 358 235.387 41.3129 1
2 199 21.9732 102.51 1
2 155 267.979 69.0196 1
2 251 203.288 280.22 1
2 189 190.116 9.77048 1
2 158 217.245 20.1127 1
2 368 90.496 16.7955 1
2 330 6.13562 122.624 1
2 101 258.125 251.372 1
2 28 49.6047 40.6059 1
2 166 176.011 611.721 3
2 25 196.656 613.862 3
2 308 236.339 400.124 3
2 233 92.7453 433.967 3
2 346 286.889 436.077 3
2 327 189.042 621.271 3
2 172 104.725 588.78 3
2 294 304.468 535.688 3
2 246 256.513 606.643 3
2 38 306.696 552.626 3
2 262 176.023 365.196 3
2 394 72.1925 423.799 3
2 285 314.339 438.079 3
2 283 114.258 377.412 3
2 12 83.0742 601.487 3
2 33 332.771 466.52 3
2 198 87.5416 389.28 3
2 76 91.6001 378.018 3
2 305 33.0116 545.758 3
2 237 227.183 343.604 3
2 88 24.0393 509.808 3
2 45 931.464 198.146 5
2 332 752.455 173.084 5
2 149 875.589 251.226 5
2 60 764.19 227.841 5
2 324 967.716 166.523 5
2 301 974.766 171.802 5
2 32 817.106 281.12 5
2 85 972.905 220.419 5
2 133 734.709 76.166 5
2 182 967.473 235.618 5
2 171 745.771 57.0821 5
2 266 746.32 56.0444 5
2 276 886.343 4.94442 5
2 377 827.455 580.479 8
2 367 693.672 555.594 8
2 27 828.34 584.111 8
2 247 805.435 372.793 8
2 217 881.955 436.361 8
2 354 800.506 368.529 8
2 165 678.108 546.502 8
2 309 747.866 360.265 8
2 19 691.414 576.653 8
2 333 740.572 359.87 8
2 268 818.774 606.902 8
2 175 884.474 559.131 8
2 62 908.764 483.318 8
2 320 920.634 460.336 8
2 26 913.249 428.902 8
2 249 818.209 629.891 8
2 104 801.207 327.664 8
2 370 626.521 526.724 8
2 37 445.404 306.86 6
2 258 360.033 175.038 6
2 238 491.148 328.614 6
2 54 550.99 317.71 6
2 49 511.528 60.4103 6
2 96 628.285 197.058 6
2 78 370.272 274.581 6
2 209 382.491 96.1738 6
2 393 524.925 53.7248 6
2 312 344.638 230.393 6
2 167 560.389 331.015 6
2 364 582.097 75.6071 6
2 379 620.154 281.819 6
2 374 377.688 314.408 6
2 203 372.177 77.9249 6
2 120 368.488 322.474 6
2 386 778.131 902.453 2
2 381 738.931 820.767 2
2 372 918.947 876.684 2
2 227 783.667 742.083 2
2 79 789.206 738.168 2
2 225 762.214 751.456 2
2 392 927.385 899.534 2
2 194 756.586 917.899 2
2 376 825.413 709.361 2
2 188 951.537 792.325 2
2 9 954.573 785.053 2
2 2 861.563 954.019 2
2 313 754.786 929.344 2
2 360 910.373 948.618 2
2 68 267.929 788.352 4
2 117 207.262 753.08 4
2 270 231.083 960.553 4
2 35 168.54 974.806 4
2 205 295.533 923.189 4
2 34 278.353 945.623 4
2 75 298.827 796.84 4
2 67 327.208 868.8 4
2 118 127.313 986.134 4
2 252 325.896 907.59 4
2 29 271.361 736.904 4
2 390 165.76 712.313 4
2 47 331.283 923.481 4
2 319 344.937 837.515 4
2 20 237.167 707.298 4
2 48 33.5356 889.86 4
3 99 580.371 933.465 5
3 366 560.439 622.937 4
3 362 548.665 952.849 5
3 102 659.297 693.415 4
3 31 489.418 957.946 5
3 136 359.094 688.825 8
3 95 653.011 671.869 4
3 256 599.164 619.972 4
3 21 583.448 609.201 4
3 22 404.171 942.218 5
3 178 669.764 662.314 4
3 10 593.326 968.644 5
3 58 486.626 987.924 5
3 223 518.363 989.629 5
3 8 406.271 601.839 8
3 0 435.841 587.522 8
3 244 543.707 996.057 5
3 200 417.302 581.199 8
3 3 444.217 553.301 8
3 87 192.47 292.712 1
3 355 6.5945 196.999 1
3 307 197.287 1.98716 1
3 24 20.0806 62.8968 1
3 86 40.56 259.589 1
3 186 23.8826 240.295 1
3 277 52.5835 271.001 1
3 84 231.984 10.131 1
3 243 195.262 304.483 1
3 382 274.222 258.428 1
3 311 21.823 256.845 1
3 161 310.765 220.815 1
3 347 34.4571 282.052 1
3 162 2.19756 25.8493 1
3 231 291.053 292.049 1
3 191 331.085 8.82753 6
3 221 312.678 611.344 8
3 303 334.192 594.83 8
3 383 82.5408 643.565 2
3 18 55.259 619.092 2
3 114 326.41 615.676 8
3 50 232.874 327.742 1
3 257 327.353 384.372 8
3 164 257.714 332.927 1
3 297 91.7265 661.356 2
3 255 374.105 494.356 8
3 300 236.206 683.44 8
3 236 344.656 388.185 8
3 44 385.534 487.846 8
3 160 381.612 457.549 8
3 53 25.7158 384.711 1
3 23 15.771 614.642 2
3 399 22.8315 355.085 1
3 168 416.783 521.535 8
3 239 25.5217 669.796 2
3 288 6.42906 353.95 1
3 193 776.794 291.288 7
3 321 950.473 33.9817 7
3 293 890.36 307.257 7
3 291 995.164 77.7478 7
3 371 995.853 234.577 7
3 350 957.659 25.5349 7
3 218 680.574 156.194 6
3 282 988.743 256.46 7
3 373 989.579 47.3211 7
3 73 672.67 141.516 6
3 139 682.389 84.7105 6
3 187 701.018 43.4543 6
3 222 853.959 621.638 3
3 125 923.029 410.17 7
3 302 732.088 320.501 7
3 214 642.573 589.53 4
3 11 946.1 432.995 7
3 111 615.258 416.034 4
3 226 648.783 603.79 4
3 56 699.395 641.832 4
3 170 850.689 321.301 7
3 42 963.235 442.629 7
3 375 961.419 413.034 7
3 65 599.164 587.5 4
3 130 959.404 382.332 7
3 146 578.122 545.104 4
3 220 963.481 584.969 3
3 289 540.007 528.659 4
3 351 534.254 449.898 4
3 39 555.492 359.315 4
3 295 473.917 22.3053 6
3 179 420.178 34.4287 6
3 108 569.788 359.946 4
3 17 563.237 20.7366 6
3 151 485.894 5.4797 6
3 245 557.17 378.511 4
3 304 561.254 14.0532 6
3 263 606.972 355.066 4
3 89 316.686 311.822 1
3 232 607.013 13.6116 6
3 248 462.037 417.062 4
3 216 645.769 36.6176 6
3 132 475.22 422.92 4
3 181 615.069 4.82106 6
3 124 942.046 733.577 3
3 206 879.339 967.331 3
3 145 980.879 821.977 3
3 336 782.186 687.569 3
3 387 885.712 666.382 3
3 389 741.314 972.935 5
3 241 980.725 735.09 3
3 261 934.248 685.015 3
3 271 683.546 930.491 5
3 30 979.153 716.97 3
3 115 756.359 997.073 5
3 15 963.227 965.824 3
3 331 680.526 979.535 5
3 131 659.332 989.174 5
3 57 30.6059 881.315 2
3 341 42.8894 926.489 2
3 41 140.141 704.084 2
3 212 44.5069 940.863 2
3 396 349.224 799.328 8
3 14 247.619 698.637 8
3 123 347.487 932.543 5
3 229 32.4988 938.751 2
3 395 367.23 863.354 5
3 135 10.2508 829.527 2
3 287 49.9968 742.733 2
3 378 35.7801 990.366 2
3 190 347.579 997.518 5
3 345 2.99018 973.272 2
3 97 1.94865 712.335 2
