1 0 435.841 587.522 2
1 1 602.539 801.704 8
1 6 233.569 850.798 4
1 8 406.271 601.839 2
1 10 593.326 968.644 8
1 15 963.227 965.824 8
1 16 125.872 536.987 5
1 18 55.259 619.092 5
1 19 691.414 576.653 3
1 22 404.171 942.218 2
1 23 15.771 614.642 5
1 28 49.6047 40.6059 7
1 29 271.361 736.904 2
1 30 979.153 716.97 8
1 34 278.353 945.623 2
1 35 168.54 974.806 4
1 36 806.139 537.748 3
1 39 555.492 359.315 1
1 41 140.141 704.084 4
1 46 279.893 896.021 2
1 47 331.283 923.481 2
1 48 33.5356 889.86 4
1 54 550.99 317.71 1
1 56 699.395 641.832 3
1 58 486.626 987.924 2
1 60 764.19 227.841 6
1 61 489.34 885.471 2
1 62 908.764 483.318 3
1 63 195.225 821.483 4
1 66 132.524 507.626 5
1 67 327.208 868.8 2
1 69 792.919 136.517 6
1 70 156.993 187.479 7
1 72 745.996 818.744 8
1 75 298.827 796.84 2
1 76 91.6001 378.018 5
1 77 917.898 105.225 6
1 82 486.979 88.5907 1
1 84 231.984 10.131 7
1 90 494.944 163.27 1
1 93 775.205 181.054 6
1 94 109.477 27.3525 7
1 103 700.979 439.308 3
1 106 168.354 774.785 4
1 114 326.41 615.676 2
1 120 368.488 322.474 1
1 123 347.487 932.543 2
1 130 959.404 382.332 3
1 135 10.2508 829.527 4
1 136 359.094 688.825 2
1 138 607.208 778.844 8
1 139 682.389 84.7105 6
1 140 840.931 757.357 8
1 141 449.959 883.516 2
1 150 101.219 820.45 4
1 152 134 228.874 7
1 156 476.475 711.843 2
1 157 456.946 809.262 2
1 168 416.783 521.535 1
1 169 852.354 420.312 3
1 170 850.689 321.301 6
1 171 745.771 57.0821 6
1 175 884.474 559.131 3
1 176 868.707 180.065 6
1 185 138.308 544.775 5
1 189 190.116 9.77048 7
1 190 347.579 997.518 2
1 193 776.794 291.288 6
1 196 85.7052 33.6732 7
1 199 21.9732 102.51 7
1 205 295.533 923.189 2
1 207 889.914 107.701 6
1 212 44.5069 940.863 4
1 219 811.997 466.21 3
1 222 853.959 621.638 3
1 226 648.783 603.79 3
1 227 783.667 742.083 8
1 234 769.072 182.917 6
1 239 25.5217 669.796 5
1 242 58.1823 207.452 7
1 245 557.17 378.511 1
1 248 462.037 417.062 1
1 250 415.46 823.742 2
1 253 512.472 906.526 2
1 254 826.909 802.719 8
1 260 260.672 213.383 7
1 267 93.5555 531.101 5
1 275 384.806 812.568 2
1 277 52.5835 271.001 7
1 278 152.733 951.553 4
1 279 808.889 763.527 8
1 280 775.352 780.347 8
1 284 236.126 494.214 5
1 285 314.339 438.079 5
1 287 49.9968 742.733 4
1 290 786.058 432.582 3
1 297 91.7265 661.356 5
1 299 414.131 748.199 2
1 311 21.823 256.845 7
1 312 344.638 230.393 1
1 315 233.293 789.181 4
1 318 438.962 136.901 1
1 320 920.634 460.336 3
1 321 950.473 33.9817 6
1 322 123.803 911.149 4
1 324 967.716 166.523 6
1 325 763.859 558.636 3
1 326 477.087 834.773 2
1 329 807.777 879.354 8
1 330 6.13562 122.624 7
1 331 680.526 979.535 8
1 333 740.572 359.87 3
1 337 559.929 171.432 1
1 341 42.8894 926.489 4
1 348 382.173 228.74 1
1 354 800.506 368.529 3
1 355 6.5945 196.999 7
1 356 122.621 436.923 5
1 358 235.387 41.3129 7
1 361 498.328 926.571 2
1 364 582.097 75.6071 1
1 367 693.672 555.594 3
1 370 626.521 526.724 3
1 374 377.688 314.408 1
1 378 35.7801 990.366 4
1 379 620.154 281.819 1
1 383 82.5408 643.565 5
1 387 885.712 666.382 3
1 389 741.314 972.935 8
1 394 72.1925 423.799 5
1 396 349.224 799.328 2
1 397 127.116 42.9147 7
1 398 587.637 139.566 1
1 399 22.8315 355.085 5
2 2 861.563 954.019 5
2 3 444.217 553.301 6
2 4 796.042 796.519 5
2 7 476.864 203.976 8
2 9 954.573 785.053 5
2 11 946.1 432.995 3
2 12 83.0742 601.487 4
2 14 247.619 698.637 4
2 20 237.167 707.298 4
2 21 583.448 609.201 6
2 24 20.0806 62.8968 1
2 25 196.656 613.862 4
2 27 828.34 584.111 3
2 31 489.418 957.946 2
2 32 817.106 281.12 7
2 33 332.771 466.52 4
2 37 445.404 306.86 8
2 45 931.464 198.146 7
2 49 511.528 60.4103 8
2 50 232.874 327.742 1
2 53 25.7158 384.711 1
2 59 547.886 870.165 2
2 65 599.164 587.5 6
2 73 672.67 141.516 8
2 78 370.272 274.581 1
2 79 789.206 738.168 5
2 80 800.35 158.589 7
2 85 972.905 220.419 7
2 86 40.56 259.589 1
2 87 192.47 292.712 1
2 89 316.686 311.822 1
2 96 628.285 197.058 8
2 97 1.94865 712.335 4
2 99 580.371 933.465 2
2 102 659.297 693.415 6
2 104 801.207 327.664 3
2 105 755.117 581.702 3
2 107 607.71 673.196 6
2 111 615.258 416.034 3
2 112 433.068 854.106 2
2 113 226.997 149.199 1
2 117 207.262 753.08 4
2 118 127.313 986.134 2
2 119 245.176 595.849 4
2 127 476.331 253.181 8
2 128 232.085 588.069 4
2 129 439.629 819.344 2
2 131 659.332 989.174 5
2 143 882.698 149.994 7
2 144 429.87 229.253 8
2 149 875.589 251.226 7
2 154 156.372 445.891 1
2 158 217.245 20.1127 1
2 159 165.471 811.813 4
2 161 310.765 220.815 1
2 164 257.714 332.927 1
2 172 104.725 588.78 4
2 177 262.003 425.604 1
2 181 615.069 4.82106 8
2 184 153.897 253.897 1
2 187 701.018 43.4543 8
2 194 756.586 917.899 5
2 195 172.306 772.747 4
2 197 904.883 126.216 7
2 198 87.5416 389.28 1
2 202 486.743 625.481 6
2 203 372.177 77.9249 8
2 206 879.339 967.331 5
2 215 228.193 537.552 4
2 216 645.769 36.6176 8
2 218 680.574 156.194 8
2 220 963.481 584.969 3
2 221 312.678 611.344 4
2 223 518.363 989.629 2
2 225 762.214 751.456 5
2 230 814.209 436.493 3
2 231 291.053 292.049 1
2 235 175.856 408.861 1
2 236 344.656 388.185 1
2 238 491.148 328.614 8
2 241 980.725 735.09 5
2 244 543.707 996.057 2
2 246 256.513 606.643 4
2 251 203.288 280.22 1
2 252 325.896 907.59 2
2 257 327.353 384.372 1
2 262 176.023 365.196 1
2 266 746.32 56.0444 7
2 270 231.083 960.553 2
2 271 683.546 930.491 5
2 272 431.006 685.786 6
2 274 452.184 663.382 6
2 286 273.595 173.028 1
2 288 6.42906 353.95 1
2 292 509.984 834.341 2
2 293 890.36 307.257 7
2 295 473.917 22.3053 8
2 296 868.559 484.797 3
2 300 236.206 683.44 4
2 301 974.766 171.802 7
2 304 561.254 14.0532 8
2 305 33.0116 545.758 4
2 307 197.287 1.98716 1
2 309 747.866 360.265 3
2 317 818.496 388.539 3
2 319 344.937 837.515 2
2 327 189.042 621.271 4
2 328 500.418 885.256 2
2 335 225.447 556.169 4
2 340 257.615 814.539 4
2 349 407.053 857.824 2
2 350 957.659 25.5349 7
2 351 534.254 449.898 6
2 353 609.907 714.945 6
2 365 214.744 82.1886 1
2 366 560.439 622.937 6
2 369 760.5 411.841 3
2 371 995.853 234.577 7
2 372 918.947 876.684 5
2 375 961.419 413.034 3
2 377 827.455 580.479 3
2 381 738.931 820.767 5
2 382 274.222 258.428 1
2 384 592.712 764.167 6
2 385 724.782 471.166 3
2 386 778.131 902.453 5
2 388 26.8873 163.883 1
2 390 165.76 712.313 4
2 391 256.231 126.549 1
2 392 927.385 899.534 5
2 393 524.925 53.7248 8
2 395 367.23 863.354 2
3 5 88.9064 838.954 2
3 13 861.254 754.12 5
3 17 563.237 20.7366 4
3 26 913.249 428.902 1
3 38 306.696 552.626 7
3 40 156.444 178.995 3
3 42 963.235 442.629 1
3 43 460.829 255.503 4
3 44 385.534 487.846 7
3 51 870.562 747.862 5
3 52 126.307 27.0835 3
3 55 421.545 669.856 6
3 57 30.6059 881.315 2
3 64 171.854 111.942 3
3 68 267.929 788.352 2
3 71 186.101 903.489 2
3 74 795.061 496.701 1
3 81 748.357 537.031 1
3 83 148.737 95.1072 3
3 88 24.0393 509.808 7
3 91 525.118 681.256 6
3 92 835.669 882.708 5
3 95 653.011 671.869 6
3 98 730.64 446.995 1
3 100 377.453 863.505 6
3 101 258.125 251.372 3
3 108 569.788 359.946 1
3 109 505.772 795.094 6
3 110 692.786 475.055 1
3 115 756.359 997.073 5
3 116 175.187 551.629 7
3 121 618.453 808.454 6
3 122 284.623 905.817 2
3 124 942.046 733.577 5
3 125 923.029 410.17 1
3 126 153.759 230.999 3
3 132 475.22 422.92 7
3 133 734.709 76.166 8
3 134 844.594 856.238 5
3 137 901.1 207.153 8
3 142 725.65 402.263 1
3 145 980.879 821.977 5
3 146 578.122 545.104 1
3 147 541.69 818.375 6
3 148 509.211 164.053 4
3 151 485.894 5.4797 4
3 153 167.243 943.593 2
3 155 267.979 69.0196 3
3 160 381.612 457.549 7
3 162 2.19756 25.8493 3
3 163 135.318 579.262 7
3 165 678.108 546.502 1
3 166 176.011 611.721 7
3 167 560.389 331.015 4
3 173 64.3447 87.0233 3
3 174 417.205 194.188 4
3 178 669.764 662.314 6
3 179 420.178 34.4287 4
3 180 424.972 239.973 4
3 182 967.473 235.618 8
3 183 180.64 963.276 2
3 186 23.8826 240.295 3
3 188 951.537 792.325 5
3 191 331.085 8.82753 4
3 192 547.387 204.852 4
3 200 417.302 581.199 7
3 201 205.641 477.219 7
3 204 117.937 480.467 7
3 208 636.977 852.552 6
3 209 382.491 96.1738 4
3 210 134.598 416.191 7
3 211 759.957 814.02 5
3 213 244.594 473.987 7
3 214 642.573 589.53 1
3 217 881.955 436.361 1
3 224 272.482 202.425 3
3 228 399.475 192.268 4
3 229 32.4988 938.751 2
3 232 607.013 13.6116 4
3 233 92.7453 433.967 7
3 237 227.183 343.604 7
3 240 789.06 180.381 8
3 243 195.262 304.483 3
3 247 805.435 372.793 1
3 249 818.209 629.891 5
3 255 374.105 494.356 7
3 256 599.164 619.972 6
3 258 360.033 175.038 4
3 259 809.911 758.316 5
3 261 934.248 685.015 5
3 263 606.972 355.066 1
3 264 667.645 810.279 6
3 265 852.864 824.65 5
3 268 818.774 606.902 1
3 269 746.616 491.772 1
3 273 709.83 561.077 1
3 276 886.343 4.94442 8
3 281 178.085 519.553 7
3 282 988.743 256.46 8
3 283 114.258 377.412 7
3 289 540.007 528.659 1
3 291 995.164 77.7478 8
3 294 304.468 535.688 7
3 298 616.789 748.507 6
3 302 732.088 320.501 1
3 303 334.192 594.83 7
3 306 451.636 797.971 6
3 308 236.339 400.124 7
3 310 430.779 816.476 6
3 313 754.786 929.344 5
3 314 257.178 178.95 3
3 316 109.638 555.178 7
3 323 826.839 234.883 8
3 332 752.455 173.084 8
3 334 494.045 199.61 4
3 336 782.186 687.569 5
3 338 463.399 711.7 6
3 339 99.6077 192.347 3
3 342 172.907 173.232 3
3 343 483.206 814.332 6
3 344 537.144 893.849 6
3 345 2.99018 973.272 2
3 346 286.889 436.077 7
3 347 34.4571 282.052 3
3 352 891.084 771.611 5
3 357 517.93 649.464 6
3 359 603.56 723.736 6
3 360 910.373 948.618 5
3 362 548.665 952.849 6
3 363 779.11 99.0186 8
3 368 90.496 16.7955 3
3 373 989.579 47.3211 8
3 376 825.413 709.361 5
3 380 109.524 120.779 3
