0 1 435.841 587.522 5
0 2 602.539 801.704 3
0 3 861.563 954.019 3
0 4 444.217 553.301 5
0 5 796.042 796.519 3
0 6 88.9064 838.954 8
0 7 233.569 850.798 8
0 8 476.864 203.976 7
0 9 406.271 601.839 5
0 10 954.573 785.053 3
0 11 593.326 968.644 3
0 12 946.1 432.995 4
0 13 83.0742 601.487 2
0 14 861.254 754.12 3
0 15 247.619 698.637 2
0 16 963.227 965.824 3
0 17 125.872 536.987 2
0 18 563.237 20.7366 7
0 19 55.259 619.092 2
0 20 691.414 576.653 4
0 21 237.167 707.298 2
0 22 583.448 609.201 5
0 23 404.171 942.218 5
0 24 15.771 614.642 2
0 25 20.0806 62.8968 6
0 26 196.656 613.862 2
0 27 913.249 428.902 4
0 28 828.34 584.111 4
0 29 49.6047 40.6059 6
0 30 271.361 736.904 5
0 31 979.153 716.97 3
0 32 489.418 957.946 5
0 33 817.106 281.12 1
0 34 332.771 466.52 2
0 35 278.353 945.623 5
0 36 168.54 974.806 8
0 37 806.139 537.748 4
0 38 445.404 306.86 7
0 39 306.696 552.626 2
0 40 555.492 359.315 7
0 41 156.444 178.995 6
0 42 140.141 704.084 8
0 43 963.235 442.629 4
0 44 460.829 255.503 7
0 45 385.534 487.846 2
0 46 931.464 198.146 1
0 47 279.893 896.021 5
0 48 331.283 923.481 5
0 49 33.5356 889.86 8
0 50 511.528 60.4103 7
0 51 232.874 327.742 6
0 52 870.562 747.862 3
0 53 126.307 27.0835 6
0 54 25.7158 384.711 6
0 55 550.99 317.71 7
0 56 421.545 669.856 5
0 57 699.395 641.832 4
0 58 30.6059 881.315 8
0 59 486.626 987.924 5
0 60 547.886 870.165 5
0 61 764.19 227.841 1
0 62 489.34 885.471 5
0 63 908.764 483.318 4
0 64 195.225 821.483 8
0 65 171.854 111.942 6
0 66 599.164 587.5 5
0 67 132.524 507.626 2
0 68 327.208 868.8 5
0 69 267.929 788.352 8
0 70 792.919 136.517 1
0 71 156.993 187.479 6
0 72 186.101 903.489 8
0 73 745.996 818.744 3
0 74 672.67 141.516 7
0 75 795.061 496.701 4
0 76 298.827 796.84 5
0 77 91.6001 378.018 2
0 78 917.898 105.225 1
0 79 370.272 274.581 6
0 80 789.206 738.168 3
0 81 800.35 158.589 1
0 82 748.357 537.031 4
0 83 486.979 88.5907 7
0 84 148.737 95.1072 6
0 85 231.984 10.131 6
0 86 972.905 220.419 1
0 87 40.56 259.589 6
0 88 192.47 292.712 6
0 89 24.0393 509.808 2
0 90 316.686 311.822 6
0 91 494.944 163.27 7
0 92 525.118 681.256 5
0 93 835.669 882.708 3
0 94 775.205 181.054 1
0 95 109.477 27.3525 6
0 96 653.011 671.869 5
0 97 628.285 197.058 7
0 98 1.94865 712.335 2
0 99 730.64 446.995 4
0 100 580.371 933.465 5
0 101 377.453 863.505 5
0 102 258.125 251.372 6
0 103 659.297 693.415 5
0 104 700.979 439.308 4
0 105 801.207 327.664 4
0 106 755.117 581.702 4
0 107 168.354 774.785 8
0 108 607.71 673.196 5
0 109 569.788 359.946 4
0 110 505.772 795.094 5
0 111 692.786 475.055 4
0 112 615.258 416.034 4
0 113 433.068 854.106 5
0 114 226.997 149.199 6
0 115 326.41 615.676 5
0 116 756.359 997.073 3
0 117 175.187 551.629 2
0 118 207.262 753.08 2
0 119 127.313 986.134 5
0 120 245.176 595.849 2
0 121 368.488 322.474 7
0 122 618.453 808.454 5
0 123 284.623 905.817 8
0 124 347.487 932.543 5
0 125 942.046 733.577 3
0 126 923.029 410.17 4
0 127 153.759 230.999 6
0 128 476.331 253.181 7
0 129 232.085 588.069 2
0 130 439.629 819.344 5
0 131 959.404 382.332 4
0 132 659.332 989.174 3
0 133 475.22 422.92 2
0 134 734.709 76.166 1
0 135 844.594 856.238 3
0 136 10.2508 829.527 8
0 137 359.094 688.825 5
0 138 901.1 207.153 1
0 139 607.208 778.844 3
0 140 682.389 84.7105 1
0 141 840.931 757.357 3
0 142 449.959 883.516 5
0 143 725.65 402.263 4
0 144 882.698 149.994 1
0 145 429.87 229.253 7
0 146 980.879 821.977 3
0 147 578.122 545.104 4
0 148 541.69 818.375 5
0 149 509.211 164.053 7
0 150 875.589 251.226 1
0 151 101.219 820.45 8
0 152 485.894 5.4797 7
0 153 134 228.874 6
0 154 167.243 943.593 8
0 155 156.372 445.891 6
0 156 267.979 69.0196 6
0 157 476.475 711.843 5
0 158 456.946 809.262 5
0 159 217.245 20.1127 6
0 160 165.471 811.813 2
0 161 381.612 457.549 2
0 162 310.765 220.815 6
0 163 2.19756 25.8493 6
0 164 135.318 579.262 2
0 165 257.714 332.927 6
0 166 678.108 546.502 4
0 167 176.011 611.721 2
0 168 560.389 331.015 7
0 169 416.783 521.535 7
0 170 852.354 420.312 4
0 171 850.689 321.301 1
0 172 745.771 57.0821 1
0 173 104.725 588.78 2
0 174 64.3447 87.0233 6
0 175 417.205 194.188 7
0 176 884.474 559.131 4
0 177 868.707 180.065 1
0 178 262.003 425.604 6
0 179 669.764 662.314 5
0 180 420.178 34.4287 7
0 181 424.972 239.973 7
0 182 615.069 4.82106 7
0 183 967.473 235.618 1
0 184 180.64 963.276 8
0 185 153.897 253.897 6
0 186 138.308 544.775 2
0 187 23.8826 240.295 6
0 188 701.018 43.4543 7
0 189 951.537 792.325 3
0 190 190.116 9.77048 6
0 191 347.579 997.518 5
0 192 331.085 8.82753 7
0 193 547.387 204.852 7
0 194 776.794 291.288 1
0 195 756.586 917.899 3
0 196 172.306 772.747 2
0 197 85.7052 33.6732 6
0 198 904.883 126.216 1
0 199 87.5416 389.28 6
0 200 21.9732 102.51 6
0 201 417.302 581.199 2
0 202 205.641 477.219 2
0 203 486.743 625.481 5
0 204 372.177 77.9249 7
0 205 117.937 480.467 2
0 206 295.533 923.189 5
0 207 879.339 967.331 3
0 208 889.914 107.701 1
0 209 636.977 852.552 5
0 210 382.491 96.1738 7
0 211 134.598 416.191 2
0 212 759.957 814.02 3
0 213 44.5069 940.863 8
0 214 244.594 473.987 2
0 215 642.573 589.53 4
0 216 228.193 537.552 2
0 217 645.769 36.6176 7
0 218 881.955 436.361 4
0 219 680.574 156.194 7
0 220 811.997 466.21 4
0 221 963.481 584.969 4
0 222 312.678 611.344 2
0 223 853.959 621.638 4
0 224 518.363 989.629 5
0 225 272.482 202.425 6
0 226 762.214 751.456 3
0 227 648.783 603.79 4
0 228 783.667 742.083 3
0 229 399.475 192.268 7
0 230 32.4988 938.751 8
0 231 814.209 436.493 4
0 232 291.053 292.049 6
0 233 607.013 13.6116 7
0 234 92.7453 433.967 2
0 235 769.072 182.917 1
0 236 175.856 408.861 6
0 237 344.656 388.185 6
0 238 227.183 343.604 2
0 239 491.148 328.614 7
0 240 25.5217 669.796 2
0 241 789.06 180.381 1
0 242 980.725 735.09 3
0 243 58.1823 207.452 6
0 244 195.262 304.483 6
0 245 543.707 996.057 5
0 246 557.17 378.511 7
0 247 256.513 606.643 2
0 248 805.435 372.793 4
0 249 462.037 417.062 7
0 250 818.209 629.891 3
0 251 415.46 823.742 5
0 252 203.288 280.22 6
0 253 325.896 907.59 5
0 254 512.472 906.526 5
0 255 826.909 802.719 3
0 256 374.105 494.356 2
0 257 599.164 619.972 5
0 258 327.353 384.372 6
0 259 360.033 175.038 7
0 260 809.911 758.316 3
0 261 260.672 213.383 6
0 262 934.248 685.015 3
0 263 176.023 365.196 6
0 264 606.972 355.066 4
0 265 667.645 810.279 5
0 266 852.864 824.65 3
0 267 746.32 56.0444 1
0 268 93.5555 531.101 2
0 269 818.774 606.902 4
0 270 746.616 491.772 4
0 271 231.083 960.553 5
0 272 683.546 930.491 3
0 273 431.006 685.786 5
0 274 709.83 561.077 4
0 275 452.184 663.382 5
0 276 384.806 812.568 5
0 277 886.343 4.94442 1
0 278 52.5835 271.001 6
0 279 152.733 951.553 8
0 280 808.889 763.527 3
0 281 775.352 780.347 3
0 282 178.085 519.553 2
0 283 988.743 256.46 1
0 284 114.258 377.412 2
0 285 236.126 494.214 2
0 286 314.339 438.079 2
0 287 273.595 173.028 6
0 288 49.9968 742.733 8
0 289 6.42906 353.95 6
0 290 540.007 528.659 4
0 291 786.058 432.582 4
0 292 995.164 77.7478 1
0 293 509.984 834.341 5
0 294 890.36 307.257 1
0 295 304.468 535.688 2
0 296 473.917 22.3053 7
0 297 868.559 484.797 4
0 298 91.7265 661.356 2
0 299 616.789 748.507 5
0 300 414.131 748.199 5
0 301 236.206 683.44 2
0 302 974.766 171.802 1
0 303 732.088 320.501 4
0 304 334.192 594.83 2
0 305 561.254 14.0532 7
0 306 33.0116 545.758 2
0 307 451.636 797.971 5
0 308 197.287 1.98716 6
0 309 236.339 400.124 2
0 310 747.866 360.265 4
0 311 430.779 816.476 5
0 312 21.823 256.845 6
0 313 344.638 230.393 7
0 314 754.786 929.344 3
0 315 257.178 178.95 6
0 316 233.293 789.181 8
0 317 109.638 555.178 2
0 318 818.496 388.539 4
0 319 438.962 136.901 7
0 320 344.937 837.515 5
0 321 920.634 460.336 4
0 322 950.473 33.9817 1
0 323 123.803 911.149 8
0 324 826.839 234.883 1
0 325 967.716 166.523 1
0 326 763.859 558.636 4
0 327 477.087 834.773 5
0 328 189.042 621.271 2
0 329 500.418 885.256 5
0 330 807.777 879.354 3
0 331 6.13562 122.624 6
0 332 680.526 979.535 3
0 333 752.455 173.084 1
0 334 740.572 359.87 4
0 335 494.045 199.61 7
0 336 225.447 556.169 2
0 337 782.186 687.569 3
0 338 559.929 171.432 7
0 339 463.399 711.7 5
0 340 99.6077 192.347 6
0 341 257.615 814.539 2
0 342 42.8894 926.489 8
0 343 172.907 173.232 6
0 344 483.206 814.332 5
0 345 537.144 893.849 5
0 346 2.99018 973.272 8
0 347 286.889 436.077 2
0 348 34.4571 282.052 6
0 349 382.173 228.74 7
0 350 407.053 857.824 5
0 351 957.659 25.5349 1
0 352 534.254 449.898 5
0 353 891.084 771.611 3
0 354 609.907 714.945 5
0 355 800.506 368.529 4
0 356 6.5945 196.999 6
0 357 122.621 436.923 2
0 358 517.93 649.464 5
0 359 235.387 41.3129 6
0 360 603.56 723.736 5
0 361 910.373 948.618 3
0 362 498.328 926.571 5
0 363 548.665 952.849 5
0 364 779.11 99.0186 1
0 365 582.097 75.6071 7
0 366 214.744 82.1886 6
0 367 560.439 622.937 5
0 368 693.672 555.594 4
0 369 90.496 16.7955 6
0 370 760.5 411.841 4
0 371 626.521 526.724 4
0 372 995.853 234.577 1
0 373 918.947 876.684 3
0 374 989.579 47.3211 1
0 375 377.688 314.408 7
0 376 961.419 413.034 4
0 377 825.413 709.361 3
0 378 827.455 580.479 4
0 379 35.7801 990.366 8
0 380 620.154 281.819 7
0 381 109.524 120.779 6
0 382 738.931 820.767 3
0 383 274.222 258.428 6
0 384 82.5408 643.565 2
0 385 592.712 764.167 5
0 386 724.782 471.166 4
0 387 778.131 902.453 3
0 388 885.712 666.382 4
0 389 26.8873 163.883 6
0 390 741.314 972.935 3
0 391 165.76 712.313 2
0 392 256.231 126.549 6
0 393 927.385 899.534 3
0 394 524.925 53.7248 7
0 395 72.1925 423.799 2
0 396 367.23 863.354 5
0 397 349.224 799.328 5
0 398 127.116 42.9147 6
0 399 587.637 139.566 7
0 400 22.8315 355.085 2
