1 323 826.839 234.883 2
1 240 789.06 180.381 2
1 176 868.707 180.065 2
1 60 764.19 227.841 2
1 93 775.205 181.054 2
1 149 875.589 251.226 2
1 32 817.106 281.12 2
1 80 800.35 158.589 2
1 234 769.072 182.917 2
1 137 901.1 207.153 2
1 332 752.455 173.084 2
1 69 792.919 136.517 2
1 193 776.794 291.288 2
1 143 882.698 149.994 2
1 170 850.689 321.301 2
1 45 931.464 198.146 2
1 293 890.36 307.257 2
1 104 801.207 327.664 2
1 197 904.883 126.216 2
1 363 779.11 99.0186 2
1 207 889.914 107.701 2
1 182 967.473 235.618 2
1 224 272.482 202.425 3
1 260 260.672 213.383 3
1 161 310.765 220.815 3
1 382 274.222 258.428 3
1 101 258.125 251.372 3
1 314 257.178 178.95 3
1 286 273.595 173.028 3
1 312 344.638 230.393 3
1 231 291.053 292.049 3
1 258 360.033 175.038 3
1 113 226.997 149.199 3
1 89 316.686 311.822 3
1 251 203.288 280.22 3
1 348 382.173 228.74 3
1 391 256.231 126.549 3
1 78 370.272 274.581 3
1 164 257.714 332.927 3
1 87 192.47 292.712 3
1 50 232.874 327.742 3
1 243 195.262 304.483 3
1 342 172.907 173.232 3
1 228 399.475 192.268 3
1 126 153.759 230.999 3
1 70 156.993 187.479 3
1 120 368.488 322.474 3
1 237 227.183 343.604 3
1 374 377.688 314.408 3
1 184 153.897 253.897 3
1 40 156.444 178.995 3
1 174 417.205 194.188 3
1 180 424.972 239.973 3
1 144 429.87 229.253 3
1 152 134 228.874 3
1 155 267.979 69.0196 3
1 365 214.744 82.1886 3
1 64 171.854 111.942 3
1 209 382.491 96.1738 3
1 336 782.186 687.569 4
1 376 825.413 709.361 4
1 79 789.206 738.168 4
1 227 783.667 742.083 4
1 249 818.209 629.891 4
1 225 762.214 751.456 4
1 259 809.911 758.316 4
1 268 818.774 606.902 4
1 279 808.889 763.527 4
1 222 853.959 621.638 4
1 56 699.395 641.832 4
1 140 840.931 757.357 4
1 280 775.352 780.347 4
1 105 755.117 581.702 4
1 387 885.712 666.382 4
1 27 828.34 584.111 4
1 13 861.254 754.12 4
1 377 827.455 580.479 4
1 51 870.562 747.862 4
1 178 669.764 662.314 4
1 4 796.042 796.519 4
1 325 763.859 558.636 4
1 254 826.909 802.719 4
1 211 759.957 814.02 4
1 19 691.414 576.653 4
1 273 709.83 561.077 4
1 352 891.084 771.611 4
1 327 189.042 621.271 1
1 41 140.141 704.084 1
1 166 176.011 611.721 1
1 390 165.76 712.313 1
1 25 196.656 613.862 1
1 297 91.7265 661.356 1
1 383 82.5408 643.565 1
1 300 236.206 683.44 1
1 163 135.318 579.262 1
1 172 104.725 588.78 1
1 20 237.167 707.298 1
1 14 247.619 698.637 1
1 12 83.0742 601.487 1
1 128 232.085 588.069 1
1 119 245.176 595.849 1
1 116 175.187 551.629 1
1 246 256.513 606.643 1
1 18 55.259 619.092 1
1 316 109.638 555.178 1
1 185 138.308 544.775 1
1 335 225.447 556.169 1
1 16 125.872 536.987 1
1 239 25.5217 669.796 1
1 29 271.361 736.904 1
1 129 439.629 819.344 5
1 157 456.946 809.262 5
1 310 430.779 816.476 5
1 306 451.636 797.971 5
1 326 477.087 834.773 5
1 250 415.46 823.742 5
1 343 483.206 814.332 5
1 112 433.068 854.106 5
1 349 407.053 857.824 5
1 141 449.959 883.516 5
1 109 505.772 795.094 5
1 275 384.806 812.568 5
1 292 509.984 834.341 5
1 61 489.34 885.471 5
1 299 414.131 748.199 5
1 100 377.453 863.505 5
1 328 500.418 885.256 5
1 395 367.23 863.354 5
1 147 541.69 818.375 5
1 396 349.224 799.328 5
1 319 344.937 837.515 5
1 253 512.472 906.526 5
1 338 463.399 711.7 5
1 59 547.886 870.165 5
1 156 476.475 711.843 5
1 344 537.144 893.849 5
2 77 917.898 105.225 4
2 85 972.905 220.419 4
2 354 800.506 368.529 4
2 324 967.716 166.523 4
2 247 805.435 372.793 4
2 218 680.574 156.194 4
2 301 974.766 171.802 4
2 282 988.743 256.46 4
2 73 672.67 141.516 4
2 317 818.496 388.539 4
2 371 995.853 234.577 4
2 171 745.771 57.0821 4
2 266 746.32 56.0444 4
2 139 682.389 84.7105 4
2 96 628.285 197.058 4
2 169 852.354 420.312 4
2 130 959.404 382.332 4
2 187 701.018 43.4543 4
2 125 923.029 410.17 4
2 230 814.209 436.493 4
2 291 995.164 77.7478 4
2 257 327.353 384.372 5
2 203 372.177 77.9249 2
2 236 344.656 388.185 5
2 318 438.962 136.901 2
2 43 460.829 255.503 2
2 308 236.339 400.124 5
2 37 445.404 306.86 2
2 339 99.6077 192.347 2
2 83 148.737 95.1072 2
2 358 235.387 41.3129 2
2 7 476.864 203.976 2
2 127 476.331 253.181 2
2 380 109.524 120.779 2
2 346 286.889 436.077 5
2 235 175.856 408.861 5
2 334 494.045 199.61 2
2 158 217.245 20.1127 2
2 285 314.339 438.079 5
2 84 231.984 10.131 2
2 191 331.085 8.82753 2
2 90 494.944 163.27 2
2 242 58.1823 207.452 2
2 189 190.116 9.77048 2
2 238 491.148 328.614 2
2 277 52.5835 271.001 5
2 179 420.178 34.4287 2
2 148 509.211 164.053 2
2 307 197.287 1.98716 2
2 397 127.116 42.9147 2
2 86 40.56 259.589 5
2 82 486.979 88.5907 2
2 33 332.771 466.52 5
2 52 126.307 27.0835 2
2 213 244.594 473.987 5
2 160 381.612 457.549 5
2 347 34.4571 282.052 5
2 72 745.996 818.744 3
2 36 806.139 537.748 3
2 381 738.931 820.767 3
2 81 748.357 537.031 3
2 261 934.248 685.015 3
2 367 693.672 555.594 3
2 226 648.783 603.79 3
2 175 884.474 559.131 3
2 265 852.864 824.65 3
2 124 942.046 733.577 3
2 214 642.573 589.53 3
2 165 678.108 546.502 3
2 264 667.645 810.279 3
2 74 795.061 496.701 3
2 134 844.594 856.238 3
2 269 746.616 491.772 3
2 30 979.153 716.97 3
2 329 807.777 879.354 3
2 9 954.573 785.053 3
2 188 951.537 792.325 3
2 220 963.481 584.969 3
2 241 980.725 735.09 3
2 65 599.164 587.5 3
2 92 835.669 882.708 3
2 121 618.453 808.454 3
2 385 724.782 471.166 3
2 370 626.521 526.724 3
2 287 49.9968 742.733 5
2 215 228.193 537.552 5
2 281 178.085 519.553 5
2 267 93.5555 531.101 5
2 23 15.771 614.642 5
2 66 132.524 507.626 5
2 221 312.678 611.344 5
2 97 1.94865 712.335 5
2 305 33.0116 545.758 5
2 150 101.219 820.45 1
2 114 326.41 615.676 5
2 38 306.696 552.626 5
2 204 117.937 480.467 5
2 303 334.192 594.83 5
2 294 304.468 535.688 5
2 5 88.9064 838.954 1
2 136 359.094 688.825 1
2 88 24.0393 509.808 5
2 356 122.621 436.923 5
2 135 10.2508 829.527 1
2 233 92.7453 433.967 5
2 210 134.598 416.191 5
2 71 186.101 903.489 1
2 394 72.1925 423.799 5
2 361 498.328 926.571 1
2 22 404.171 942.218 1
2 67 327.208 868.8 1
2 272 431.006 685.786 1
2 31 489.418 957.946 1
2 252 325.896 907.59 1
2 123 347.487 932.543 1
2 75 298.827 796.84 1
2 55 421.545 669.856 1
2 384 592.712 764.167 3
2 47 331.283 923.481 1
2 1 602.539 801.704 3
2 274 452.184 663.382 1
2 91 525.118 681.256 3
2 138 607.208 778.844 3
2 362 548.665 952.849 1
2 58 486.626 987.924 1
2 99 580.371 933.465 1
2 68 267.929 788.352 1
2 223 518.363 989.629 1
2 359 603.56 723.736 3
2 298 616.789 748.507 3
2 205 295.533 923.189 1
2 46 279.893 896.021 1
2 122 284.623 905.817 1
3 276 886.343 4.94442 5
3 321 950.473 33.9817 5
3 217 881.955 436.361 1
3 26 913.249 428.902 1
3 350 957.659 25.5349 5
3 373 989.579 47.3211 5
3 375 961.419 413.034 1
3 11 946.1 432.995 1
3 219 811.997 466.21 1
3 398 587.637 139.566 5
3 216 645.769 36.6176 5
3 320 920.634 460.336 1
3 42 963.235 442.629 1
3 337 559.929 171.432 5
3 296 868.559 484.797 1
3 62 908.764 483.318 1
3 364 582.097 75.6071 5
3 232 607.013 13.6116 5
3 181 615.069 4.82106 5
3 17 563.237 20.7366 5
3 304 561.254 14.0532 5
3 154 156.372 445.891 4
3 173 64.3447 87.0233 4
3 186 23.8826 240.295 4
3 94 109.477 27.3525 4
3 388 26.8873 163.883 4
3 311 21.823 256.845 4
3 248 462.037 417.062 1
3 201 205.641 477.219 4
3 192 547.387 204.852 5
3 196 85.7052 33.6732 4
3 284 236.126 494.214 4
3 355 6.5945 196.999 4
3 132 475.22 422.92 1
3 295 473.917 22.3053 5
3 49 511.528 60.4103 5
3 368 90.496 16.7955 4
3 44 385.534 487.846 1
3 54 550.99 317.71 1
3 255 374.105 494.356 1
3 199 21.9732 102.51 4
3 399 22.8315 355.085 4
3 330 6.13562 122.624 4
3 28 49.6047 40.6059 4
3 393 524.925 53.7248 5
3 167 560.389 331.015 1
3 151 485.894 5.4797 5
3 53 25.7158 384.711 4
3 288 6.42906 353.95 4
3 39 555.492 359.315 1
3 24 20.0806 62.8968 4
3 245 557.17 378.511 1
3 108 569.788 359.946 1
3 162 2.19756 25.8493 4
3 379 620.154 281.819 1
3 263 606.972 355.066 1
3 133 734.709 76.166 5
3 386 778.131 902.453 3
3 110 692.786 475.055 1
3 208 636.977 852.552 3
3 372 918.947 876.684 3
3 194 756.586 917.899 3
3 98 730.64 446.995 1
3 145 980.879 821.977 3
3 146 578.122 545.104 1
3 290 786.058 432.582 1
3 313 754.786 929.344 3
3 103 700.979 439.308 1
3 392 927.385 899.534 3
3 369 760.5 411.841 1
3 2 861.563 954.019 3
3 142 725.65 402.263 1
3 289 540.007 528.659 1
3 389 741.314 972.935 3
3 360 910.373 948.618 3
3 206 879.339 967.331 3
3 111 615.258 416.034 1
3 115 756.359 997.073 3
3 309 747.866 360.265 1
3 333 740.572 359.87 1
3 15 963.227 965.824 3
3 351 534.254 449.898 1
3 302 732.088 320.501 1
3 8 406.271 601.839 1
3 322 123.803 911.149 2
3 177 262.003 425.604 4
3 57 30.6059 881.315 2
3 48 33.5356 889.86 2
3 200 417.302 581.199 1
3 198 87.5416 389.28 4
3 153 167.243 943.593 2
3 283 114.258 377.412 4
3 76 91.6001 378.018 4
3 168 416.783 521.535 1
3 341 42.8894 926.489 2
3 278 152.733 951.553 2
3 262 176.023 365.196 4
3 3 444.217 553.301 1
3 212 44.5069 940.863 2
3 183 180.64 963.276 2
3 229 32.4988 938.751 2
3 270 231.083 960.553 2
3 35 168.54 974.806 2
3 118 127.313 986.134 2
3 345 2.99018 973.272 2
3 378 35.7801 990.366 2
3 357 517.93 649.464 1
3 340 257.615 814.539 2
3 353 609.907 714.945 1
3 202 486.743 625.481 1
3 244 543.707 996.057 3
3 190 347.579 997.518 2
3 10 593.326 968.644 3
3 34 278.353 945.623 2
3 6 233.569 850.798 2
3 315 233.293 789.181 2
3 107 607.71 673.196 1
3 366 560.439 622.937 1
3 0 435.841 587.522 1
3 102 659.297 693.415 1
3 117 207.262 753.08 2
3 21 583.448 609.201 1
3 256 599.164 619.972 1
3 63 195.225 821.483 2
3 95 653.011 671.869 1
3 271 683.546 930.491 3
3 131 659.332 989.174 3
3 195 172.306 772.747 2
3 331 680.526 979.535 3
3 159 165.471 811.813 2
3 106 168.354 774.785 2
