1 105 146.539 39.4232 2
1 70 117.862 112.98 2
1 43 138.244 137.168 2
1 44 91.5848 110.02 2
1 12 192.407 20.4394 2
1 127 70.2723 77.9227 2
1 126 608.426 222.542 3
1 68 630.923 230.343 3
1 60 661.559 217.046 3
1 35 659.912 226.628 3
1 129 635.497 133.323 3
1 10 697.388 180.396 3
1 132 278.871 299.931 6
1 15 246.928 322.461 6
1 14 240.825 281.514 6
1 76 315.293 273.228 6
1 58 224.318 312.468 6
1 121 299.481 251.83 6
1 4 143.061 631.72 9
1 106 101.869 635.099 9
1 99 176.594 648.524 9
1 1 612.176 494.317 8
1 28 571.219 530.262 8
1 18 633.392 534.94 8
1 36 639.031 467.23 8
1 80 530.732 504.067 8
1 85 559.016 560.887 8
1 109 537.466 472.584 8
1 107 588.197 580.595 8
1 128 398.23 119.558 10
1 143 352.314 140.327 10
1 26 397.559 74.7588 10
1 40 494.859 148.122 10
1 48 334.351 153.797 10
1 146 334.275 152.149 10
1 45 390.697 423.977 5
1 53 358.917 404.467 5
1 91 350.425 420.653 5
1 137 398.55 392.649 5
1 89 396.774 460.756 5
1 133 381.654 360.334 5
1 124 56.02 243.066 4
1 148 48.0798 270.968 4
1 61 43.6892 305.472 4
1 21 17.3633 240.241 4
1 29 104.653 482.822 1
1 62 79.4653 445.964 1
1 83 118.663 508.713 1
1 88 141.451 485.248 1
1 95 144.6 457.422 1
1 7 141.488 504.818 1
1 33 58.7767 507.171 1
1 6 112.748 529.418 1
1 64 432.264 629.409 7
1 54 486.465 593.043 7
1 131 484.803 677.073 7
1 57 498.807 576.21 7
2 63 210.416 130.715 1
2 90 87.7495 19.617 8
2 111 239.905 102.63 1
2 67 59.4163 40.128 8
2 114 97.7359 157.456 8
2 117 594.405 275.874 5
2 147 690.966 134.579 3
2 23 565.785 282.386 5
2 59 595.836 81.813 3
2 65 623.249 69.1893 3
2 77 220.704 270.082 1
2 110 269.367 367.476 4
2 13 282.787 229.8 1
2 79 271.504 225.292 1
2 104 283.005 376.444 4
2 94 72.633 645.785 2
2 142 193.661 669.743 2
2 98 656.694 558.111 10
2 41 629.998 433.455 7
2 46 565.162 429.16 7
2 8 661.051 445.938 7
2 119 598.416 414.556 7
2 69 579.327 601.036 10
2 134 557.607 595.319 10
2 113 658.913 583.958 10
2 37 415.026 233.305 5
2 22 397.559 231.359 5
2 100 500.383 198.743 5
2 30 356.71 67.6477 1
2 144 308.435 115.205 1
2 32 282.304 426.838 4
2 55 343.169 509.312 6
2 50 475.735 385.784 5
2 108 457.263 350.016 5
2 125 255.557 448.865 4
2 20 141.404 228.433 8
2 149 91.6468 166.354 8
2 2 38.1312 353.148 9
2 47 54.5249 438.552 9
2 72 22.7643 455.534 9
2 97 49.9187 541.435 2
2 102 59.7537 551.632 2
2 0 37.4394 541.209 2
2 75 10.0261 488.931 9
2 9 98.7899 384.593 9
2 82 396.127 539.465 6
2 84 395.691 699.538 6
2 74 342.358 599.388 6
2 17 352.966 666.787 6
3 118 66.2308 24.1317 5
3 135 249.059 76.6595 6
3 3 53.4418 131.485 5
3 73 259.71 10.62 6
3 122 303.838 21.0526 6
3 11 536.489 287.228 8
3 16 649.731 62.3332 1
3 52 578.381 321.33 3
3 39 616.655 339.341 3
3 139 558.201 0.419881 1
3 130 378.348 272.291 8
3 120 172.309 344.396 9
3 51 228.833 410.446 9
3 31 400.407 253.679 8
3 96 212.373 594.922 4
3 81 42.5331 656.365 2
3 5 689.945 468.535 3
3 27 672.862 432.883 3
3 101 634.318 612.829 7
3 24 475.898 468.539 10
3 19 488.312 437.487 10
3 138 590.894 370.741 3
3 136 562.905 670.038 7
3 56 530.363 137.688 1
3 116 500.257 64.9136 1
3 71 297.791 166.313 6
3 115 506.619 233.002 8
3 38 547.266 161.659 1
3 145 299.588 530.589 4
3 42 471.101 314.222 8
3 25 322.422 550.317 4
3 66 436.519 282.936 8
3 93 130.924 351.149 9
3 78 192.119 314.184 9
3 103 15.2146 143.044 5
3 86 22.6471 526.247 2
3 34 189.751 460.382 9
3 112 88.4678 384.051 9
3 123 197.897 512.389 4
3 92 216.701 466.482 9
3 87 135.638 325.841 9
3 140 461.411 530.525 10
3 49 531.029 612.387 7
3 141 354.724 685.405 4
