1 133 381.654 360.334 9
1 108 457.263 350.016 9
1 137 398.55 392.649 9
1 50 475.735 385.784 9
1 42 471.101 314.222 9
1 45 390.697 423.977 9
1 59 595.836 81.813 10
1 65 623.249 69.1893 10
1 129 635.497 133.323 10
1 56 530.363 137.688 10
1 6 112.748 529.418 3
1 83 118.663 508.713 3
1 7 141.488 504.818 3
1 102 59.7537 551.632 3
1 29 104.653 482.822 3
1 33 58.7767 507.171 3
1 97 49.9187 541.435 3
1 88 141.451 485.248 3
1 0 37.4394 541.209 3
1 61 43.6892 305.472 7
1 148 48.0798 270.968 7
1 87 135.638 325.841 7
1 2 38.1312 353.148 7
1 64 432.264 629.409 6
1 74 342.358 599.388 6
1 82 396.127 539.465 6
1 17 352.966 666.787 6
1 54 486.465 593.043 6
1 1 612.176 494.317 4
1 18 633.392 534.94 4
1 28 571.219 530.262 4
1 85 559.016 560.887 4
1 107 588.197 580.595 4
1 98 656.694 558.111 4
1 36 639.031 467.23 4
1 80 530.732 504.067 4
1 144 308.435 115.205 5
1 146 334.275 152.149 5
1 143 352.314 140.327 5
1 48 334.351 153.797 5
1 30 356.71 67.6477 5
1 15 246.928 322.461 8
1 58 224.318 312.468 8
1 132 278.871 299.931 8
1 14 240.825 281.514 8
1 110 269.367 367.476 8
1 104 283.005 376.444 8
1 44 91.5848 110.02 2
1 127 70.2723 77.9227 2
1 70 117.862 112.98 2
1 3 53.4418 131.485 2
1 67 59.4163 40.128 2
1 117 594.405 275.874 1
1 23 565.785 282.386 1
1 126 608.426 222.542 1
1 68 630.923 230.343 1
1 52 578.381 321.33 1
2 66 436.519 282.936 1
2 53 358.917 404.467 1
2 130 378.348 272.291 1
2 91 350.425 420.653 1
2 31 400.407 253.679 1
2 38 547.266 161.659 3
2 16 649.731 62.3332 3
2 116 500.257 64.9136 3
2 86 22.6471 526.247 5
2 95 144.6 457.422 5
2 123 197.897 512.389 10
2 62 79.4653 445.964 5
2 106 101.869 635.099 10
2 4 143.061 631.72 10
2 75 10.0261 488.931 5
2 47 54.5249 438.552 5
2 93 130.924 351.149 6
2 124 56.02 243.066 6
2 112 88.4678 384.051 5
2 25 322.422 550.317 7
2 140 461.411 530.525 7
2 141 354.724 685.405 7
2 84 395.691 699.538 7
2 69 579.327 601.036 2
2 113 658.913 583.958 2
2 109 537.466 472.584 2
2 134 557.607 595.319 2
2 101 634.318 612.829 2
2 41 629.998 433.455 2
2 8 661.051 445.938 2
2 71 297.791 166.313 8
2 135 249.059 76.6595 8
2 111 239.905 102.63 8
2 122 303.838 21.0526 8
2 77 220.704 270.082 6
2 78 192.119 314.184 6
2 76 315.293 273.228 1
2 121 299.481 251.83 1
2 120 172.309 344.396 6
2 43 138.244 137.168 4
2 114 97.7359 157.456 4
2 90 87.7495 19.617 4
2 118 66.2308 24.1317 4
2 11 536.489 287.228 9
2 35 659.912 226.628 9
2 60 661.559 217.046 9
2 39 616.655 339.341 9
3 89 396.774 460.756 4
3 19 488.312 437.487 2
3 37 415.026 233.305 9
3 22 397.559 231.359 9
3 24 475.898 468.539 2
3 40 494.859 148.122 9
3 139 558.201 0.419881 8
3 147 690.966 134.579 8
3 34 189.751 460.382 4
3 94 72.633 645.785 6
3 72 22.7643 455.534 1
3 96 212.373 594.922 6
3 92 216.701 466.482 4
3 99 176.594 648.524 6
3 81 42.5331 656.365 6
3 142 193.661 669.743 6
3 9 98.7899 384.593 1
3 21 17.3633 240.241 3
3 20 141.404 228.433 3
3 57 498.807 576.21 7
3 55 343.169 509.312 4
3 131 484.803 677.073 7
3 145 299.588 530.589 4
3 46 565.162 429.16 2
3 5 689.945 468.535 2
3 119 598.416 414.556 2
3 49 531.029 612.387 7
3 27 672.862 432.883 2
3 136 562.905 670.038 7
3 128 398.23 119.558 9
3 26 397.559 74.7588 9
3 63 210.416 130.715 10
3 73 259.71 10.62 10
3 51 228.833 410.446 4
3 13 282.787 229.8 5
3 79 271.504 225.292 5
3 32 282.304 426.838 4
3 125 255.557 448.865 4
3 105 146.539 39.4232 10
3 149 91.6468 166.354 3
3 103 15.2146 143.044 3
3 12 192.407 20.4394 10
3 115 506.619 233.002 9
3 138 590.894 370.741 2
3 100 500.383 198.743 9
3 10 697.388 180.396 8
