1 0 37.4394 541.209 1
1 1 612.176 494.317 2
1 2 38.1312 353.148 3
1 3 53.4418 131.485 7
1 5 689.945 468.535 2
1 6 112.748 529.418 1
1 7 141.488 504.818 1
1 9 98.7899 384.593 3
1 11 536.489 287.228 6
1 14 240.825 281.514 8
1 18 633.392 534.94 9
1 19 488.312 437.487 2
1 22 397.559 231.359 8
1 25 322.422 550.317 10
1 27 672.862 432.883 2
1 36 639.031 467.23 2
1 37 415.026 233.305 8
1 41 629.998 433.455 2
1 42 471.101 314.222 6
1 43 138.244 137.168 7
1 44 91.5848 110.02 7
1 48 334.351 153.797 8
1 53 358.917 404.467 4
1 56 530.363 137.688 6
1 60 661.559 217.046 6
1 61 43.6892 305.472 3
1 63 210.416 130.715 5
1 64 432.264 629.409 10
1 69 579.327 601.036 9
1 71 297.791 166.313 8
1 73 259.71 10.62 5
1 78 192.119 314.184 3
1 79 271.504 225.292 8
1 81 42.5331 656.365 1
1 82 396.127 539.465 10
1 85 559.016 560.887 9
1 86 22.6471 526.247 1
1 91 350.425 420.653 4
1 92 216.701 466.482 4
1 93 130.924 351.149 3
1 97 49.9187 541.435 1
1 98 656.694 558.111 9
1 99 176.594 648.524 1
1 102 59.7537 551.632 1
1 104 283.005 376.444 4
1 109 537.466 472.584 2
1 110 269.367 367.476 4
1 111 239.905 102.63 5
1 117 594.405 275.874 6
1 119 598.416 414.556 2
1 121 299.481 251.83 8
2 4 143.061 631.72 10
2 15 246.928 322.461 7
2 16 649.731 62.3332 3
2 17 352.966 666.787 8
2 20 141.404 228.433 7
2 24 475.898 468.539 6
2 28 571.219 530.262 1
2 30 356.71 67.6477 4
2 31 400.407 253.679 5
2 35 659.912 226.628 3
2 38 547.266 161.659 3
2 40 494.859 148.122 3
2 47 54.5249 438.552 2
2 55 343.169 509.312 8
2 57 498.807 576.21 1
2 58 224.318 312.468 7
2 59 595.836 81.813 3
2 62 79.4653 445.964 2
2 65 623.249 69.1893 3
2 66 436.519 282.936 5
2 67 59.4163 40.128 9
2 70 117.862 112.98 9
2 72 22.7643 455.534 2
2 74 342.358 599.388 8
2 75 10.0261 488.931 2
2 77 220.704 270.082 7
2 83 118.663 508.713 2
2 84 395.691 699.538 8
2 87 135.638 325.841 7
2 88 141.451 485.248 2
2 90 87.7495 19.617 9
2 94 72.633 645.785 10
2 95 144.6 457.422 2
2 96 212.373 594.922 10
2 100 500.383 198.743 5
2 108 457.263 350.016 6
2 112 88.4678 384.051 2
2 113 658.913 583.958 1
2 116 500.257 64.9136 3
2 122 303.838 21.0526 4
2 124 56.02 243.066 7
2 127 70.2723 77.9227 9
2 129 635.497 133.323 3
2 130 378.348 272.291 5
2 131 484.803 677.073 1
2 134 557.607 595.319 1
2 135 249.059 76.6595 4
2 136 562.905 670.038 1
2 138 590.894 370.741 6
2 142 193.661 669.743 10
2 143 352.314 140.327 4
3 8 661.051 445.938 5
3 10 697.388 180.396 3
3 12 192.407 20.4394 8
3 13 282.787 229.8 7
3 21 17.3633 240.241 6
3 23 565.785 282.386 5
3 26 397.559 74.7588 1
3 29 104.653 482.822 9
3 32 282.304 426.838 4
3 33 58.7767 507.171 9
3 34 189.751 460.382 4
3 39 616.655 339.341 5
3 45 390.697 423.977 10
3 46 565.162 429.16 5
3 49 531.029 612.387 2
3 50 475.735 385.784 10
3 51 228.833 410.446 4
3 52 578.381 321.33 5
3 54 486.465 593.043 2
3 68 630.923 230.343 3
3 76 315.293 273.228 7
3 80 530.732 504.067 2
3 89 396.774 460.756 10
3 101 634.318 612.829 2
3 103 15.2146 143.044 6
3 105 146.539 39.4232 8
3 106 101.869 635.099 9
3 107 588.197 580.595 2
3 114 97.7359 157.456 6
3 115 506.619 233.002 3
3 118 66.2308 24.1317 8
3 120 172.309 344.396 7
3 123 197.897 512.389 4
3 125 255.557 448.865 4
3 126 608.426 222.542 3
3 128 398.23 119.558 1
3 132 278.871 299.931 7
3 133 381.654 360.334 10
3 137 398.55 392.649 10
3 139 558.201 0.419881 3
3 140 461.411 530.525 2
3 141 354.724 685.405 2
3 144 308.435 115.205 1
3 145 299.588 530.589 4
3 146 334.275 152.149 1
3 147 690.966 134.579 3
3 148 48.0798 270.968 6
3 149 91.6468 166.354 6
