1 2 38.1312 353.148 7
1 5 689.945 468.535 5
1 6 112.748 529.418 10
1 8 661.051 445.938 5
1 10 697.388 180.396 2
1 11 536.489 287.228 3
1 15 246.928 322.461 8
1 16 649.731 62.3332 2
1 17 352.966 666.787 4
1 18 633.392 534.94 6
1 20 141.404 228.433 1
1 21 17.3633 240.241 1
1 22 397.559 231.359 3
1 23 565.785 282.386 3
1 25 322.422 550.317 4
1 27 672.862 432.883 5
1 28 571.219 530.262 6
1 34 189.751 460.382 7
1 39 616.655 339.341 5
1 40 494.859 148.122 3
1 41 629.998 433.455 5
1 44 91.5848 110.02 1
1 46 565.162 429.16 5
1 50 475.735 385.784 9
1 51 228.833 410.446 7
1 58 224.318 312.468 8
1 62 79.4653 445.964 7
1 63 210.416 130.715 8
1 66 436.519 282.936 3
1 71 297.791 166.313 8
1 72 22.7643 455.534 7
1 79 271.504 225.292 8
1 80 530.732 504.067 6
1 84 395.691 699.538 4
1 87 135.638 325.841 7
1 89 396.774 460.756 9
1 94 72.633 645.785 10
1 97 49.9187 541.435 10
1 98 656.694 558.111 6
1 100 500.383 198.743 3
1 101 634.318 612.829 6
1 102 59.7537 551.632 10
1 107 588.197 580.595 6
1 108 457.263 350.016 9
1 112 88.4678 384.051 7
1 113 658.913 583.958 6
1 124 56.02 243.066 1
1 126 608.426 222.542 2
1 131 484.803 677.073 4
1 138 590.894 370.741 5
1 142 193.661 669.743 10
2 1 612.176 494.317 10
2 7 141.488 504.818 6
2 29 104.653 482.822 6
2 30 356.71 67.6477 1
2 37 415.026 233.305 7
2 38 547.266 161.659 2
2 42 471.101 314.222 7
2 45 390.697 423.977 3
2 47 54.5249 438.552 6
2 49 531.029 612.387 4
2 53 358.917 404.467 3
2 54 486.465 593.043 4
2 55 343.169 509.312 3
2 57 498.807 576.21 4
2 59 595.836 81.813 2
2 65 623.249 69.1893 2
2 73 259.71 10.62 1
2 74 342.358 599.388 3
2 75 10.0261 488.931 6
2 76 315.293 273.228 5
2 77 220.704 270.082 5
2 81 42.5331 656.365 9
2 82 396.127 539.465 3
2 85 559.016 560.887 4
2 90 87.7495 19.617 8
2 95 144.6 457.422 6
2 96 212.373 594.922 9
2 99 176.594 648.524 9
2 103 15.2146 143.044 8
2 105 146.539 39.4232 8
2 110 269.367 367.476 5
2 111 239.905 102.63 1
2 114 97.7359 157.456 8
2 115 506.619 233.002 7
2 116 500.257 64.9136 2
2 117 594.405 275.874 7
2 119 598.416 414.556 10
2 120 172.309 344.396 5
2 121 299.481 251.83 5
2 122 303.838 21.0526 1
2 123 197.897 512.389 6
2 125 255.557 448.865 3
2 129 635.497 133.323 2
2 134 557.607 595.319 4
2 136 562.905 670.038 4
2 137 398.55 392.649 3
2 139 558.201 0.419881 2
2 146 334.275 152.149 1
2 147 690.966 134.579 2
2 148 48.0798 270.968 8
2 149 91.6468 166.354 8
3 0 37.4394 541.209 6
3 3 53.4418 131.485 3
3 4 143.061 631.72 6
3 9 98.7899 384.593 10
3 12 192.407 20.4394 3
3 13 282.787 229.8 7
3 14 240.825 281.514 7
3 19 488.312 437.487 4
3 24 475.898 468.539 4
3 26 397.559 74.7588 5
3 31 400.407 253.679 9
3 32 282.304 426.838 1
3 33 58.7767 507.171 6
3 35 659.912 226.628 2
3 36 639.031 467.23 4
3 43 138.244 137.168 3
3 48 334.351 153.797 5
3 52 578.381 321.33 2
3 56 530.363 137.688 2
3 60 661.559 217.046 2
3 61 43.6892 305.472 10
3 64 432.264 629.409 8
3 67 59.4163 40.128 3
3 68 630.923 230.343 2
3 69 579.327 601.036 4
3 70 117.862 112.98 3
3 78 192.119 314.184 7
3 83 118.663 508.713 6
3 86 22.6471 526.247 6
3 88 141.451 485.248 6
3 91 350.425 420.653 1
3 92 216.701 466.482 1
3 93 130.924 351.149 10
3 104 283.005 376.444 1
3 106 101.869 635.099 6
3 109 537.466 472.584 4
3 118 66.2308 24.1317 3
3 127 70.2723 77.9227 3
3 128 398.23 119.558 5
3 130 378.348 272.291 9
3 132 278.871 299.931 7
3 133 381.654 360.334 9
3 135 249.059 76.6595 5
3 140 461.411 530.525 4
3 141 354.724 685.405 8
3 143 352.314 140.327 5
3 144 308.435 115.205 5
3 145 299.588 530.589 1
