1 0 37.4394 541.209 4
1 1 612.176 494.317 9
1 3 53.4418 131.485 10
1 7 141.488 504.818 6
1 9 98.7899 384.593 6
1 18 633.392 534.94 9
1 20 141.404 228.433 2
1 21 17.3633 240.241 2
1 23 565.785 282.386 5
1 28 571.219 530.262 9
1 29 104.653 482.822 6
1 36 639.031 467.23 9
1 39 616.655 339.341 5
1 40 494.859 148.122 8
1 41 629.998 433.455 9
1 47 54.5249 438.552 6
1 49 531.029 612.387 1
1 57 498.807 576.21 1
1 63 210.416 130.715 3
1 64 432.264 629.409 1
1 65 623.249 69.1893 7
1 67 59.4163 40.128 10
1 68 630.923 230.343 5
1 70 117.862 112.98 10
1 73 259.71 10.62 3
1 80 530.732 504.067 9
1 81 42.5331 656.365 4
1 84 395.691 699.538 1
1 88 141.451 485.248 6
1 94 72.633 645.785 4
1 95 144.6 457.422 6
1 97 49.9187 541.435 4
1 101 634.318 612.829 9
1 103 15.2146 143.044 10
1 111 239.905 102.63 3
1 114 97.7359 157.456 10
1 117 594.405 275.874 5
1 119 598.416 414.556 9
1 124 56.02 243.066 2
1 126 608.426 222.542 5
1 128 398.23 119.558 8
1 134 557.607 595.319 1
1 135 249.059 76.6595 3
1 136 562.905 670.038 1
1 138 590.894 370.741 5
1 140 461.411 530.525 1
1 143 352.314 140.327 8
1 146 334.275 152.149 8
1 147 690.966 134.579 7
1 148 48.0798 270.968 2
1 149 91.6468 166.354 10
2 2 38.1312 353.148 6
2 4 143.061 631.72 7
2 5 689.945 468.535 10
2 6 112.748 529.418 1
2 8 661.051 445.938 10
2 10 697.388 180.396 5
2 12 192.407 20.4394 2
2 16 649.731 62.3332 8
2 17 352.966 666.787 9
2 26 397.559 74.7588 4
2 27 672.862 432.883 10
2 30 356.71 67.6477 4
2 33 58.7767 507.171 1
2 35 659.912 226.628 5
2 38 547.266 161.659 8
2 43 138.244 137.168 2
2 44 91.5848 110.02 2
2 52 578.381 321.33 5
2 54 486.465 593.043 9
2 56 530.363 137.688 8
2 59 595.836 81.813 8
2 60 661.559 217.046 5
2 61 43.6892 305.472 6
2 62 79.4653 445.964 1
2 69 579.327 601.036 3
2 72 22.7643 455.534 1
2 74 342.358 599.388 9
2 75 10.0261 488.931 1
2 83 118.663 508.713 1
2 85 559.016 560.887 3
2 86 22.6471 526.247 1
2 90 87.7495 19.617 2
2 96 212.373 594.922 7
2 98 656.694 558.111 3
2 99 176.594 648.524 7
2 102 59.7537 551.632 1
2 105 146.539 39.4232 2
2 106 101.869 635.099 7
2 107 588.197 580.595 3
2 112 88.4678 384.051 6
2 113 658.913 583.958 3
2 116 500.257 64.9136 8
2 118 66.2308 24.1317 2
2 122 303.838 21.0526 4
2 127 70.2723 77.9227 2
2 129 635.497 133.323 8
2 131 484.803 677.073 9
2 139 558.201 0.419881 8
2 141 354.724 685.405 9
2 142 193.661 669.743 7
2 144 308.435 115.205 4
3 11 536.489 287.228 4
3 13 282.787 229.8 2
3 14 240.825 281.514 7
3 15 246.928 322.461 7
3 19 488.312 437.487 9
3 22 397.559 231.359 5
3 24 475.898 468.539 9
3 25 322.422 550.317 6
3 31 400.407 253.679 5
3 32 282.304 426.838 8
3 34 189.751 460.382 8
3 37 415.026 233.305 5
3 42 471.101 314.222 10
3 45 390.697 423.977 1
3 46 565.162 429.16 9
3 48 334.351 153.797 2
3 50 475.735 385.784 10
3 51 228.833 410.446 8
3 53 358.917 404.467 1
3 55 343.169 509.312 6
3 58 224.318 312.468 7
3 66 436.519 282.936 5
3 71 297.791 166.313 2
3 76 315.293 273.228 2
3 77 220.704 270.082 7
3 78 192.119 314.184 3
3 79 271.504 225.292 2
3 82 396.127 539.465 6
3 87 135.638 325.841 3
3 89 396.774 460.756 1
3 91 350.425 420.653 1
3 92 216.701 466.482 8
3 93 130.924 351.149 3
3 100 500.383 198.743 4
3 104 283.005 376.444 7
3 108 457.263 350.016 10
3 109 537.466 472.584 9
3 110 269.367 367.476 7
3 115 506.619 233.002 4
3 120 172.309 344.396 3
3 121 299.481 251.83 2
3 123 197.897 512.389 8
3 125 255.557 448.865 8
3 130 378.348 272.291 5
3 132 278.871 299.931 7
3 133 381.654 360.334 1
3 137 398.55 392.649 1
3 145 299.588 530.589 6
