1 5 689.945 468.535 1
1 9 98.7899 384.593 4
1 10 697.388 180.396 3
1 13 282.787 229.8 5
1 21 17.3633 240.241 2
1 27 672.862 432.883 1
1 31 400.407 253.679 5
1 32 282.304 426.838 9
1 33 58.7767 507.171 4
1 34 189.751 460.382 4
1 45 390.697 423.977 9
1 46 565.162 429.16 1
1 47 54.5249 438.552 4
1 48 334.351 153.797 7
1 50 475.735 385.784 1
1 52 578.381 321.33 1
1 53 358.917 404.467 9
1 60 661.559 217.046 3
1 65 623.249 69.1893 3
1 67 59.4163 40.128 2
1 70 117.862 112.98 2
1 71 297.791 166.313 7
1 76 315.293 273.228 5
1 78 192.119 314.184 5
1 85 559.016 560.887 10
1 88 141.451 485.248 4
1 91 350.425 420.653 9
1 94 72.633 645.785 8
1 95 144.6 457.422 4
1 99 176.594 648.524 8
1 102 59.7537 551.632 8
1 103 15.2146 143.044 2
1 105 146.539 39.4232 2
1 106 101.869 635.099 8
1 109 537.466 472.584 1
1 113 658.913 583.958 10
1 115 506.619 233.002 3
1 120 172.309 344.396 4
1 125 255.557 448.865 9
1 126 608.426 222.542 3
1 128 398.23 119.558 7
1 132 278.871 299.931 5
1 134 557.607 595.319 10
1 135 249.059 76.6595 7
1 136 562.905 670.038 10
1 138 590.894 370.741 1
1 139 558.201 0.419881 3
1 141 354.724 685.405 6
1 144 308.435 115.205 7
1 145 299.588 530.589 9
1 146 334.275 152.149 7
2 1 612.176 494.317 1
2 2 38.1312 353.148 6
2 4 143.061 631.72 5
2 6 112.748 529.418 9
2 12 192.407 20.4394 4
2 14 240.825 281.514 10
2 15 246.928 322.461 10
2 18 633.392 534.94 1
2 22 397.559 231.359 7
2 24 475.898 468.539 8
2 26 397.559 74.7588 3
2 28 571.219 530.262 1
2 36 639.031 467.23 1
2 37 415.026 233.305 7
2 38 547.266 161.659 2
2 42 471.101 314.222 7
2 43 138.244 137.168 4
2 44 91.5848 110.02 4
2 57 498.807 576.21 8
2 59 595.836 81.813 2
2 64 432.264 629.409 8
2 69 579.327 601.036 1
2 72 22.7643 455.534 9
2 79 271.504 225.292 10
2 81 42.5331 656.365 5
2 82 396.127 539.465 8
2 84 395.691 699.538 8
2 86 22.6471 526.247 9
2 87 135.638 325.841 6
2 89 396.774 460.756 8
2 93 130.924 351.149 6
2 98 656.694 558.111 1
2 110 269.367 367.476 10
2 116 500.257 64.9136 3
2 117 594.405 275.874 2
2 119 598.416 414.556 1
2 121 299.481 251.83 10
2 124 56.02 243.066 6
2 127 70.2723 77.9227 4
2 130 378.348 272.291 7
2 133 381.654 360.334 7
2 137 398.55 392.649 7
2 140 461.411 530.525 8
2 142 193.661 669.743 5
2 143 352.314 140.327 3
2 147 690.966 134.579 2
2 148 48.0798 270.968 6
2 149 91.6468 166.354 4
3 0 37.4394 541.209 1
3 3 53.4418 131.485 3
3 7 141.488 504.818 1
3 8 661.051 445.938 10
3 11 536.489 287.228 2
3 16 649.731 62.3332 9
3 17 352.966 666.787 5
3 19 488.312 437.487 10
3 20 141.404 228.433 6
3 23 565.785 282.386 2
3 25 322.422 550.317 5
3 29 104.653 482.822 1
3 30 356.71 67.6477 7
3 35 659.912 226.628 9
3 39 616.655 339.341 10
3 40 494.859 148.122 9
3 41 629.998 433.455 10
3 49 531.029 612.387 4
3 51 228.833 410.446 8
3 54 486.465 593.043 4
3 55 343.169 509.312 5
3 56 530.363 137.688 9
3 58 224.318 312.468 6
3 61 43.6892 305.472 6
3 62 79.4653 445.964 1
3 63 210.416 130.715 7
3 66 436.519 282.936 2
3 68 630.923 230.343 9
3 73 259.71 10.62 7
3 74 342.358 599.388 5
3 75 10.0261 488.931 1
3 77 220.704 270.082 6
3 80 530.732 504.067 10
3 83 118.663 508.713 1
3 90 87.7495 19.617 3
3 92 216.701 466.482 8
3 96 212.373 594.922 5
3 97 49.9187 541.435 1
3 100 500.383 198.743 2
3 101 634.318 612.829 4
3 104 283.005 376.444 8
3 107 588.197 580.595 4
3 108 457.263 350.016 2
3 111 239.905 102.63 7
3 112 88.4678 384.051 1
3 114 97.7359 157.456 3
3 118 66.2308 24.1317 3
3 122 303.838 21.0526 7
3 123 197.897 512.389 8
3 129 635.497 133.323 9
3 131 484.803 677.073 4
