1 137 398.55 392.649 5
1 133 381.654 360.334 5
1 108 457.263 350.016 5
1 50 475.735 385.784 5
1 45 390.697 423.977 5
1 53 358.917 404.467 5
1 148 48.0798 270.968 9
1 61 43.6892 305.472 9
1 124 56.02 243.066 9
1 6 112.748 529.418 4
1 83 118.663 508.713 4
1 102 59.7537 551.632 4
1 33 58.7767 507.171 4
1 97 49.9187 541.435 4
1 7 141.488 504.818 4
1 29 104.653 482.822 4
1 0 37.4394 541.209 4
1 88 141.451 485.248 4
1 64 432.264 629.409 6
1 54 486.465 593.043 6
1 82 396.127 539.465 6
1 57 498.807 576.21 6
1 140 461.411 530.525 6
1 74 342.358 599.388 6
1 1 612.176 494.317 2
1 18 633.392 534.94 2
1 28 571.219 530.262 2
1 36 639.031 467.23 2
1 98 656.694 558.111 2
1 41 629.998 433.455 2
1 85 559.016 560.887 2
1 59 595.836 81.813 1
1 65 623.249 69.1893 1
1 129 635.497 133.323 1
1 56 530.363 137.688 1
1 146 334.275 152.149 3
1 48 334.351 153.797 3
1 144 308.435 115.205 3
1 71 297.791 166.313 3
1 143 352.314 140.327 3
1 111 239.905 102.63 3
1 30 356.71 67.6477 3
1 44 91.5848 110.02 8
1 127 70.2723 77.9227 8
1 70 117.862 112.98 8
1 3 53.4418 131.485 8
1 67 59.4163 40.128 8
1 15 246.928 322.461 7
1 110 269.367 367.476 7
1 58 224.318 312.468 7
1 51 228.833 410.446 7
1 120 172.309 344.396 7
1 78 192.119 314.184 7
1 117 594.405 275.874 10
1 23 565.785 282.386 10
1 126 608.426 222.542 10
1 68 630.923 230.343 10
1 52 578.381 321.33 10
2 42 471.101 314.222 4
2 66 436.519 282.936 4
2 91 350.425 420.653 7
2 89 396.774 460.756 7
2 130 378.348 272.291 5
2 21 17.3633 240.241 8
2 2 38.1312 353.148 3
2 86 22.6471 526.247 3
2 95 144.6 457.422 3
2 62 79.4653 445.964 3
2 106 101.869 635.099 10
2 123 197.897 512.389 10
2 75 10.0261 488.931 3
2 4 143.061 631.72 10
2 47 54.5249 438.552 3
2 131 484.803 677.073 6
2 17 352.966 666.787 6
2 84 395.691 699.538 6
2 49 531.029 612.387 1
2 141 354.724 685.405 6
2 107 588.197 580.595 1
2 8 661.051 445.938 1
2 80 530.732 504.067 1
2 109 537.466 472.584 1
2 5 689.945 468.535 1
2 113 658.913 583.958 1
2 38 547.266 161.659 9
2 16 649.731 62.3332 9
2 116 500.257 64.9136 2
2 128 398.23 119.558 2
2 135 249.059 76.6595 8
2 13 282.787 229.8 5
2 79 271.504 225.292 5
2 63 210.416 130.715 8
2 26 397.559 74.7588 2
2 43 138.244 137.168 8
2 114 97.7359 157.456 8
2 90 87.7495 19.617 8
2 118 66.2308 24.1317 8
2 104 283.005 376.444 7
2 14 240.825 281.514 5
2 132 278.871 299.931 5
2 32 282.304 426.838 7
2 77 220.704 270.082 5
2 11 536.489 287.228 4
2 35 659.912 226.628 9
2 60 661.559 217.046 9
2 39 616.655 339.341 4
3 19 488.312 437.487 3
3 31 400.407 253.679 10
3 24 475.898 468.539 3
3 37 415.026 233.305 10
3 112 88.4678 384.051 2
3 20 141.404 228.433 9
3 72 22.7643 455.534 2
3 94 72.633 645.785 8
3 96 212.373 594.922 8
3 81 42.5331 656.365 8
3 99 176.594 648.524 8
3 9 98.7899 384.593 2
3 142 193.661 669.743 8
3 25 322.422 550.317 5
3 55 343.169 509.312 5
3 134 557.607 595.319 7
3 145 299.588 530.589 5
3 136 562.905 670.038 7
3 46 565.162 429.16 3
3 119 598.416 414.556 3
3 27 672.862 432.883 3
3 69 579.327 601.036 7
3 101 634.318 612.829 7
3 40 494.859 148.122 6
3 139 558.201 0.419881 1
3 147 690.966 134.579 1
3 121 299.481 251.83 10
3 122 303.838 21.0526 4
3 22 397.559 231.359 10
3 76 315.293 273.228 10
3 73 259.71 10.62 4
3 105 146.539 39.4232 4
3 149 91.6468 166.354 9
3 103 15.2146 143.044 9
3 12 192.407 20.4394 4
3 93 130.924 351.149 2
3 125 255.557 448.865 5
3 87 135.638 325.841 2
3 34 189.751 460.382 5
3 92 216.701 466.482 5
3 115 506.619 233.002 6
3 138 590.894 370.741 3
3 100 500.383 198.743 6
3 10 697.388 180.396 1
