595 10.18 123.54 0 0 1 0 0
596 10.42 122.34 0 0 1 0 0
597 14.35 121 0 0 1 0 0
594 7.04 125.36 0 0 1 0 0
599 22.38 120.17 0 0 1 0 0
634 26.13 127.4 0 0 1 0 0
600 25.03 121.3 0 0 1 0 0
591 1.29 124.51 0 0 1 0 0
608 26.06 119.17 0 0 1 0 0
598 22.17 114.09 0 0 1 0 0
588 4.56 114.55 0 0 1 0 0
635 13.28 144.47 0 0 1 0 0
607 23.06 113.16 0 0 1 0 0
633 31.36 130.33 0 0 1 0 0
592 -3.43 128.12 0 0 1 0 0
589 -0.3 117.09 0 0 1 0 0
611 31.14 121.28 0 0 1 0 0
632 32.48 129.55 0 0 1 0 0
570 16.04 108.13 0 0 1 0 0
593 -5.4 132.45 0 0 1 0 0
610 32.03 118.47 0 0 1 0 0
631 34.24 132.27 0 0 1 0 0
636 -2.32 140.42 0 0 1 0 0
569 16.28 107.36 0 0 1 0 0
622 35.06 129.03 0 0 1 0 0
590 -5.07 119.24 0 0 1 0 0
609 30.36 114.17 0 0 1 0 0
630 34.4 135.3 0 0 1 0 0
571 10.45 106.4 0 0 1 0 0
587 1.33 110.2 0 0 1 0 0
586 -3.2 114.35 0 0 1 0 0
629 35 135.45 0 0 1 0 0
627 35.1 136.55 0 0 1 0 0
621 37.33 126.58 0 0 1 0 0
34 32.47 -96.48 0 0 0 0 1
35 29.46 -95.22 0 0 0 0 1
33 35.28 -97.32 0 0 0 0 1
54 25.4 -100.19 0 0 0 0 1
28 31.45 -106.29 0 0 0 0 1
53 25.33 -103.26 0 0 0 0 1
52 28.38 -106.05 0 0 0 0 1
27 35.05 -106.4 0 0 0 0 1
32 39.07 -94.39 0 0 0 0 1
40 29.58 -90.07 0 0 0 0 1
55 22.13 -97.51 0 0 0 0 1
56 22.09 -100.59 0 0 0 0 1
39 35.08 -90.03 0 0 0 0 1
26 39.43 -105.01 0 0 0 0 1
31 41.16 -95.57 0 0 0 0 1
38 38.39 -90.25 0 0 0 0 1
57 20.4 -103.2 0 0 0 0 1
58 19.24 -99.09 0 0 0 0 1
59 19.03 -98.12 0 0 0 0 1
60 19.2 -96.4 0 0 0 0 1
25 33.27 -112.05 0 0 0 0 1
64 20.58 -89.37 0 0 0 0 1
62 17.03 -96.43 0 0 0 0 1
30 44.59 -93.13 0 0 0 0 1
61 16.51 -99.55 0 0 0 0 1
44 33.45 -84.23 0 0 0 0 1
63 17.59 -92.55 0 0 0 0 1
24 40.46 -111.53 0 0 0 0 1
37 41.53 -87.38 0 0 0 0 1
36 43.02 -87.55 0 0 0 0 1
126 -15.35 -56.05 1 0 0 0 0
102 -17.48 -63.1 1 0 0 0 0
125 -20.27 -54.37 1 0 0 0 0
137 -8.46 -63.54 1 0 0 0 0
103 -19.35 -65.45 1 0 0 0 0
127 -16.4 -49.16 1 0 0 0 0
101 -16.3 -68.09 1 0 0 0 0
117 -25.16 -57.4 1 0 0 0 0
128 -15.47 -47.55 1 0 0 0 0
136 -3.08 -60.01 1 0 0 0 0
100 -16.24 -71.33 1 0 0 0 0
99 -13.31 -71.59 1 0 0 0 0
116 -26.49 -65.13 1 0 0 0 0
120 -25.25 -49.15 1 0 0 0 0
104 -23.39 -70.24 1 0 0 0 0
121 -23.32 -46.37 1 0 0 0 0
124 -19.55 -43.56 1 0 0 0 0
123 -20.23 -43.3 1 0 0 0 0
119 -27.35 -48.34 1 0 0 0 0
135 -1.27 -48.29 1 0 0 0 0
118 -30.04 -51.11 1 0 0 0 0
122 -22.54 -43.14 1 0 0 0 0
511 25.17 51.32 0 0 0 1 0
510 25.18 55.18 0 0 0 1 0
512 26.13 50.35 0 0 0 1 0
508 14.32 49.08 0 0 0 1 0
509 23.37 58.35 0 0 0 1 0
513 24.38 46.43 0 0 0 1 0
525 29.36 52.32 0 0 0 1 0
505 15.23 44.12 0 0 0 1 0
514 29.2 47.59 0 0 0 1 0
507 12.45 45.12 0 0 0 1 0
523 30.2 48.16 0 0 0 1 0
526 30.17 57.05 0 0 0 1 0
515 30.3 47.47 0 0 0 1 0
506 14.48 42.57 0 0 0 1 0
524 32.4 51.38 0 0 0 1 0
165 11.36 43.09 0 0 0 1 0
504 21.27 39.49 0 0 0 1 0
503 21.3 39.12 0 0 0 1 0
502 24.28 39.36 0 0 0 1 0
163 15.2 38.53 0 0 0 1 0
522 34.19 47.04 0 0 0 1 0
538 24.52 67.03 0 0 0 1 0
521 35.4 51.26 0 0 0 1 0
159 19.37 37.14 0 0 0 1 0
516 33.21 44.25 0 0 0 1 0
537 25.22 68.22 0 0 0 1 0
529 31.32 65.3 0 0 0 1 0
528 34.2 62.12 0 0 0 1 0
517 35.28 44.28 0 0 0 1 0
520 37.16 49.36 0 0 0 1 0
527 36.18 59.36 0 0 0 1 0
536 27.42 68.52 0 0 0 1 0
535 30.12 67 0 0 0 1 0
164 9 38.5 0 0 0 1 0
518 36.2 43.08 0 0 0 1 0
519 38.05 46.18 0 0 0 1 0
202 2.01 45.2 0 0 0 1 0
550 18.58 72.5 0 0 0 1 0
547 23.02 72.37 0 0 0 1 0
158 24.05 32.53 0 0 0 1 0
460 40.23 49.51 0 0 0 1 0
498 31.57 35.56 0 0 0 1 0
160 15.36 32.32 0 0 0 1 0
501 31.46 35.14 0 0 0 1 0
496 33.3 36.18 0 0 0 1 0
534 30.11 71.29 0 0 0 1 0
492 37.55 40.14 0 0 0 1 0
541 26.17 73.02 0 0 0 1 0
499 32.5 35 0 0 0 1 0
495 34.44 36.43 0 0 0 1 0
459 40.11 44.3 0 0 0 1 0
500 32.04 34.46 0 0 0 1 0
258 42.42 9.27 0 1 0 0 0
375 44.25 8.57 0 1 0 0 0
257 43.42 7.23 0 1 0 0 0
256 43.42 7.15 0 1 0 0 0
371 45.28 9.12 0 1 0 0 0
370 45.03 7.4 0 1 0 0 0
377 43.46 11.15 0 1 0 0 0
376 44.29 11.2 0 1 0 0 0
372 45.27 11 0 1 0 0 0
255 43.18 5.24 0 1 0 0 0
378 43.55 12.28 0 1 0 0 0
362 46.57 7.26 0 1 0 0 0
262 45.1 5.43 0 1 0 0 0
361 46.31 6.38 0 1 0 0 0
360 46.12 6.09 0 1 0 0 0
380 41.54 12.29 0 1 0 0 0
379 39.2 9 0 1 0 0 0
364 47.23 8.32 0 1 0 0 0
373 45.27 12.21 0 1 0 0 0
363 47.33 7.35 0 1 0 0 0
365 47.16 11.24 0 1 0 0 0
261 45.45 4.51 0 1 0 0 0
260 45.26 4.24 0 1 0 0 0
374 45.4 13.46 0 1 0 0 0
357 48.46 9.11 0 1 0 0 0
272 48.35 7.45 0 1 0 0 0
270 47.19 5.01 0 1 0 0 0
359 48.08 11.34 0 1 0 0 0
271 48.41 6.12 0 1 0 0 0
356 49.03 8.24 0 1 0 0 0
418 45.2 14.27 0 1 0 0 0
353 49.25 8.43 0 1 0 0 0
366 47.48 13.02 0 1 0 0 0
381 40.51 14.17 0 1 0 0 0
417 46.03 14.31 0 1 0 0 0
351 49.14 6.59 0 1 0 0 0
354 49.48 9.56 0 1 0 0 0
355 49.27 11.04 0 1 0 0 0
273 49.36 6.09 0 1 0 0 0
358 49.01 12.06 0 1 0 0 0
387 38.07 13.21 0 1 0 0 0
352 50.07 8.4 0 1 0 0 0
150 36.48 10.11 0 1 0 0 0
244 41.23 2.11 0 1 0 0 0
382 41.27 15.34 0 1 0 0 0
419 45.48 15.58 0 1 0 0 0
149 36.22 6.37 0 1 0 0 0
367 48.18 14.18 0 1 0 0 0
251 39.34 2.39 0 1 0 0 0
337 50.44 7.05 0 1 0 0 0
254 43.36 1.26 0 1 0 0 0
252 42.3 1.31 0 1 0 0 0
269 49.15 4.02 0 1 0 0 0
420 43.31 16.27 0 1 0 0 0
369 47.05 15.27 0 1 0 0 0
338 50.56 6.59 0 1 0 0 0
400 49.45 13.23 0 1 0 0 0
346 50.58 11.01 0 1 0 0 0
336 50.47 6.05 0 1 0 0 0
259 45.5 1.16 0 1 0 0 0
274 50.38 5.34 0 1 0 0 0
345 51.19 9.29 0 1 0 0 0
340 51.17 7.17 0 1 0 0 0
383 41.07 16.52 0 1 0 0 0
339 51.12 6.47 0 1 0 0 0
342 51.28 7.13 0 1 0 0 0
344 51.31 7.28 0 1 0 0 0
349 50.5 12.55 0 1 0 0 0
341 51.28 7.01 0 1 0 0 0
343 51.32 7.13 0 1 0 0 0
385 38.11 15.33 0 1 0 0 0
268 48.52 2.2 0 1 0 0 0
332 51.57 7.37 0 1 0 0 0
275 50.5 4.2 0 1 0 0 0
347 51.29 11.58 0 1 0 0 0
386 37.3 15.06 0 1 0 0 0
348 51.19 12.2 0 1 0 0 0
279 51.26 5.28 0 1 0 0 0
250 38.54 1.26 0 1 0 0 0
401 50.05 14.26 0 1 0 0 0
147 36.47 3.03 0 1 0 0 0
384 40.28 17.15 0 1 0 0 0
151 34.44 10.46 0 1 0 0 0
368 48.13 16.2 0 1 0 0 0
333 52.24 9.44 0 1 0 0 0
278 51.13 4.25 0 1 0 0 0
276 50.38 3.04 0 1 0 0 0
253 44.5 -0.34 0 1 0 0 0
613 36.06 120.19 0 0 0 1 0
568 21.02 105.51 0 0 0 1 0
572 11.33 104.55 0 0 0 1 0
628 36.34 136.39 0 0 0 1 0
626 35.42 139.46 0 0 0 1 0
585 -10.1 123.35 0 0 0 1 0
620 39.01 125.45 0 0 0 1 0
612 34.48 113.39 0 0 0 1 0
617 38.53 121.35 0 0 0 1 0
567 17.58 102.36 0 0 0 1 0
584 -8.39 115.13 0 0 0 1 0
583 -7.15 112.45 0 0 0 1 0
566 19.52 102.08 0 0 0 1 0
605 29.39 106.34 0 0 0 1 0
639 -12.28 130.5 0 0 0 1 0
625 38.15 140.53 0 0 0 1 0
615 39.08 117.12 0 0 0 1 0
573 13.45 100.31 0 0 0 1 0
576 1.17 103.51 0 0 0 1 0
618 41.48 123.27 0 0 0 1 0
603 34.15 108.52 0 0 0 1 0
616 39.55 116.25 0 0 0 1 0
582 -7.48 110.22 0 0 0 1 0
624 39.43 140.07 0 0 0 1 0
614 37.55 112.3 0 0 0 1 0
575 3.1 101.42 0 0 0 1 0
579 -2.55 104.45 0 0 0 1 0
485 43.1 131.56 0 0 0 1 0
574 5.25 100.2 0 0 0 1 0
581 -6.54 107.36 0 0 0 1 0
580 -6.1 106.48 0 0 0 1 0
638 -9.3 147.1 0 0 0 1 0
637 -4.12 152.12 0 0 0 1 0
43 39.06 -84.31 0 0 0 0 1
29 46.47 -92.06 0 0 0 0 1
49 30.2 -81.4 0 0 0 0 1
65 17.3 -88.12 0 0 0 0 1
23 32.43 -117.09 0 0 0 0 1
10 49.53 -97.09 0 0 0 0 1
72 23.08 -82.22 0 0 0 0 1
66 14.38 -90.31 0 0 0 0 1
22 34.03 -118.15 0 0 0 0 1
41 42.2 -83.03 0 0 0 0 1
8 50.25 -104.39 0 0 0 0 1
50 25.46 -80.12 0 0 0 0 1
67 13.42 -89.12 0 0 0 0 1
68 14.06 -87.13 0 0 0 0 1
42 40.26 -80 0 0 0 0 1
73 22.24 -79.58 0 0 0 0 1
9 52.07 -106.38 0 0 0 0 1
51 25.05 -77.21 0 0 0 0 1
69 12.09 -86.17 0 0 0 0 1
48 38.54 -77.01 0 0 0 0 1
20 38.35 -121.3 0 0 0 0 1
12 43.39 -79.23 0 0 0 0 1
21 37.48 -122.24 0 0 0 0 1
19 47.4 -117.23 0 0 0 0 1
7 51.03 -114.05 0 0 0 0 1
47 39.57 -75.07 0 0 0 0 1
74 20.01 -75.49 0 0 0 0 1
75 18 -76.48 0 0 0 0 1
6 53.33 -113.28 0 0 0 0 1
114 -31.24 -64.11 0 1 0 0 0
113 -32.57 -60.4 0 1 0 0 0
96 -3.46 -73.15 0 1 0 0 0
133 -5.05 -42.49 0 1 0 0 0
98 -12.03 -77.03 0 1 0 0 0
134 -2.31 -44.16 0 1 0 0 0
112 -34.36 -58.27 0 1 0 0 0
111 -34.5 -56.12 0 1 0 0 0
129 -12.59 -38.31 0 1 0 0 0
83 4.56 -52.2 0 1 0 0 0
84 5.5 -55.1 0 1 0 0 0
115 -32.53 -68.49 0 1 0 0 0
85 6.48 -58.1 0 1 0 0 0
97 -8.07 -79.02 0 1 0 0 0
105 -33.27 -70.4 0 1 0 0 0
132 -3.43 -38.3 0 1 0 0 0
110 -38 -57.33 0 1 0 0 0
94 -1.4 -78.38 0 1 0 0 0
109 -38.43 -62.17 0 1 0 0 0
95 -2.1 -79.5 0 1 0 0 0
93 -0.13 -78.3 0 1 0 0 0
497 33.53 35.3 0 0 1 0 0
530 34.31 69.12 1 0 0 0 0
494 36.12 37.1 0 0 1 0 0
156 29.58 32.33 0 0 1 0 0
491 39.55 41.17 0 0 1 0 0
458 41.43 44.49 0 0 1 0 0
155 31.16 32.18 0 0 1 0 0
553 15.21 75.1 1 0 0 0 0
533 31.25 73.05 1 0 0 0 0
161 13.11 30.13 1 0 0 0 0
157 30.03 31.15 0 0 1 0 0
471 39.4 66.48 1 0 0 0 0
542 26.55 75.49 1 0 0 0 0
493 37.01 35.18 0 0 1 0 0
472 38.35 68.48 1 0 0 0 0
435 35.1 33.22 0 0 1 0 0
532 31.35 74.18 1 0 0 0 0
531 33.36 73.04 1 0 0 0 0
233 -4.38 55.27 1 0 0 0 0
490 39.45 37.02 0 0 1 0 0
489 38.43 35.3 0 0 1 0 0
154 31.12 29.54 0 0 1 0 0
551 17.23 78.29 1 0 0 0 0
554 12.59 77.35 1 0 0 0 0
540 28.4 77.13 1 0 0 0 0
457 46.21 48.03 0 0 1 0 0
548 21.09 79.06 1 0 0 0 0
201 -1.17 36.49 1 0 0 0 0
470 41.2 69.18 1 0 0 0 0
203 -4.03 39.4 1 0 0 0 0
539 30.19 78.02 1 0 0 0 0
556 10.49 78.41 1 0 0 0 0
557 9.56 78.07 1 0 0 0 0
488 39.56 32.52 0 0 1 0 0
162 13.38 25.21 0 0 1 0 0
200 0.19 32.25 1 0 0 0 0
543 26.28 80.21 1 0 0 0 0
555 13.05 80.17 1 0 0 0 0
204 -6.1 39.11 1 0 0 0 0
456 48.44 44.25 0 0 1 0 0
205 -6.48 39.17 1 0 0 0 0
455 47.14 39.42 0 0 1 0 0
558 6.56 79.51 1 0 0 0 0
552 17.42 83.18 1 0 0 0 0
454 44.36 33.32 0 0 1 0 0
544 25.2 83 1 0 0 0 0
199 -1.57 30.04 1 0 0 0 0
231 -12.16 49.17 1 0 0 0 0
198 -3.23 29.22 1 0 0 0 0
545 25.36 85.07 1 0 0 0 0
549 20.3 85.5 1 0 0 0 0
450 53.12 50.09 0 0 1 0 0
350 51.03 13.44 0 0 1 0 0
266 47.23 0.41 0 0 1 0 0
334 52.07 11.38 0 0 1 0 0
423 42.38 18.07 0 0 1 0 0
245 41.38 -0.53 0 0 1 0 0
277 51.03 3.43 0 0 1 0 0
280 51.55 4.28 0 0 1 0 0
388 35.54 14.31 0 0 1 0 0
282 52.05 5.08 0 0 1 0 0
421 43.52 18.25 0 0 1 0 0
403 49.12 16.37 0 0 1 0 0
404 48.09 17.07 0 0 1 0 0
243 39.28 -0.22 0 0 1 0 0
328 53.04 8.49 0 0 1 0 0
408 46.05 18.13 0 0 1 0 0
281 52.22 4.54 0 0 1 0 0
329 53.33 9.59 0 0 1 0 0
335 52.31 13.24 0 0 1 0 0
283 53.13 6.33 0 0 1 0 0
242 38.21 -0.29 0 0 1 0 0
267 49.3 0.08 0 0 1 0 0
265 47.13 -1.33 0 0 1 0 0
425 41.2 19.5 0 0 1 0 0
330 54.2 10.08 0 0 1 0 0
406 47.3 19.05 0 0 1 0 0
264 48.05 -1.41 0 0 1 0 0
248 43.15 -2.58 0 0 1 0 0
331 54.05 12.07 0 0 1 0 0
402 49.5 18.17 0 0 1 0 0
286 50.5 -0.08 0 0 1 0 0
396 51.06 17 0 0 1 0 0
389 53.24 14.32 0 0 1 0 0
430 39.36 19.56 0 0 1 0 0
152 32.54 13.11 0 0 1 0 0
422 44.5 20.3 0 0 1 0 0
409 46.15 20.09 0 0 1 0 0
289 51.3 -0.1 0 0 1 0 0
392 52.25 16.55 0 0 1 0 0
146 35.43 -0.43 0 0 1 0 0
326 55.24 10.23 0 0 1 0 0
397 50.16 19 0 0 1 0 0
246 40.24 -3.41 0 0 1 0 0
285 50.43 -1.54 0 0 1 0 0
410 45.45 21.13 0 0 1 0 0
424 41.59 21.26 0 0 1 0 0
327 55.4 12.35 0 0 1 0 0
398 50.03 19.58 0 0 1 0 0
321 55.36 13 0 0 1 0 0
325 56.09 10.13 0 0 1 0 0
247 41.39 -4.43 0 0 1 0 0
407 47.32 21.38 0 0 1 0 0
393 51.46 19.3 0 0 1 0 0
405 48.43 21.15 0 0 1 0 0
391 53.08 18 0 0 1 0 0
240 37.13 -3.41 0 0 1 0 0
290 52.3 -1.5 0 0 1 0 0
288 51.27 -2.35 0 0 1 0 0
432 38.15 21.44 0 0 1 0 0
263 48.24 -4.29 0 0 1 0 0
431 40.38 22.56 0 0 1 0 0
293 53.23 -1.3 0 0 1 0 0
287 51.29 -3.13 0 0 1 0 0
241 37.53 -4.46 0 0 1 0 0
294 53.5 -1.35 0 0 1 0 0
320 57.43 11.58 0 0 1 0 0
426 42.41 23.19 0 0 1 0 0
284 50.23 -4.1 0 0 1 0 0
239 36.43 -4.25 0 0 1 0 0
390 54.23 18.4 0 0 1 0 0
292 53.3 -2.15 0 0 1 0 0
411 46.47 23.36 0 0 1 0 0
291 53.25 -2.55 0 0 1 0 0
295 54.59 -1.35 0 0 1 0 0
394 52.15 21 0 0 1 0 0
237 37.23 -5.59 0 0 1 0 0
413 45.48 24.09 0 0 1 0 0
318 58.58 5.45 0 0 1 0 0
433 37.58 23.43 0 0 1 0 0
399 51.15 22.35 0 0 1 0 0
427 42.09 24.45 0 0 1 0 0
153 32.07 20.04 0 0 1 0 0
145 35.48 -5.45 0 0 1 0 0
144 34.05 -4.57 0 0 1 0 0
441 54.43 20.3 0 0 1 0 0
238 36.32 -6.18 0 0 1 0 0
319 59.55 10.45 0 0 1 0 0
322 58.25 15.37 0 0 1 0 0
619 45.45 126.41 0 0 0 0 1
578 -0.57 100.21 0 0 0 0 1
577 3.35 98.4 0 0 0 0 1
623 43.03 141.21 0 0 0 0 1
483 48.27 135.06 0 0 0 0 1
484 46.58 142.42 0 0 0 0 1
481 50.17 127.32 0 0 0 0 1
482 50.35 137.02 0 0 0 0 1
658 11.35 165.23 0 1 0 0 0
647 -23.42 133.53 0 1 0 0 0
646 -19.16 146.48 0 1 0 0 0
656 -9.26 159.57 0 1 0 0 0
475 47.55 106.53 0 0 0 0 1
476 52.03 113.3 0 0 0 0 1
657 -0.32 166.55 0 1 0 0 0
474 52.16 104.2 0 0 0 0 1
640 -31.56 115.5 0 1 0 0 0
477 62.13 129.49 0 0 0 0 1
645 -27.28 153.02 0 1 0 0 0
479 53.01 158.39 0 0 0 0 1
641 -34.55 138.35 0 1 0 0 0
480 59.34 150.48 0 0 0 0 1
655 -22.16 166.27 0 1 0 0 0
644 -33.52 151.13 0 1 0 0 0
642 -37.49 144.58 0 1 0 0 0
654 -18.08 178.25 0 1 0 0 0
643 -42.53 147.19 0 1 0 0 0
651 -36.52 174.46 0 1 0 0 0
478 64.45 177.29 0 0 0 0 1
650 -41.18 174.47 0 1 0 0 0
649 -43.32 172.38 0 1 0 0 0
648 -45.52 170.3 0 1 0 0 0
70 9.56 -84.05 0 0 0 1 0
46 40.43 -74.01 0 0 0 1 0
13 45.25 -75.42 0 0 0 1 0
11 58.46 -94.1 0 0 0 1 0
18 47.36 -122.2 0 0 0 1 0
14 45.31 -73.34 0 0 0 1 0
76 18.32 -72.2 0 0 0 1 0
5 49.16 -123.07 0 0 0 1 0
71 8.58 -79.32 0 0 0 1 0
45 42.21 -71.04 0 0 0 1 0
15 46.49 -71.14 0 0 0 1 0
77 18.28 -69.54 0 0 0 1 0
92 -0.56 -91.01 0 0 0 1 0
16 44.39 -63.36 0 0 0 1 0
4 58.2 -134.27 0 0 0 1 0
17 47.34 -52.43 0 0 0 1 0
309 76.34 -68.47 0 0 0 1 0
661 -9.45 -139 0 0 0 1 0
308 64.11 -51.44 0 0 0 1 0
3 61.13 -149.53 0 0 0 1 0
2 64.51 -147.43 0 0 0 1 0
659 21.19 -157.52 0 0 0 1 0
663 -25.04 -130.06 0 0 0 1 0
660 1.52 -157.2 0 0 0 1 0
662 -17.32 -149.34 0 0 0 1 0
1 71.17 -156.47 0 0 0 1 0
653 -14.16 -170.42 0 0 0 1 0
652 -21.08 -175.12 0 0 0 1 0
90 4.36 -74.05 0 0 0 1 0
130 -8.03 -34.54 1 0 0 0 0
131 -5.47 -35.13 1 0 0 0 0
81 10.39 -61.31 0 0 0 1 0
91 3.27 -76.31 0 0 0 1 0
106 -36.5 -73.03 0 0 0 1 0
86 10.3 -66.56 0 0 0 1 0
89 6.15 -75.35 0 0 0 1 0
80 13.06 -59.37 0 0 0 1 0
87 10.4 -71.37 0 0 0 1 0
82 12.06 -68.56 0 0 0 1 0
79 14.36 -61.05 0 0 0 1 0
88 10.59 -74.48 0 0 0 1 0
78 18.28 -66.07 0 0 0 1 0
108 -51.42 -57.51 0 0 0 1 0
107 -53.09 -70.55 0 0 0 1 0
217 -37.15 -12.3 1 0 0 0 0
664 -27.07 -109.22 0 0 0 1 0
216 -15.57 -5.42 1 0 0 0 0
665 -90 0 1 0 0 0 0
469 43.15 76.57 0 0 0 0 1
559 27.43 85.19 0 0 0 0 1
197 0.3 25.12 1 0 0 0 0
451 51.4 39.1 0 0 1 0 0
452 50 36.15 0 0 1 0 0
449 55.45 49.08 0 0 1 0 0
546 22.32 88.22 0 0 0 0 1
468 49.5 73.1 0 0 0 0 1
462 56.51 60.36 0 0 1 0 0
560 27.28 89.39 0 0 0 0 1
561 23.43 90.25 0 0 0 0 1
461 58 56.15 0 0 1 0 0
230 -18.55 47.31 1 0 0 0 0
562 22.2 91.5 0 0 0 0 1
213 -15.47 35 1 0 0 0 0
196 -5.54 22.25 1 0 0 0 0
601 29.4 91.09 0 0 0 0 1
208 -11.4 27.28 1 0 0 0 0
232 -20.1 57.3 1 0 0 0 0
465 55 73.24 0 0 0 0 1
209 -12.49 28.13 1 0 0 0 0
473 43.48 87.35 0 0 0 0 1
210 -15.25 28.17 1 0 0 0 0
212 -17.5 31.03 1 0 0 0 0
214 -19.49 34.52 1 0 0 0 0
563 22 96.05 0 0 0 0 1
564 16.47 96.1 0 0 0 0 1
229 -23.21 43.4 1 0 0 0 0
466 55.02 82.55 0 0 0 0 1
565 18.47 98.59 0 0 0 0 1
211 -20.09 28.36 1 0 0 0 0
463 67.27 63.58 0 0 1 0 0
206 -8.48 13.14 1 0 0 0 0
207 -12.44 15.47 1 0 0 0 0
215 -25.58 32.35 1 0 0 0 0
606 25.05 102.4 0 0 0 0 1
222 -25.45 28.1 1 0 0 0 0
221 -24.45 25.55 1 0 0 0 0
223 -26.15 28 1 0 0 0 0
604 30.39 104.04 0 0 0 0 1
602 36.03 103.41 0 0 0 0 1
467 56.01 92.5 0 0 0 0 1
225 -29.55 30.56 1 0 0 0 0
219 -22.34 17.06 1 0 0 0 0
224 -29.12 26.07 1 0 0 0 0
218 -22.59 14.31 1 0 0 0 0
226 -33 27.55 1 0 0 0 0
220 -26.38 15.1 1 0 0 0 0
227 -33.58 25.4 1 0 0 0 0
464 69.2 88.06 0 0 0 0 1
228 -33.55 18.22 1 0 0 0 0
444 49.5 24 0 0 1 0 0
414 45.39 25.37 0 0 1 0 0
249 43.22 -8.23 0 0 1 0 0
324 57.38 18.18 0 0 1 0 0
296 55.57 -3.13 0 0 1 0 0
236 41.11 -8.36 0 0 1 0 0
317 60.23 5.2 0 0 1 0 0
415 44.26 26.06 0 0 1 0 0
395 53.09 23.09 0 0 1 0 0
298 56.28 -3 0 0 1 0 0
299 57.1 -2.04 0 0 1 0 0
143 34.02 -6.51 0 0 1 0 0
297 55.53 -4.15 0 0 1 0 0
304 53.2 -6.15 0 0 1 0 0
305 54.35 -5.55 0 0 1 0 0
434 35.2 25.09 0 0 1 0 0
235 38.43 -9.08 0 0 1 0 0
323 59.2 18.03 0 0 1 0 0
429 42.3 27.28 0 0 1 0 0
142 33.39 -7.35 0 0 1 0 0
428 43.13 27.55 0 0 1 0 0
302 51.54 -8.28 0 0 1 0 0
487 38.25 27.09 0 0 1 0 0
412 47.1 27.35 0 0 1 0 0
303 52.4 -8.38 0 0 1 0 0
300 60.09 -1.09 0 0 1 0 0
416 44.11 28.39 0 0 1 0 0
306 55 -7.19 0 0 1 0 0
442 54.41 25.19 0 0 1 0 0
486 41.01 28.58 0 0 1 0 0
316 63.25 10.25 0 0 1 0 0
440 56.57 24.06 0 0 1 0 0
141 31.38 -8 0 0 1 0 0
148 22.56 5.3 1 0 0 0 0
443 53.54 27.34 0 0 1 0 0
314 60.27 22.17 0 0 1 0 0
446 46.28 30.44 0 0 1 0 0
439 59.25 24.45 0 0 1 0 0
445 50.26 30.31 0 0 1 0 0
315 60.1 24.58 0 0 1 0 0
313 61.3 23.45 0 0 1 0 0
301 62.01 -6.46 0 0 1 0 0
453 48.27 34.59 0 0 1 0 0
311 68.26 17.25 0 0 1 0 0
438 59.55 30.15 0 0 1 0 0
312 65.01 25.28 0 0 1 0 0
140 32.38 -16.54 0 0 1 0 0
139 28.06 -15.24 0 0 1 0 0
170 16.46 -3.01 1 0 0 0 0
182 13.31 2.07 1 0 0 0 0
310 70.4 23.42 0 0 1 0 0
447 55.45 37.35 0 0 1 0 0
183 12 8.3 1 0 0 0 0
185 12.07 15.03 1 0 0 0 0
184 11.51 13.1 1 0 0 0 0
181 12.22 -1.31 1 0 0 0 0
234 37.44 -25.4 0 0 1 0 0
166 18.06 -15.57 1 0 0 0 0
171 12.39 -8 1 0 0 0 0
436 68.58 33.05 0 0 1 0 0
307 64.09 -21.51 0 0 1 0 0
187 6.27 7.27 1 0 0 0 0
186 6.27 3.24 1 0 0 0 0
180 6.29 2.37 1 0 0 0 0
172 10.23 -9.18 1 0 0 0 0
448 56.2 44 0 0 1 0 0
179 6.08 1.13 1 0 0 0 0
437 64.34 40.32 0 0 1 0 0
177 6.41 -1.35 1 0 0 0 0
167 14.4 -17.26 1 0 0 0 0
178 5.33 -0.13 1 0 0 0 0
168 13.28 -16.39 1 0 0 0 0
189 3.45 8.47 1 0 0 0 0
190 3.52 11.31 1 0 0 0 0
169 11.51 -15.35 1 0 0 0 0
176 5.19 -4.02 1 0 0 0 0
191 4.22 18.35 1 0 0 0 0
173 9.31 -13.43 1 0 0 0 0
174 8.3 -13.15 1 0 0 0 0
175 6.18 -10.47 1 0 0 0 0
138 14.55 -23.31 1 0 0 0 0
192 0.23 9.27 1 0 0 0 0
188 0.2 6.44 1 0 0 0 0
195 0.04 18.16 1 0 0 0 0
0 90 0 0 0 1 0 0
193 -4.16 15.17 1 0 0 0 0
194 -4.18 15.18 1 0 0 0 0
