1 101 52.31 13.24 1
1 155 53.24 14.32 1
1 116 51.03 13.44 1
1 114 51.19 12.2 1
1 100 52.07 11.38 1
1 97 54.05 12.07 1
1 113 51.29 11.58 1
1 115 50.5 12.55 1
1 167 50.05 14.26 1
1 87 55.36 13 1
1 112 50.58 11.01 1
1 166 49.45 13.23 1
1 93 55.4 12.35 1
1 148 41.27 15.34 2
1 186 43.31 16.27 2
1 147 40.51 14.17 2
1 149 41.07 16.52 2
1 146 41.54 12.29 2
1 144 43.55 12.28 2
1 150 40.28 17.15 2
1 184 45.2 14.27 2
1 189 42.38 18.07 2
1 185 45.48 15.58 2
1 74 64.11 -51.44 3
1 12 40.24 -3.41 4
1 13 41.39 -4.43 4
1 7 37.53 -4.46 4
1 6 37.13 -3.41 4
1 11 41.38 -0.53 4
1 9 39.28 -0.22 4
1 14 43.15 -2.58 4
1 57 53.25 -2.55 5
1 71 54.35 -5.55 5
1 63 55.53 -4.15 5
1 58 53.3 -2.15 5
1 70 53.2 -6.15 5
1 62 55.57 -3.13 5
1 53 51.29 -3.13 5
1 60 53.5 -1.35 5
1 59 53.23 -1.3 5
1 64 56.28 -3 5
1 37 48.41 6.12 6
1 39 49.36 6.09 6
1 117 49.14 6.59 6
1 36 47.19 5.01 6
1 38 48.35 7.45 6
1 129 47.33 7.35 6
1 35 49.15 4.02 6
1 40 50.38 5.34 6
1 102 50.47 6.05 6
1 127 46.31 6.38 6
1 128 46.57 7.26 6
1 126 46.12 6.09 6
1 104 50.56 6.59 6
1 103 50.44 7.05 6
1 122 49.03 8.24 6
1 130 47.23 8.32 6
1 119 49.25 8.43 6
1 41 50.5 4.2 6
1 105 51.12 6.47 6
1 192 42.41 23.19 7
1 193 42.09 24.45 7
1 179 45.48 24.09 7
1 181 44.26 26.06 7
1 180 45.39 25.37 7
1 190 41.59 21.26 7
1 177 46.47 23.36 7
1 197 40.38 22.56 7
1 80 60.27 22.17 8
1 89 59.2 18.03 8
1 81 60.1 24.58 8
1 79 61.3 23.45 8
1 161 53.09 23.09 8
2 158 52.25 16.55 6
2 96 54.2 10.08 2
2 124 49.01 12.06 2
2 95 53.33 9.59 2
2 121 49.27 11.04 2
2 162 51.06 17 6
2 92 55.24 10.23 2
2 133 48.18 14.18 8
2 169 49.12 16.37 6
2 157 53.08 18 6
2 125 48.08 11.34 2
2 91 56.09 10.13 2
2 140 45.4 13.46 8
2 187 43.52 18.25 5
2 183 46.03 14.31 8
2 143 43.46 11.15 8
2 139 45.27 12.21 8
2 151 38.11 15.33 8
2 142 44.29 11.2 8
2 153 38.07 13.21 8
2 191 41.2 19.5 5
2 75 76.34 -68.47 3
2 8 38.21 -0.29 1
2 3 37.23 -5.59 1
2 5 36.43 -4.25 1
2 16 38.54 1.26 1
2 4 36.32 -6.18 1
2 2 41.11 -8.36 1
2 56 52.3 -1.5 4
2 61 54.59 -1.35 4
2 54 51.27 -2.35 4
2 72 55 -7.19 4
2 50 50.23 -4.1 4
2 65 57.1 -2.04 4
2 51 50.43 -1.54 4
2 69 52.4 -8.38 4
2 55 51.3 -0.1 4
2 68 51.54 -8.28 4
2 45 51.26 5.28 7
2 118 50.07 8.4 2
2 106 51.17 7.17 2
2 107 51.28 7.01 2
2 108 51.28 7.13 2
2 109 51.32 7.13 2
2 123 48.46 9.11 2
2 44 51.13 4.25 7
2 27 45.45 4.51 7
2 110 51.31 7.28 2
2 28 45.1 5.43 7
2 42 50.38 3.04 7
2 98 51.57 7.37 2
2 26 45.26 4.24 7
2 46 51.55 4.28 7
2 43 51.03 3.43 7
2 136 45.03 7.4 7
2 34 48.52 2.2 7
2 195 42.3 27.28 5
2 176 45.45 21.13 5
2 194 43.13 27.55 5
2 188 44.5 20.3 5
2 182 44.11 28.39 5
2 173 47.32 21.38 5
2 175 46.15 20.09 5
2 160 52.15 21 6
2 165 51.15 22.35 6
2 159 51.46 19.3 6
2 163 50.16 19 6
3 132 47.48 13.02 4
3 86 57.43 11.58 6
3 156 54.23 18.4 2
3 131 47.16 11.24 4
3 168 49.5 18.17 2
3 170 48.09 17.07 2
3 88 58.25 15.37 6
3 164 50.03 19.58 2
3 90 57.38 18.18 2
3 49 53.13 6.33 6
3 85 59.55 10.45 6
3 82 63.25 10.25 6
3 135 47.05 15.27 2
3 152 37.3 15.06 1
3 138 45.27 11 4
3 196 39.36 19.56 1
3 134 48.13 16.2 2
3 145 39.2 9 4
3 154 35.54 14.31 1
3 198 38.15 21.44 1
3 20 43.36 1.26 5
3 17 39.34 2.39 5
3 15 43.22 -8.23 5
3 1 38.43 -9.08 5
3 31 47.13 -1.33 5
3 52 50.5 -0.08 5
3 29 48.24 -4.29 5
3 30 48.05 -1.41 5
3 66 60.09 -1.09 6
3 67 62.01 -6.46 3
3 84 58.58 5.45 6
3 83 60.23 5.2 6
3 73 64.09 -21.51 3
3 0 37.44 -25.4 8
3 48 52.05 5.08 6
3 120 49.48 9.56 4
3 47 52.22 4.54 6
3 111 51.19 9.29 6
3 137 45.28 9.12 4
3 141 44.25 8.57 4
3 22 43.42 7.15 4
3 23 43.42 7.23 4
3 21 43.18 5.24 4
3 99 52.24 9.44 6
3 94 53.04 8.49 6
3 25 45.5 1.16 5
3 32 47.23 0.41 5
3 33 49.3 0.08 5
3 24 42.42 9.27 4
3 19 44.5 -0.34 5
3 18 42.3 1.31 5
3 10 41.23 2.11 5
3 178 47.1 27.35 2
3 199 37.58 23.43 1
3 172 47.3 19.05 2
3 174 46.05 18.13 2
3 200 35.2 25.09 1
3 201 35.1 33.22 1
3 78 65.01 25.28 7
3 171 48.43 21.15 2
3 77 68.26 17.25 7
3 76 70.4 23.42 7
