1 0 37.44 -25.4 3
1 2 41.11 -8.36 6
1 4 36.32 -6.18 6
1 5 36.43 -4.25 6
1 12 40.24 -3.41 6
1 17 39.34 2.39 6
1 19 44.5 -0.34 6
1 22 43.42 7.15 2
1 23 43.42 7.23 2
1 28 45.1 5.43 2
1 30 48.05 -1.41 7
1 37 48.41 6.12 2
1 40 50.38 5.34 2
1 43 51.03 3.43 2
1 46 51.55 4.28 2
1 47 52.22 4.54 2
1 51 50.43 -1.54 7
1 54 51.27 -2.35 7
1 55 51.3 -0.1 7
1 57 53.25 -2.55 7
1 58 53.3 -2.15 7
1 61 54.59 -1.35 7
1 65 57.1 -2.04 7
1 67 62.01 -6.46 7
1 72 55 -7.19 7
1 77 68.26 17.25 5
1 78 65.01 25.28 5
1 80 60.27 22.17 5
1 86 57.43 11.58 1
1 89 59.2 18.03 5
1 90 57.38 18.18 5
1 91 56.09 10.13 1
1 93 55.4 12.35 1
1 94 53.04 8.49 1
1 96 54.2 10.08 1
1 101 52.31 13.24 1
1 102 50.47 6.05 2
1 105 51.12 6.47 2
1 107 51.28 7.01 2
1 108 51.28 7.13 2
1 110 51.31 7.28 2
1 115 50.5 12.55 1
1 122 49.03 8.24 2
1 125 48.08 11.34 2
1 127 46.31 6.38 2
1 133 48.18 14.18 1
1 136 45.03 7.4 2
1 140 45.4 13.46 8
1 149 41.07 16.52 8
1 152 37.3 15.06 8
1 153 38.07 13.21 8
1 155 53.24 14.32 1
1 161 53.09 23.09 4
1 163 50.16 19 4
1 175 46.15 20.09 4
1 176 45.45 21.13 4
1 181 44.26 26.06 4
1 182 44.11 28.39 4
1 183 46.03 14.31 8
1 186 43.31 16.27 8
1 187 43.52 18.25 8
1 188 44.5 20.3 4
1 189 42.38 18.07 8
1 190 41.59 21.26 4
1 192 42.41 23.19 4
1 195 42.3 27.28 4
1 196 39.36 19.56 8
1 198 38.15 21.44 8
2 9 39.28 -0.22 4
2 11 41.38 -0.53 4
2 16 38.54 1.26 4
2 21 43.18 5.24 4
2 24 42.42 9.27 5
2 31 47.13 -1.33 4
2 33 49.3 0.08 4
2 34 48.52 2.2 4
2 36 47.19 5.01 4
2 38 48.35 7.45 8
2 39 49.36 6.09 8
2 41 50.5 4.2 8
2 45 51.26 5.28 8
2 50 50.23 -4.1 2
2 62 55.57 -3.13 2
2 68 51.54 -8.28 2
2 69 52.4 -8.38 2
2 71 54.35 -5.55 2
2 73 64.09 -21.51 6
2 76 70.4 23.42 3
2 79 61.3 23.45 3
2 82 63.25 10.25 3
2 87 55.36 13 8
2 92 55.24 10.23 8
2 95 53.33 9.59 8
2 99 52.24 9.44 8
2 100 52.07 11.38 8
2 109 51.32 7.13 8
2 111 51.19 9.29 8
2 112 50.58 11.01 8
2 114 51.19 12.2 8
2 117 49.14 6.59 8
2 118 50.07 8.4 8
2 126 46.12 6.09 4
2 128 46.57 7.26 8
2 129 47.33 7.35 8
2 132 47.48 13.02 5
2 135 47.05 15.27 7
2 139 45.27 12.21 5
2 142 44.29 11.2 5
2 143 43.46 11.15 5
2 154 35.54 14.31 5
2 156 54.23 18.4 7
2 158 52.25 16.55 7
2 164 50.03 19.58 7
2 165 51.15 22.35 7
2 166 49.45 13.23 8
2 168 49.5 18.17 7
2 169 49.12 16.37 7
2 170 48.09 17.07 7
2 172 47.3 19.05 7
2 173 47.32 21.38 7
2 174 46.05 18.13 7
2 177 46.47 23.36 1
2 178 47.1 27.35 1
2 179 45.48 24.09 1
2 180 45.39 25.37 1
2 184 45.2 14.27 5
2 185 45.48 15.58 5
2 191 41.2 19.5 1
2 193 42.09 24.45 1
2 194 43.13 27.55 1
2 197 40.38 22.56 1
2 199 37.58 23.43 1
2 200 35.2 25.09 1
2 201 35.1 33.22 1
3 1 38.43 -9.08 5
3 3 37.23 -5.59 5
3 6 37.13 -3.41 5
3 7 37.53 -4.46 5
3 8 38.21 -0.29 5
3 10 41.23 2.11 5
3 13 41.39 -4.43 5
3 14 43.15 -2.58 5
3 15 43.22 -8.23 5
3 18 42.3 1.31 5
3 20 43.36 1.26 5
3 25 45.5 1.16 5
3 26 45.26 4.24 7
3 27 45.45 4.51 7
3 29 48.24 -4.29 1
3 32 47.23 0.41 1
3 35 49.15 4.02 7
3 42 50.38 3.04 7
3 44 51.13 4.25 7
3 48 52.05 5.08 7
3 49 53.13 6.33 7
3 52 50.5 -0.08 1
3 53 51.29 -3.13 1
3 56 52.3 -1.5 1
3 59 53.23 -1.3 1
3 60 53.5 -1.35 1
3 63 55.53 -4.15 1
3 64 56.28 -3 1
3 66 60.09 -1.09 6
3 70 53.2 -6.15 1
3 74 64.11 -51.44 8
3 75 76.34 -68.47 2
3 81 60.1 24.58 3
3 83 60.23 5.2 6
3 84 58.58 5.45 6
3 85 59.55 10.45 6
3 88 58.25 15.37 3
3 97 54.05 12.07 3
3 98 51.57 7.37 7
3 103 50.44 7.05 7
3 104 50.56 6.59 7
3 106 51.17 7.17 7
3 113 51.29 11.58 7
3 116 51.03 13.44 3
3 119 49.25 8.43 7
3 120 49.48 9.56 7
3 121 49.27 11.04 7
3 123 48.46 9.11 7
3 124 49.01 12.06 7
3 130 47.23 8.32 7
3 131 47.16 11.24 7
3 134 48.13 16.2 3
3 137 45.28 9.12 7
3 138 45.27 11 4
3 141 44.25 8.57 7
3 144 43.55 12.28 4
3 145 39.2 9 4
3 146 41.54 12.29 4
3 147 40.51 14.17 4
3 148 41.27 15.34 4
3 150 40.28 17.15 4
3 151 38.11 15.33 4
3 157 53.08 18 3
3 159 51.46 19.3 3
3 160 52.15 21 3
3 162 51.06 17 3
3 167 50.05 14.26 3
3 171 48.43 21.15 3
