1 0 37.44 -25.4 5
1 4 36.32 -6.18 4
1 5 36.43 -4.25 4
1 10 41.23 2.11 4
1 11 41.38 -0.53 4
1 13 41.39 -4.43 4
1 15 43.22 -8.23 4
1 16 38.54 1.26 4
1 25 45.5 1.16 4
1 30 48.05 -1.41 6
1 31 47.13 -1.33 6
1 35 49.15 4.02 3
1 42 50.38 3.04 3
1 43 51.03 3.43 3
1 44 51.13 4.25 3
1 47 52.22 4.54 3
1 52 50.5 -0.08 6
1 57 53.25 -2.55 6
1 60 53.5 -1.35 6
1 63 55.53 -4.15 6
1 64 56.28 -3 6
1 66 60.09 -1.09 6
1 68 51.54 -8.28 6
1 69 52.4 -8.38 6
1 73 64.09 -21.51 5
1 74 64.11 -51.44 2
1 75 76.34 -68.47 2
1 76 70.4 23.42 8
1 78 65.01 25.28 8
1 79 61.3 23.45 8
1 80 60.27 22.17 8
1 81 60.1 24.58 8
1 83 60.23 5.2 3
1 85 59.55 10.45 3
1 86 57.43 11.58 3
1 92 55.24 10.23 3
1 97 54.05 12.07 3
1 98 51.57 7.37 3
1 99 52.24 9.44 3
1 102 50.47 6.05 3
1 104 50.56 6.59 3
1 108 51.28 7.13 3
1 109 51.32 7.13 3
1 116 51.03 13.44 3
1 120 49.48 9.56 3
1 121 49.27 11.04 3
1 124 49.01 12.06 3
1 129 47.33 7.35 3
1 130 47.23 8.32 3
1 137 45.28 9.12 1
1 138 45.27 11 1
1 142 44.29 11.2 1
1 145 39.2 9 1
1 147 40.51 14.17 1
1 152 37.3 15.06 1
1 155 53.24 14.32 3
1 156 54.23 18.4 7
1 158 52.25 16.55 7
1 159 51.46 19.3 7
1 160 52.15 21 7
1 165 51.15 22.35 7
1 166 49.45 13.23 3
1 170 48.09 17.07 7
1 171 48.43 21.15 7
1 182 44.11 28.39 7
1 184 45.2 14.27 1
1 189 42.38 18.07 1
1 196 39.36 19.56 1
2 3 37.23 -5.59 8
2 7 37.53 -4.46 8
2 8 38.21 -0.29 8
2 12 40.24 -3.41 8
2 19 44.5 -0.34 8
2 22 43.42 7.15 3
2 26 45.26 4.24 3
2 27 45.45 4.51 3
2 36 47.19 5.01 3
2 40 50.38 5.34 3
2 46 51.55 4.28 3
2 49 53.13 6.33 3
2 51 50.43 -1.54 4
2 53 51.29 -3.13 4
2 54 51.27 -2.35 4
2 59 53.23 -1.3 4
2 65 57.1 -2.04 4
2 87 55.36 13 7
2 88 58.25 15.37 7
2 95 53.33 9.59 7
2 96 54.2 10.08 7
2 100 52.07 11.38 7
2 103 50.44 7.05 3
2 105 51.12 6.47 3
2 107 51.28 7.01 3
2 111 51.19 9.29 7
2 112 50.58 11.01 7
2 113 51.29 11.58 7
2 115 50.5 12.55 7
2 117 49.14 6.59 3
2 123 48.46 9.11 3
2 131 47.16 11.24 5
2 132 47.48 13.02 5
2 133 48.18 14.18 2
2 134 48.13 16.2 2
2 135 47.05 15.27 2
2 139 45.27 12.21 5
2 140 45.4 13.46 5
2 143 43.46 11.15 5
2 148 41.27 15.34 5
2 153 38.07 13.21 5
2 154 35.54 14.31 5
2 157 53.08 18 2
2 161 53.09 23.09 2
2 163 50.16 19 2
2 168 49.5 18.17 2
2 169 49.12 16.37 2
2 172 47.3 19.05 2
2 173 47.32 21.38 2
2 174 46.05 18.13 2
2 175 46.15 20.09 2
2 177 46.47 23.36 1
2 178 47.1 27.35 1
2 179 45.48 24.09 1
2 180 45.39 25.37 1
2 181 44.26 26.06 1
2 183 46.03 14.31 5
2 187 43.52 18.25 5
2 192 42.41 23.19 1
2 194 43.13 27.55 1
2 195 42.3 27.28 1
2 197 40.38 22.56 6
2 198 38.15 21.44 6
2 199 37.58 23.43 6
2 200 35.2 25.09 6
2 201 35.1 33.22 6
3 1 38.43 -9.08 3
3 2 41.11 -8.36 3
3 6 37.13 -3.41 3
3 9 39.28 -0.22 3
3 14 43.15 -2.58 3
3 17 39.34 2.39 3
3 18 42.3 1.31 3
3 20 43.36 1.26 3
3 21 43.18 5.24 5
3 23 43.42 7.23 5
3 24 42.42 9.27 5
3 28 45.1 5.43 5
3 29 48.24 -4.29 8
3 32 47.23 0.41 8
3 33 49.3 0.08 8
3 34 48.52 2.2 8
3 37 48.41 6.12 1
3 38 48.35 7.45 1
3 39 49.36 6.09 1
3 41 50.5 4.2 1
3 45 51.26 5.28 1
3 48 52.05 5.08 1
3 50 50.23 -4.1 8
3 55 51.3 -0.1 8
3 56 52.3 -1.5 8
3 58 53.3 -2.15 4
3 61 54.59 -1.35 4
3 62 55.57 -3.13 4
3 67 62.01 -6.46 4
3 70 53.2 -6.15 4
3 71 54.35 -5.55 4
3 72 55 -7.19 4
3 77 68.26 17.25 7
3 82 63.25 10.25 7
3 84 58.58 5.45 1
3 89 59.2 18.03 7
3 90 57.38 18.18 7
3 91 56.09 10.13 1
3 93 55.4 12.35 6
3 94 53.04 8.49 1
3 101 52.31 13.24 6
3 106 51.17 7.17 1
3 110 51.31 7.28 1
3 114 51.19 12.2 6
3 118 50.07 8.4 1
3 119 49.25 8.43 1
3 122 49.03 8.24 1
3 125 48.08 11.34 6
3 126 46.12 6.09 5
3 127 46.31 6.38 5
3 128 46.57 7.26 5
3 136 45.03 7.4 5
3 141 44.25 8.57 5
3 144 43.55 12.28 5
3 146 41.54 12.29 5
3 149 41.07 16.52 2
3 150 40.28 17.15 2
3 151 38.11 15.33 2
3 162 51.06 17 6
3 164 50.03 19.58 6
3 167 50.05 14.26 6
3 176 45.45 21.13 2
3 185 45.48 15.58 2
3 186 43.31 16.27 2
3 188 44.5 20.3 2
3 190 41.59 21.26 2
3 191 41.2 19.5 2
3 193 42.09 24.45 2
