1 6 36.43 -4.25 4
1 19 42.3 1.31 4
1 24 43.42 7.23 1
1 28 45.45 4.51 1
1 45 51.13 4.25 1
1 52 50.43 -1.54 5
1 59 53.3 -2.15 5
1 64 55.53 -4.15 5
1 75 64.11 -51.44 2
1 78 68.26 17.25 3
1 82 60.1 24.58 3
1 88 55.36 13 7
1 89 58.25 15.37 7
1 96 53.33 9.59 7
1 110 51.32 7.13 1
1 115 51.19 12.2 7
1 123 49.03 8.24 1
1 125 49.01 12.06 1
1 141 45.4 13.46 1
1 144 43.46 11.15 1
1 156 53.24 14.32 7
1 159 52.25 16.55 7
1 160 51.46 19.3 8
1 162 53.09 23.09 8
1 171 48.09 17.07 8
1 173 47.3 19.05 8
1 176 46.15 20.09 8
1 180 45.48 24.09 8
1 182 44.26 26.06 6
1 183 44.11 28.39 6
1 190 42.38 18.07 8
1 192 41.2 19.5 8
1 200 37.58 23.43 6
1 202 35.1 33.22 6
2 2 38.43 -9.08 2
2 3 41.11 -8.36 2
2 4 37.23 -5.59 2
2 7 37.13 -3.41 2
2 9 38.21 -0.29 2
2 11 41.23 2.11 2
2 13 40.24 -3.41 2
2 15 43.15 -2.58 2
2 17 38.54 1.26 2
2 20 44.5 -0.34 2
2 22 43.18 5.24 7
2 26 45.5 1.16 4
2 27 45.26 4.24 7
2 29 45.1 5.43 7
2 33 47.23 0.41 4
2 35 48.52 2.2 4
2 36 49.15 4.02 7
2 37 47.19 5.01 7
2 38 48.41 6.12 7
2 39 48.35 7.45 7
2 41 50.38 5.34 7
2 42 50.5 4.2 7
2 43 50.38 3.04 4
2 44 51.03 3.43 4
2 46 51.26 5.28 7
2 47 51.55 4.28 7
2 48 52.22 4.54 7
2 50 53.13 6.33 7
2 53 50.5 -0.08 4
2 55 51.27 -2.35 4
2 61 53.5 -1.35 4
2 65 56.28 -3 4
2 69 51.54 -8.28 4
2 76 76.34 -68.47 3
2 77 70.4 23.42 5
2 79 65.01 25.28 5
2 81 60.27 22.17 5
2 83 63.25 10.25 8
2 84 60.23 5.2 8
2 85 58.58 5.45 8
2 86 59.55 10.45 8
2 87 57.43 11.58 8
2 91 57.38 18.18 5
2 92 56.09 10.13 8
2 93 55.24 10.23 8
2 95 53.04 8.49 7
2 97 54.2 10.08 8
2 99 51.57 7.37 7
2 100 52.24 9.44 7
2 101 52.07 11.38 7
2 103 50.47 6.05 7
2 104 50.44 7.05 7
2 105 50.56 6.59 7
2 106 51.12 6.47 7
2 107 51.17 7.17 7
2 108 51.28 7.01 7
2 111 51.31 7.28 7
2 112 51.19 9.29 7
2 113 50.58 11.01 7
2 116 50.5 12.55 7
2 118 49.14 6.59 7
2 120 49.25 8.43 7
2 121 49.48 9.56 7
2 122 49.27 11.04 7
2 124 48.46 9.11 7
2 126 48.08 11.34 7
2 127 46.12 6.09 7
2 129 46.57 7.26 7
2 130 47.33 7.35 7
2 131 47.23 8.32 7
2 132 47.16 11.24 7
2 135 48.13 16.2 6
2 137 45.03 7.4 7
2 138 45.28 9.12 7
2 140 45.27 12.21 1
2 142 44.25 8.57 7
2 143 44.29 11.2 1
2 145 43.55 12.28 1
2 146 39.2 9 1
2 148 40.51 14.17 1
2 149 41.27 15.34 1
2 151 40.28 17.15 1
2 153 37.3 15.06 1
2 155 35.54 14.31 1
2 163 51.06 17 6
2 164 50.16 19 6
2 166 51.15 22.35 6
2 167 49.45 13.23 7
2 172 48.43 21.15 6
2 174 47.32 21.38 6
2 177 45.45 21.13 6
2 179 47.1 27.35 6
2 185 45.2 14.27 1
2 186 45.48 15.58 1
2 187 43.31 16.27 1
2 191 41.59 21.26 6
2 194 42.09 24.45 6
2 195 43.13 27.55 6
2 197 39.36 19.56 1
2 201 35.2 25.09 6
3 1 37.44 -25.4 8
3 5 36.32 -6.18 5
3 8 37.53 -4.46 5
3 10 39.28 -0.22 5
3 12 41.38 -0.53 5
3 14 41.39 -4.43 5
3 16 43.22 -8.23 5
3 18 39.34 2.39 5
3 21 43.36 1.26 5
3 23 43.42 7.15 1
3 25 42.42 9.27 1
3 30 48.24 -4.29 3
3 31 48.05 -1.41 3
3 32 47.13 -1.33 3
3 34 49.3 0.08 3
3 40 49.36 6.09 4
3 49 52.05 5.08 4
3 51 50.23 -4.1 3
3 54 51.29 -3.13 3
3 56 51.3 -0.1 3
3 57 52.3 -1.5 3
3 58 53.25 -2.55 3
3 60 53.23 -1.3 3
3 62 54.59 -1.35 3
3 63 55.57 -3.13 3
3 66 57.1 -2.04 3
3 67 60.09 -1.09 3
3 68 62.01 -6.46 3
3 70 52.4 -8.38 3
3 71 53.2 -6.15 3
3 72 54.35 -5.55 3
3 73 55 -7.19 3
3 74 64.09 -21.51 6
3 80 61.3 23.45 2
3 90 59.2 18.03 2
3 94 55.4 12.35 4
3 98 54.05 12.07 4
3 102 52.31 13.24 4
3 109 51.28 7.13 4
3 114 51.29 11.58 4
3 117 51.03 13.44 4
3 119 50.07 8.4 4
3 128 46.31 6.38 4
3 133 47.48 13.02 4
3 134 48.18 14.18 4
3 136 47.05 15.27 1
3 139 45.27 11 1
3 147 41.54 12.29 1
3 150 41.07 16.52 1
3 152 38.11 15.33 1
3 154 38.07 13.21 1
3 157 54.23 18.4 2
3 158 53.08 18 2
3 161 52.15 21 2
3 165 50.03 19.58 2
3 168 50.05 14.26 4
3 169 49.5 18.17 2
3 170 49.12 16.37 2
3 175 46.05 18.13 7
3 178 46.47 23.36 7
3 181 45.39 25.37 7
3 184 46.03 14.31 1
3 188 43.52 18.25 7
3 189 44.5 20.3 7
3 193 42.41 23.19 7
3 196 42.3 27.28 7
3 198 40.38 22.56 7
3 199 38.15 21.44 7
