1 2 41.11 -8.36 1
1 4 36.32 -6.18 1
1 11 41.38 -0.53 1
1 12 40.24 -3.41 1
1 13 41.39 -4.43 1
1 14 43.15 -2.58 1
1 19 44.5 -0.34 1
1 22 43.42 7.15 8
1 28 45.1 5.43 8
1 44 51.13 4.25 5
1 45 51.26 5.28 5
1 47 52.22 4.54 5
1 48 52.05 5.08 5
1 49 53.13 6.33 5
1 52 50.5 -0.08 4
1 54 51.27 -2.35 4
1 55 51.3 -0.1 4
1 64 56.28 -3 4
1 71 54.35 -5.55 4
1 78 65.01 25.28 6
1 82 63.25 10.25 6
1 85 59.55 10.45 6
1 89 59.2 18.03 6
1 90 57.38 18.18 6
1 91 56.09 10.13 5
1 95 53.33 9.59 5
1 104 50.56 6.59 5
1 108 51.28 7.13 5
1 112 50.58 11.01 5
1 119 49.25 8.43 5
1 122 49.03 8.24 5
1 123 48.46 9.11 8
1 125 48.08 11.34 8
1 126 46.12 6.09 8
1 129 47.33 7.35 8
1 130 47.23 8.32 8
1 136 45.03 7.4 8
1 137 45.28 9.12 8
1 142 44.29 11.2 8
1 145 39.2 9 8
1 150 40.28 17.15 2
1 151 38.11 15.33 2
1 154 35.54 14.31 2
1 157 53.08 18 3
1 158 52.25 16.55 3
1 161 53.09 23.09 3
1 162 51.06 17 3
1 163 50.16 19 3
1 165 51.15 22.35 3
1 168 49.5 18.17 3
1 170 48.09 17.07 3
1 171 48.43 21.15 3
1 175 46.15 20.09 3
1 177 46.47 23.36 7
1 178 47.1 27.35 7
1 181 44.26 26.06 7
1 182 44.11 28.39 7
1 185 45.48 15.58 3
1 186 43.31 16.27 2
1 187 43.52 18.25 2
1 188 44.5 20.3 2
1 189 42.38 18.07 2
1 195 42.3 27.28 7
1 196 39.36 19.56 2
1 197 40.38 22.56 2
1 198 38.15 21.44 2
1 199 37.58 23.43 2
2 5 36.43 -4.25 4
2 7 37.53 -4.46 4
2 9 39.28 -0.22 4
2 27 45.45 4.51 3
2 33 49.3 0.08 2
2 39 49.36 6.09 3
2 40 50.38 5.34 3
2 43 51.03 3.43 3
2 46 51.55 4.28 3
2 50 50.23 -4.1 2
2 53 51.29 -3.13 2
2 56 52.3 -1.5 2
2 58 53.3 -2.15 2
2 59 53.23 -1.3 2
2 61 54.59 -1.35 2
2 65 57.1 -2.04 2
2 68 51.54 -8.28 2
2 70 53.2 -6.15 2
2 73 64.09 -21.51 8
2 77 68.26 17.25 7
2 81 60.1 24.58 7
2 83 60.23 5.2 3
2 86 57.43 11.58 3
2 87 55.36 13 1
2 96 54.2 10.08 3
2 99 52.24 9.44 3
2 101 52.31 13.24 1
2 102 50.47 6.05 3
2 103 50.44 7.05 3
2 105 51.12 6.47 3
2 106 51.17 7.17 3
2 109 51.32 7.13 3
2 111 51.19 9.29 3
2 115 50.5 12.55 1
2 117 49.14 6.59 3
2 120 49.48 9.56 3
2 134 48.13 16.2 1
2 141 44.25 8.57 5
2 143 43.46 11.15 5
2 147 40.51 14.17 5
2 148 41.27 15.34 5
2 149 41.07 16.52 5
2 152 37.3 15.06 5
2 153 38.07 13.21 5
2 155 53.24 14.32 1
2 156 54.23 18.4 1
2 159 51.46 19.3 1
2 160 52.15 21 1
2 164 50.03 19.58 1
2 166 49.45 13.23 1
2 167 50.05 14.26 1
2 169 49.12 16.37 1
2 172 47.3 19.05 1
2 173 47.32 21.38 1
2 174 46.05 18.13 1
2 176 45.45 21.13 6
2 179 45.48 24.09 6
2 180 45.39 25.37 6
2 183 46.03 14.31 5
2 184 45.2 14.27 5
2 190 41.59 21.26 6
2 191 41.2 19.5 6
2 192 42.41 23.19 6
2 193 42.09 24.45 6
2 194 43.13 27.55 6
2 200 35.2 25.09 6
2 201 35.1 33.22 6
3 0 37.44 -25.4 8
3 1 38.43 -9.08 6
3 3 37.23 -5.59 6
3 6 37.13 -3.41 6
3 8 38.21 -0.29 6
3 10 41.23 2.11 6
3 15 43.22 -8.23 6
3 16 38.54 1.26 6
3 17 39.34 2.39 6
3 18 42.3 1.31 6
3 20 43.36 1.26 2
3 21 43.18 5.24 2
3 23 43.42 7.23 2
3 24 42.42 9.27 7
3 25 45.5 1.16 2
3 26 45.26 4.24 2
3 29 48.24 -4.29 4
3 30 48.05 -1.41 2
3 31 47.13 -1.33 2
3 32 47.23 0.41 2
3 34 48.52 2.2 2
3 35 49.15 4.02 2
3 36 47.19 5.01 2
3 37 48.41 6.12 2
3 38 48.35 7.45 2
3 41 50.5 4.2 2
3 42 50.38 3.04 2
3 51 50.43 -1.54 4
3 57 53.25 -2.55 4
3 60 53.5 -1.35 4
3 62 55.57 -3.13 4
3 63 55.53 -4.15 4
3 66 60.09 -1.09 4
3 67 62.01 -6.46 4
3 69 52.4 -8.38 4
3 72 55 -7.19 4
3 74 64.11 -51.44 3
3 75 76.34 -68.47 3
3 76 70.4 23.42 1
3 79 61.3 23.45 1
3 80 60.27 22.17 1
3 84 58.58 5.45 5
3 88 58.25 15.37 5
3 92 55.24 10.23 5
3 93 55.4 12.35 5
3 94 53.04 8.49 5
3 97 54.05 12.07 5
3 98 51.57 7.37 5
3 100 52.07 11.38 5
3 107 51.28 7.01 5
3 110 51.31 7.28 5
3 113 51.29 11.58 5
3 114 51.19 12.2 5
3 116 51.03 13.44 5
3 118 50.07 8.4 5
3 121 49.27 11.04 7
3 124 49.01 12.06 7
3 127 46.31 6.38 2
3 128 46.57 7.26 2
3 131 47.16 11.24 7
3 132 47.48 13.02 7
3 133 48.18 14.18 7
3 135 47.05 15.27 7
3 138 45.27 11 7
3 139 45.27 12.21 7
3 140 45.4 13.46 7
3 144 43.55 12.28 7
3 146 41.54 12.29 7
