1 0 37.44 -25.4 6
1 1 38.43 -9.08 1
1 3 37.23 -5.59 1
1 8 38.21 -0.29 1
1 9 39.28 -0.22 1
1 11 41.38 -0.53 1
1 12 40.24 -3.41 1
1 14 43.15 -2.58 1
1 15 43.22 -8.23 1
1 17 39.34 2.39 1
1 20 43.36 1.26 1
1 30 48.05 -1.41 4
1 31 47.13 -1.33 1
1 50 50.23 -4.1 4
1 52 50.5 -0.08 4
1 55 51.3 -0.1 4
1 56 52.3 -1.5 4
1 57 53.25 -2.55 4
1 62 55.57 -3.13 4
1 63 55.53 -4.15 4
1 64 56.28 -3 4
1 65 57.1 -2.04 4
1 66 60.09 -1.09 4
1 69 52.4 -8.38 4
1 71 54.35 -5.55 4
1 72 55 -7.19 4
1 73 64.09 -21.51 6
1 74 64.11 -51.44 8
1 76 70.4 23.42 2
1 77 68.26 17.25 2
1 78 65.01 25.28 2
1 80 60.27 22.17 2
1 83 60.23 5.2 4
1 84 58.58 5.45 4
1 85 59.55 10.45 5
1 87 55.36 13 5
1 90 57.38 18.18 5
1 145 39.2 9 3
1 147 40.51 14.17 3
1 149 41.07 16.52 3
1 150 40.28 17.15 3
1 151 38.11 15.33 3
1 152 37.3 15.06 3
1 153 38.07 13.21 3
1 156 54.23 18.4 5
1 157 53.08 18 5
1 158 52.25 16.55 5
1 162 51.06 17 5
1 164 50.03 19.58 5
1 168 49.5 18.17 5
1 169 49.12 16.37 5
1 170 48.09 17.07 5
1 172 47.3 19.05 7
1 173 47.32 21.38 7
1 174 46.05 18.13 7
1 175 46.15 20.09 7
1 176 45.45 21.13 7
1 178 47.1 27.35 7
1 179 45.48 24.09 7
1 180 45.39 25.37 7
1 181 44.26 26.06 7
1 186 43.31 16.27 3
1 188 44.5 20.3 7
1 192 42.41 23.19 7
1 193 42.09 24.45 7
1 196 39.36 19.56 3
1 198 38.15 21.44 3
1 201 35.1 33.22 7
2 21 43.18 5.24 5
2 22 43.42 7.15 1
2 23 43.42 7.23 1
2 24 42.42 9.27 1
2 26 45.26 4.24 5
2 27 45.45 4.51 5
2 28 45.1 5.43 5
2 35 49.15 4.02 3
2 36 47.19 5.01 5
2 37 48.41 6.12 2
2 38 48.35 7.45 2
2 39 49.36 6.09 2
2 40 50.38 5.34 3
2 42 50.38 3.04 3
2 44 51.13 4.25 3
2 45 51.26 5.28 3
2 46 51.55 4.28 3
2 47 52.22 4.54 3
2 48 52.05 5.08 3
2 94 53.04 8.49 7
2 98 51.57 7.37 7
2 99 52.24 9.44 7
2 100 52.07 11.38 4
2 102 50.47 6.05 3
2 103 50.44 7.05 7
2 104 50.56 6.59 7
2 105 51.12 6.47 7
2 106 51.17 7.17 7
2 107 51.28 7.01 7
2 108 51.28 7.13 7
2 109 51.32 7.13 7
2 110 51.31 7.28 7
2 111 51.19 9.29 7
2 112 50.58 11.01 4
2 113 51.29 11.58 4
2 114 51.19 12.2 4
2 115 50.5 12.55 4
2 116 51.03 13.44 4
2 117 49.14 6.59 2
2 118 50.07 8.4 7
2 119 49.25 8.43 2
2 120 49.48 9.56 2
2 121 49.27 11.04 6
2 122 49.03 8.24 2
2 123 48.46 9.11 2
2 124 49.01 12.06 6
2 125 48.08 11.34 6
2 126 46.12 6.09 5
2 127 46.31 6.38 5
2 128 46.57 7.26 2
2 129 47.33 7.35 2
2 130 47.23 8.32 2
2 131 47.16 11.24 6
2 132 47.48 13.02 6
2 133 48.18 14.18 6
2 136 45.03 7.4 1
2 137 45.28 9.12 1
2 138 45.27 11 8
2 139 45.27 12.21 8
2 140 45.4 13.46 8
2 141 44.25 8.57 1
2 142 44.29 11.2 8
2 143 43.46 11.15 8
2 166 49.45 13.23 6
2 167 50.05 14.26 4
2 183 46.03 14.31 8
3 2 41.11 -8.36 3
3 4 36.32 -6.18 3
3 5 36.43 -4.25 3
3 6 37.13 -3.41 3
3 7 37.53 -4.46 3
3 10 41.23 2.11 8
3 13 41.39 -4.43 3
3 16 38.54 1.26 3
3 18 42.3 1.31 8
3 19 44.5 -0.34 8
3 25 45.5 1.16 8
3 29 48.24 -4.29 5
3 32 47.23 0.41 8
3 33 49.3 0.08 8
3 34 48.52 2.2 8
3 41 50.5 4.2 8
3 43 51.03 3.43 8
3 49 53.13 6.33 4
3 51 50.43 -1.54 5
3 53 51.29 -3.13 5
3 54 51.27 -2.35 5
3 58 53.3 -2.15 5
3 59 53.23 -1.3 5
3 60 53.5 -1.35 5
3 61 54.59 -1.35 5
3 67 62.01 -6.46 5
3 68 51.54 -8.28 5
3 70 53.2 -6.15 5
3 75 76.34 -68.47 2
3 79 61.3 23.45 6
3 81 60.1 24.58 6
3 82 63.25 10.25 4
3 86 57.43 11.58 4
3 88 58.25 15.37 4
3 89 59.2 18.03 6
3 91 56.09 10.13 4
3 92 55.24 10.23 4
3 93 55.4 12.35 4
3 95 53.33 9.59 4
3 96 54.2 10.08 4
3 97 54.05 12.07 4
3 101 52.31 13.24 4
3 134 48.13 16.2 7
3 135 47.05 15.27 7
3 144 43.55 12.28 7
3 146 41.54 12.29 7
3 148 41.27 15.34 7
3 154 35.54 14.31 7
3 155 53.24 14.32 4
3 159 51.46 19.3 6
3 160 52.15 21 6
3 161 53.09 23.09 6
3 163 50.16 19 6
3 165 51.15 22.35 6
3 171 48.43 21.15 6
3 177 46.47 23.36 1
3 182 44.11 28.39 1
3 184 45.2 14.27 7
3 185 45.48 15.58 7
3 187 43.52 18.25 7
3 189 42.38 18.07 7
3 190 41.59 21.26 1
3 191 41.2 19.5 7
3 194 43.13 27.55 1
3 195 42.3 27.28 1
3 197 40.38 22.56 1
3 199 37.58 23.43 1
3 200 35.2 25.09 1
