1 0 37.44 -25.4 7
1 1 38.43 -9.08 2
1 6 37.13 -3.41 2
1 8 38.21 -0.29 2
1 10 41.23 2.11 2
1 15 43.22 -8.23 2
1 16 38.54 1.26 2
1 18 42.3 1.31 2
1 19 44.5 -0.34 2
1 22 43.42 7.15 6
1 23 43.42 7.23 6
1 28 45.1 5.43 6
1 29 48.24 -4.29 5
1 30 48.05 -1.41 5
1 34 48.52 2.2 6
1 35 49.15 4.02 6
1 36 47.19 5.01 6
1 39 49.36 6.09 6
1 41 50.5 4.2 6
1 46 51.55 4.28 6
1 47 52.22 4.54 6
1 48 52.05 5.08 6
1 54 51.27 -2.35 5
1 56 52.3 -1.5 5
1 58 53.3 -2.15 5
1 60 53.5 -1.35 5
1 61 54.59 -1.35 5
1 62 55.57 -3.13 5
1 63 55.53 -4.15 5
1 66 60.09 -1.09 5
1 67 62.01 -6.46 5
1 69 52.4 -8.38 5
1 70 53.2 -6.15 5
1 72 55 -7.19 5
1 75 76.34 -68.47 3
1 76 70.4 23.42 4
1 77 68.26 17.25 4
1 82 63.25 10.25 8
1 84 58.58 5.45 8
1 90 57.38 18.18 8
1 93 55.4 12.35 8
1 94 53.04 8.49 6
1 103 50.44 7.05 6
1 106 51.17 7.17 6
1 114 51.19 12.2 8
1 120 49.48 9.56 6
1 123 48.46 9.11 6
1 130 47.23 8.32 6
1 135 47.05 15.27 1
1 136 45.03 7.4 6
1 138 45.27 11 6
1 139 45.27 12.21 1
1 140 45.4 13.46 1
1 141 44.25 8.57 6
1 150 40.28 17.15 1
1 152 37.3 15.06 1
1 156 54.23 18.4 8
1 157 53.08 18 8
1 168 49.5 18.17 1
1 169 49.12 16.37 1
1 170 48.09 17.07 1
1 171 48.43 21.15 1
1 175 46.15 20.09 1
1 176 45.45 21.13 1
1 185 45.48 15.58 1
1 189 42.38 18.07 1
1 190 41.59 21.26 1
1 193 42.09 24.45 1
2 2 41.11 -8.36 6
2 3 37.23 -5.59 6
2 4 36.32 -6.18 6
2 7 37.53 -4.46 6
2 9 39.28 -0.22 6
2 11 41.38 -0.53 6
2 12 40.24 -3.41 6
2 14 43.15 -2.58 6
2 20 43.36 1.26 6
2 21 43.18 5.24 7
2 24 42.42 9.27 5
2 25 45.5 1.16 2
2 27 45.45 4.51 7
2 31 47.13 -1.33 2
2 32 47.23 0.41 2
2 33 49.3 0.08 2
2 37 48.41 6.12 7
2 45 51.26 5.28 7
2 49 53.13 6.33 7
2 50 50.23 -4.1 2
2 53 51.29 -3.13 2
2 59 53.23 -1.3 2
2 65 57.1 -2.04 2
2 73 64.09 -21.51 4
2 78 65.01 25.28 8
2 79 61.3 23.45 8
2 80 60.27 22.17 8
2 85 59.55 10.45 1
2 86 57.43 11.58 1
2 87 55.36 13 1
2 89 59.2 18.03 8
2 96 54.2 10.08 1
2 97 54.05 12.07 1
2 99 52.24 9.44 7
2 102 50.47 6.05 7
2 104 50.56 6.59 7
2 105 51.12 6.47 7
2 107 51.28 7.01 7
2 111 51.19 9.29 7
2 112 50.58 11.01 7
2 113 51.29 11.58 1
2 117 49.14 6.59 7
2 118 50.07 8.4 7
2 119 49.25 8.43 7
2 127 46.31 6.38 7
2 128 46.57 7.26 7
2 129 47.33 7.35 7
2 131 47.16 11.24 7
2 143 43.46 11.15 5
2 144 43.55 12.28 5
2 149 41.07 16.52 5
2 154 35.54 14.31 5
2 158 52.25 16.55 1
2 159 51.46 19.3 1
2 161 53.09 23.09 8
2 164 50.03 19.58 1
2 172 47.3 19.05 5
2 177 46.47 23.36 3
2 181 44.26 26.06 3
2 184 45.2 14.27 5
2 187 43.52 18.25 5
2 194 43.13 27.55 3
2 195 42.3 27.28 3
2 196 39.36 19.56 5
2 197 40.38 22.56 3
2 200 35.2 25.09 3
2 201 35.1 33.22 3
3 5 36.43 -4.25 8
3 13 41.39 -4.43 8
3 17 39.34 2.39 8
3 26 45.26 4.24 3
3 38 48.35 7.45 3
3 40 50.38 5.34 3
3 42 50.38 3.04 3
3 43 51.03 3.43 3
3 44 51.13 4.25 3
3 51 50.43 -1.54 5
3 52 50.5 -0.08 5
3 55 51.3 -0.1 5
3 57 53.25 -2.55 5
3 64 56.28 -3 5
3 68 51.54 -8.28 5
3 71 54.35 -5.55 5
3 74 64.11 -51.44 6
3 81 60.1 24.58 2
3 83 60.23 5.2 3
3 88 58.25 15.37 2
3 91 56.09 10.13 3
3 92 55.24 10.23 3
3 95 53.33 9.59 3
3 98 51.57 7.37 3
3 100 52.07 11.38 7
3 101 52.31 13.24 7
3 108 51.28 7.13 3
3 109 51.32 7.13 3
3 110 51.31 7.28 3
3 115 50.5 12.55 7
3 116 51.03 13.44 7
3 121 49.27 11.04 7
3 122 49.03 8.24 3
3 124 49.01 12.06 7
3 125 48.08 11.34 7
3 126 46.12 6.09 3
3 132 47.48 13.02 7
3 133 48.18 14.18 7
3 134 48.13 16.2 7
3 137 45.28 9.12 1
3 142 44.29 11.2 1
3 145 39.2 9 1
3 146 41.54 12.29 1
3 147 40.51 14.17 1
3 148 41.27 15.34 1
3 151 38.11 15.33 1
3 153 38.07 13.21 1
3 155 53.24 14.32 7
3 160 52.15 21 2
3 162 51.06 17 7
3 163 50.16 19 2
3 165 51.15 22.35 2
3 166 49.45 13.23 7
3 167 50.05 14.26 7
3 173 47.32 21.38 4
3 174 46.05 18.13 4
3 178 47.1 27.35 4
3 179 45.48 24.09 4
3 180 45.39 25.37 4
3 182 44.11 28.39 4
3 183 46.03 14.31 7
3 186 43.31 16.27 1
3 188 44.5 20.3 4
3 191 41.2 19.5 4
3 192 42.41 23.19 4
3 198 38.15 21.44 4
3 199 37.58 23.43 4
