0 37.44 -25.4 0 0 0 1 0 0 0 0
0 38.43 -9.08 0 0 0 0 0 0 1 0
0 41.11 -8.36 0 0 0 0 0 0 1 0
0 37.23 -5.59 0 0 0 0 0 0 1 0
0 36.32 -6.18 0 0 0 0 0 0 1 0
0 36.43 -4.25 0 0 0 0 0 0 1 0
0 37.13 -3.41 0 0 0 0 0 0 1 0
0 37.53 -4.46 0 0 0 0 0 0 1 0
0 38.21 -0.29 0 0 0 0 0 0 1 0
0 39.28 -0.22 0 0 0 0 0 0 1 0
0 41.23 2.11 0 0 0 0 0 0 1 0
0 41.38 -0.53 0 0 0 0 0 0 1 0
0 40.24 -3.41 0 0 0 0 0 0 1 0
0 41.39 -4.43 0 0 0 0 0 0 1 0
0 43.15 -2.58 0 0 0 0 0 0 1 0
0 43.22 -8.23 0 0 0 0 0 0 1 0
0 38.54 1.26 0 0 0 0 0 0 1 0
0 39.34 2.39 0 0 0 0 0 0 1 0
0 42.3 1.31 0 0 0 0 0 0 1 0
0 44.5 -0.34 0 0 0 0 0 0 1 0
0 43.36 1.26 0 0 0 0 0 0 1 0
0 43.18 5.24 0 1 0 0 0 0 0 0
0 43.42 7.15 0 1 0 0 0 0 0 0
0 43.42 7.23 0 1 0 0 0 0 0 0
0 42.42 9.27 0 1 0 0 0 0 0 0
0 45.5 1.16 0 0 0 0 0 0 1 0
0 45.26 4.24 0 1 0 0 0 0 0 0
0 45.45 4.51 0 1 0 0 0 0 0 0
0 45.1 5.43 0 1 0 0 0 0 0 0
0 48.24 -4.29 0 0 0 0 1 0 0 0
0 48.05 -1.41 0 0 0 0 1 0 0 0
0 47.13 -1.33 0 0 0 0 1 0 0 0
0 47.23 0.41 0 0 0 0 1 0 0 0
0 49.3 0.08 0 0 0 0 1 0 0 0
0 48.52 2.2 0 0 0 0 1 0 0 0
0 49.15 4.02 0 1 0 0 0 0 0 0
0 47.19 5.01 0 1 0 0 0 0 0 0
0 48.41 6.12 0 1 0 0 0 0 0 0
0 48.35 7.45 0 1 0 0 0 0 0 0
0 49.36 6.09 0 1 0 0 0 0 0 0
0 50.38 5.34 0 1 0 0 0 0 0 0
0 50.5 4.2 0 1 0 0 0 0 0 0
0 50.38 3.04 0 1 0 0 0 0 0 0
0 51.03 3.43 0 1 0 0 0 0 0 0
0 51.13 4.25 0 1 0 0 0 0 0 0
0 51.26 5.28 0 1 0 0 0 0 0 0
0 51.55 4.28 0 1 0 0 0 0 0 0
0 52.22 4.54 0 1 0 0 0 0 0 0
0 52.05 5.08 0 1 0 0 0 0 0 0
0 53.13 6.33 0 1 0 0 0 0 0 0
0 50.23 -4.1 0 0 0 0 1 0 0 0
0 50.43 -1.54 0 0 0 0 1 0 0 0
0 50.5 -0.08 0 0 0 0 1 0 0 0
0 51.29 -3.13 0 0 0 0 1 0 0 0
0 51.27 -2.35 0 0 0 0 1 0 0 0
0 51.3 -0.1 0 0 0 0 1 0 0 0
0 52.3 -1.5 0 0 0 0 1 0 0 0
0 53.25 -2.55 0 0 0 0 1 0 0 0
0 53.3 -2.15 0 0 0 0 1 0 0 0
0 53.23 -1.3 0 0 0 0 1 0 0 0
0 53.5 -1.35 0 0 0 0 1 0 0 0
0 54.59 -1.35 0 0 0 0 1 0 0 0
0 55.57 -3.13 0 0 0 0 1 0 0 0
0 55.53 -4.15 0 0 0 0 1 0 0 0
0 56.28 -3 0 0 0 0 1 0 0 0
0 57.1 -2.04 0 0 0 0 1 0 0 0
0 60.09 -1.09 0 0 0 0 1 0 0 0
0 62.01 -6.46 0 0 0 0 1 0 0 0
0 51.54 -8.28 0 0 0 0 1 0 0 0
0 52.4 -8.38 0 0 0 0 1 0 0 0
0 53.2 -6.15 0 0 0 0 1 0 0 0
0 54.35 -5.55 0 0 0 0 1 0 0 0
0 55 -7.19 0 0 0 0 1 0 0 0
0 64.09 -21.51 0 0 0 1 0 0 0 0
0 64.11 -51.44 0 0 1 0 0 0 0 0
0 76.34 -68.47 0 0 1 0 0 0 0 0
0 70.4 23.42 0 0 0 0 0 0 0 1
0 68.26 17.25 0 0 0 0 0 0 0 1
0 65.01 25.28 0 0 0 0 0 0 0 1
0 61.3 23.45 0 0 0 0 0 0 0 1
0 60.27 22.17 0 0 0 0 0 0 0 1
0 60.1 24.58 0 0 0 0 0 0 0 1
0 63.25 10.25 0 0 0 0 0 0 0 1
0 60.23 5.2 0 0 0 0 1 0 0 0
0 58.58 5.45 0 0 0 0 1 0 0 0
0 59.55 10.45 0 0 0 0 0 0 0 1
0 57.43 11.58 0 0 0 0 0 0 0 1
0 55.36 13 0 1 0 0 0 0 0 0
0 58.25 15.37 0 0 0 0 0 0 0 1
0 59.2 18.03 0 0 0 0 0 0 0 1
0 57.38 18.18 0 0 0 0 0 0 0 1
0 56.09 10.13 0 1 0 0 0 0 0 0
0 55.24 10.23 0 1 0 0 0 0 0 0
0 55.4 12.35 0 1 0 0 0 0 0 0
0 53.04 8.49 0 1 0 0 0 0 0 0
0 53.33 9.59 0 1 0 0 0 0 0 0
0 54.2 10.08 0 1 0 0 0 0 0 0
0 54.05 12.07 0 1 0 0 0 0 0 0
0 51.57 7.37 0 1 0 0 0 0 0 0
0 52.24 9.44 0 1 0 0 0 0 0 0
0 52.07 11.38 0 1 0 0 0 0 0 0
0 52.31 13.24 0 0 0 0 0 1 0 0
0 50.47 6.05 0 1 0 0 0 0 0 0
0 50.44 7.05 0 1 0 0 0 0 0 0
0 50.56 6.59 0 1 0 0 0 0 0 0
0 51.12 6.47 0 1 0 0 0 0 0 0
0 51.17 7.17 0 1 0 0 0 0 0 0
0 51.28 7.01 0 1 0 0 0 0 0 0
0 51.28 7.13 0 1 0 0 0 0 0 0
0 51.32 7.13 0 1 0 0 0 0 0 0
0 51.31 7.28 0 1 0 0 0 0 0 0
0 51.19 9.29 0 1 0 0 0 0 0 0
0 50.58 11.01 0 1 0 0 0 0 0 0
0 51.29 11.58 0 1 0 0 0 0 0 0
0 51.19 12.2 0 1 0 0 0 0 0 0
0 50.5 12.55 0 1 0 0 0 0 0 0
0 51.03 13.44 0 0 0 0 0 1 0 0
0 49.14 6.59 0 1 0 0 0 0 0 0
0 50.07 8.4 0 1 0 0 0 0 0 0
0 49.25 8.43 0 1 0 0 0 0 0 0
0 49.48 9.56 0 1 0 0 0 0 0 0
0 49.27 11.04 0 1 0 0 0 0 0 0
0 49.03 8.24 0 1 0 0 0 0 0 0
0 48.46 9.11 0 1 0 0 0 0 0 0
0 49.01 12.06 0 1 0 0 0 0 0 0
0 48.08 11.34 0 1 0 0 0 0 0 0
0 46.12 6.09 0 1 0 0 0 0 0 0
0 46.31 6.38 0 1 0 0 0 0 0 0
0 46.57 7.26 0 1 0 0 0 0 0 0
0 47.33 7.35 0 1 0 0 0 0 0 0
0 47.23 8.32 0 1 0 0 0 0 0 0
0 47.16 11.24 0 1 0 0 0 0 0 0
0 47.48 13.02 0 1 0 0 0 0 0 0
0 48.18 14.18 0 0 0 0 0 1 0 0
0 48.13 16.2 0 0 0 0 0 1 0 0
0 47.05 15.27 0 0 0 0 0 1 0 0
0 45.03 7.4 0 1 0 0 0 0 0 0
0 45.28 9.12 0 1 0 0 0 0 0 0
0 45.27 11 0 1 0 0 0 0 0 0
0 45.27 12.21 0 1 0 0 0 0 0 0
0 45.4 13.46 0 0 0 0 0 1 0 0
0 44.25 8.57 0 1 0 0 0 0 0 0
0 44.29 11.2 0 1 0 0 0 0 0 0
0 43.46 11.15 0 1 0 0 0 0 0 0
0 43.55 12.28 0 1 0 0 0 0 0 0
0 39.2 9 0 1 0 0 0 0 0 0
0 41.54 12.29 0 1 0 0 0 0 0 0
0 40.51 14.17 1 0 0 0 0 0 0 0
0 41.27 15.34 1 0 0 0 0 0 0 0
0 41.07 16.52 1 0 0 0 0 0 0 0
0 40.28 17.15 1 0 0 0 0 0 0 0
0 38.11 15.33 1 0 0 0 0 0 0 0
0 37.3 15.06 1 0 0 0 0 0 0 0
0 38.07 13.21 1 0 0 0 0 0 0 0
0 35.54 14.31 1 0 0 0 0 0 0 0
0 53.24 14.32 0 0 0 0 0 1 0 0
0 54.23 18.4 0 0 0 0 0 1 0 0
0 53.08 18 0 0 0 0 0 1 0 0
0 52.25 16.55 0 0 0 0 0 1 0 0
0 51.46 19.3 0 0 0 0 0 1 0 0
0 52.15 21 0 0 0 0 0 1 0 0
0 53.09 23.09 0 0 0 0 0 1 0 0
0 51.06 17 0 0 0 0 0 1 0 0
0 50.16 19 0 0 0 0 0 1 0 0
0 50.03 19.58 0 0 0 0 0 1 0 0
0 51.15 22.35 0 0 0 0 0 1 0 0
0 49.45 13.23 0 1 0 0 0 0 0 0
0 50.05 14.26 0 0 0 0 0 1 0 0
0 49.5 18.17 0 0 0 0 0 1 0 0
0 49.12 16.37 0 0 0 0 0 1 0 0
0 48.09 17.07 0 0 0 0 0 1 0 0
0 48.43 21.15 0 0 0 0 0 1 0 0
0 47.3 19.05 0 0 0 0 0 1 0 0
0 47.32 21.38 0 0 0 0 0 1 0 0
0 46.05 18.13 0 0 0 0 0 1 0 0
0 46.15 20.09 0 0 0 0 0 1 0 0
0 45.45 21.13 0 0 0 0 0 1 0 0
0 46.47 23.36 0 0 0 0 0 1 0 0
0 47.1 27.35 1 0 0 0 0 0 0 0
0 45.48 24.09 1 0 0 0 0 0 0 0
0 45.39 25.37 1 0 0 0 0 0 0 0
0 44.26 26.06 1 0 0 0 0 0 0 0
0 44.11 28.39 1 0 0 0 0 0 0 0
0 46.03 14.31 0 0 0 0 0 1 0 0
0 45.2 14.27 0 0 0 0 0 1 0 0
0 45.48 15.58 0 0 0 0 0 1 0 0
0 43.31 16.27 0 0 0 0 0 1 0 0
0 43.52 18.25 1 0 0 0 0 0 0 0
0 44.5 20.3 0 0 0 0 0 1 0 0
0 42.38 18.07 1 0 0 0 0 0 0 0
0 41.59 21.26 1 0 0 0 0 0 0 0
0 41.2 19.5 1 0 0 0 0 0 0 0
0 42.41 23.19 1 0 0 0 0 0 0 0
0 42.09 24.45 1 0 0 0 0 0 0 0
0 43.13 27.55 1 0 0 0 0 0 0 0
0 42.3 27.28 1 0 0 0 0 0 0 0
0 39.36 19.56 1 0 0 0 0 0 0 0
0 40.38 22.56 1 0 0 0 0 0 0 0
0 38.15 21.44 1 0 0 0 0 0 0 0
0 37.58 23.43 1 0 0 0 0 0 0 0
0 35.2 25.09 1 0 0 0 0 0 0 0
0 35.1 33.22 1 0 0 0 0 0 0 0
