1 0.663149 4.4445 1 0 0
8 1.09049 4.66558 1 0 0
12 1.6612 4.41329 1 0 0
14 0.159702 4.35054 1 0 0
18 0.244438 2.75013 0 0 1
20 -1.00623 3.23257 0 0 1
22 1.01745 4.13532 1 0 0
25 -0.476238 4.11232 0 0 1
28 -0.754772 3.94487 0 0 1
30 1.39537 2.92117 1 0 0
32 -1.56486 2.65968 0 0 1
46 0.369371 4.33243 1 0 0
47 -0.565246 2.50984 0 0 1
50 0.40538 3.97732 1 0 0
62 0.950906 4.68929 1 0 0
63 1.51768 0.683534 0 1 0
66 0.66855 0.954599 0 1 0
67 1.23373 1.90298 0 1 0
69 1.99385 2.43967 0 1 0
75 -1.48236 3.36234 0 0 1
81 1.13595 3.94218 1 0 0
85 1.75426 3.63584 1 0 0
86 0.517583 3.90952 1 0 0
87 -1.85513 3.05892 0 0 1
89 2.20527 1.46919 0 1 0
91 -0.854435 1.84783 0 0 1
97 -1.63325 2.30572 0 0 1
103 0.371056 3.98019 1 0 0
109 1.38966 2.28638 0 1 0
111 -0.298825 2.29738 0 0 1
119 -1.54102 3.06272 0 0 1
122 -0.947921 1.50432 0 0 1
125 0.0325724 3.02577 0 0 1
127 0.312616 1.06756 0 1 0
134 1.58134 4.6705 1 0 0
135 1.77547 0.985324 0 1 0
139 -1.08254 2.81339 0 0 1
145 0.695873 4.35434 1 0 0
158 0.351159 4.16912 1 0 0
160 0.546621 1.96387 0 1 0
161 -0.769436 2.69337 0 0 1
162 -1.27984 2.11606 0 0 1
164 2.03717 4.14185 1 0 0
167 -0.836907 3.23855 0 0 1
168 2.03995 1.2389 0 1 0
170 0.177263 2.52107 0 0 1
176 2.67111 3.0908 1 0 0
179 0.952376 1.65759 0 1 0
187 1.02255 0.503626 0 1 0
194 1.0147 1.60074 0 1 0
0 -1.71312 3.71004 1 0 0
4 1.24468 5.49753 0 0 1
6 2.52423 0.379454 0 1 0
10 0.613411 5.40399 0 0 1
16 2.76296 0.477886 0 1 0
17 2.18303 0.610268 0 1 0
19 -3.35452 4.77593 1 0 0
21 1.38499 0.153869 0 1 0
24 -3.55691 1.99763 1 0 0
26 1.47601 -1.1034 0 1 0
27 -2.21463 1.62387 1 0 0
31 0.98572 5.91107 0 0 1
34 1.32324 -0.422118 0 1 0
35 2.52677 0.977244 0 1 0
36 1.297 4.9397 0 0 1
37 2.3072 0.809328 0 1 0
38 2.63139 -0.557597 0 1 0
39 -3.18567 2.48771 1 0 0
40 1.20527 0.528619 0 1 0
41 -2.11407 2.56602 1 0 0
42 -3.11859 3.23782 1 0 0
44 2.65707 5.11923 0 0 1
45 2.08353 5.38593 0 0 1
48 -0.079541 6.05305 0 0 1
51 1.93568 0.629652 0 1 0
52 -2.11397 2.44881 1 0 0
53 -1.6688 4.94893 1 0 0
54 -1.62639 3.83604 1 0 0
55 -1.84499 1.46306 1 0 0
56 2.19612 1.10663 0 1 0
57 2.88404 1.18452 0 1 0
59 2.3157 6.01009 0 0 1
60 -2.72774 1.70584 1 0 0
64 1.723 0.682222 0 1 0
70 1.77716 -0.61074 0 1 0
71 0.0125927 5.25279 0 0 1
72 0.584632 5.96812 0 0 1
73 -1.88641 3.25093 1 0 0
74 -0.151246 5.00353 0 0 1
77 4.08865 0.859632 0 1 0
79 -3.92016 3.46357 1 0 0
80 -2.09218 2.48496 1 0 0
83 4.2001 1.7477 0 1 0
84 2.52622 0.743272 0 1 0
88 0.201167 6.02285 0 0 1
90 -2.56852 2.63682 1 0 0
92 2.41441 -1.59767 0 1 0
94 3.12449 1.18291 0 1 0
95 0.735067 5.026 0 0 1
98 -2.14596 1.82521 1 0 0
99 2.67765 1.52294 0 1 0
100 1.73667 -0.339793 0 1 0
101 2.35577 5.62621 0 0 1
102 -1.95859 3.4762 1 0 0
104 -1.64724 3.88785 1 0 0
106 3.04496 1.4874 0 1 0
108 -1.32142 4.89204 1 0 0
117 2.90975 0.97646 0 1 0
118 -2.06569 1.91357 1 0 0
124 1.48157 0.540119 0 1 0
126 -3.10721 3.32372 1 0 0
128 -2.54105 2.26027 1 0 0
129 1.52894 5.13377 0 0 1
136 1.96666 0.300533 0 1 0
138 1.15507 -0.49263 0 1 0
140 -1.64926 3.94108 1 0 0
141 -1.92373 2.66556 1 0 0
142 2.32094 4.11914 0 0 1
143 0.985294 0.441529 0 1 0
144 2.82642 0.311741 0 1 0
146 -2.16113 3.76682 1 0 0
147 -2.70278 4.4102 1 0 0
150 2.01991 -0.15362 0 1 0
151 -2.46763 4.00791 1 0 0
152 -2.14975 4.30062 1 0 0
153 -2.41386 1.59323 1 0 0
155 4.00218 2.10054 0 1 0
156 2.74988 1.63882 0 1 0
159 -0.0723648 5.11453 0 0 1
163 -1.8733 3.0028 1 0 0
165 -0.167166 5.17624 0 0 1
166 2.03337 0.233436 0 1 0
171 2.61798 -0.544188 0 1 0
172 -0.559373 6.05949 0 0 1
173 3.09237 1.86932 0 1 0
177 -3.0552 3.26643 1 0 0
180 1.16372 5.18276 0 0 1
181 -1.76786 1.90267 1 0 0
182 2.4389 1.50688 0 1 0
183 3.81559 1.24875 0 1 0
184 3.4003 -0.965323 0 1 0
185 3.01905 2.99486 0 1 0
186 -2.17455 2.18619 1 0 0
188 1.10591 5.61263 0 0 1
189 2.70692 5.63625 0 0 1
193 1.3322 0.277069 0 1 0
195 3.06924 -0.0742747 0 1 0
196 -2.14251 4.41148 1 0 0
197 2.87443 1.18316 0 1 0
199 1.40223 -0.347364 0 1 0
2 1.11572 4.64413 1 0 0
3 -1.43895 3.44254 0 0 1
5 -0.830976 1.85239 0 0 1
7 1.60704 2.63424 1 0 0
9 -1.69849 2.56252 0 0 1
11 -0.902508 2.77427 0 0 1
13 1.33268 3.32003 1 0 0
15 -1.01634 2.71747 0 0 1
23 1.8288 4.16428 1 0 0
29 -1.58237 2.82131 0 0 1
33 0.604013 3.63108 1 0 0
43 -0.906068 4.08954 0 0 1
49 1.03614 4.57601 1 0 0
58 1.4952 4.11632 1 0 0
61 -0.0435826 3.06569 0 0 1
65 -1.26919 3.46584 0 0 1
68 -1.49214 1.42684 0 0 1
76 1.64529 0.913395 0 1 0
78 1.19492 0.58628 0 1 0
82 0.883373 4.67333 1 0 0
93 0.192553 3.78282 1 0 0
96 1.33838 3.68746 1 0 0
105 -0.490908 4.72029 1 0 0
107 0.17035 4.652 1 0 0
110 0.516545 3.24122 1 0 0
112 0.870951 0.482238 0 1 0
113 -0.206983 3.68518 1 0 0
114 0.627676 4.03171 1 0 0
115 1.37575 4.60409 1 0 0
116 2.00173 3.19244 1 0 0
120 1.51858 0.850353 0 1 0
121 1.63803 1.331 0 1 0
123 1.31505 3.31433 1 0 0
130 -1.27451 2.02407 0 0 1
131 1.12445 1.5111 0 1 0
132 0.773613 0.453676 0 1 0
133 0.713136 1.29312 0 1 0
137 1.83135 4.16757 1 0 0
148 1.06132 0.944612 0 1 0
149 0.404009 4.91258 1 0 0
154 1.63245 4.41987 1 0 0
157 1.56669 1.27211 0 1 0
169 0.891696 1.13801 0 1 0
174 -0.927159 2.50323 0 0 1
175 -0.898293 2.92128 0 0 1
178 0.283346 4.78911 1 0 0
190 -0.68824 3.22385 0 0 1
191 -1.78956 2.23254 0 0 1
192 0.630623 1.44701 0 1 0
198 1.25803 3.5351 1 0 0
