0 -1.71312 3.71004 1 0 0
0 0.663149 4.4445 0 0 1
0 1.11572 4.64413 0 0 1
0 -1.43895 3.44254 1 0 0
0 1.24468 5.49753 0 0 1
0 -0.830976 1.85239 1 0 0
0 2.52423 0.379454 0 1 0
0 1.60704 2.63424 0 1 0
0 1.09049 4.66558 0 0 1
0 -1.69849 2.56252 1 0 0
0 0.613411 5.40399 0 0 1
0 -0.902508 2.77427 1 0 0
0 1.6612 4.41329 0 0 1
0 1.33268 3.32003 0 0 1
0 0.159702 4.35054 0 0 1
0 -1.01634 2.71747 1 0 0
0 2.76296 0.477886 0 1 0
0 2.18303 0.610268 0 1 0
0 0.244438 2.75013 1 0 0
0 -3.35452 4.77593 1 0 0
0 -1.00623 3.23257 1 0 0
0 1.38499 0.153869 0 1 0
0 1.01745 4.13532 0 0 1
0 1.8288 4.16428 0 0 1
0 -3.55691 1.99763 1 0 0
0 -0.476238 4.11232 1 0 0
0 1.47601 -1.1034 0 1 0
0 -2.21463 1.62387 1 0 0
0 -0.754772 3.94487 1 0 0
0 -1.58237 2.82131 1 0 0
0 1.39537 2.92117 0 0 1
0 0.98572 5.91107 0 0 1
0 -1.56486 2.65968 1 0 0
0 0.604013 3.63108 0 0 1
0 1.32324 -0.422118 0 1 0
0 2.52677 0.977244 0 1 0
0 1.297 4.9397 0 0 1
0 2.3072 0.809328 0 1 0
0 2.63139 -0.557597 0 1 0
0 -3.18567 2.48771 1 0 0
0 1.20527 0.528619 0 1 0
0 -2.11407 2.56602 1 0 0
0 -3.11859 3.23782 1 0 0
0 -0.906068 4.08954 1 0 0
0 2.65707 5.11923 0 0 1
0 2.08353 5.38593 0 0 1
0 0.369371 4.33243 0 0 1
0 -0.565246 2.50984 1 0 0
0 -0.079541 6.05305 0 0 1
0 1.03614 4.57601 0 0 1
0 0.40538 3.97732 0 0 1
0 1.93568 0.629652 0 1 0
0 -2.11397 2.44881 1 0 0
0 -1.6688 4.94893 1 0 0
0 -1.62639 3.83604 1 0 0
0 -1.84499 1.46306 1 0 0
0 2.19612 1.10663 0 1 0
0 2.88404 1.18452 0 1 0
0 1.4952 4.11632 0 0 1
0 2.3157 6.01009 0 0 1
0 -2.72774 1.70584 1 0 0
0 -0.0435826 3.06569 1 0 0
0 0.950906 4.68929 0 0 1
0 1.51768 0.683534 0 1 0
0 1.723 0.682222 0 1 0
0 -1.26919 3.46584 1 0 0
0 0.66855 0.954599 0 1 0
0 1.23373 1.90298 0 1 0
0 -1.49214 1.42684 1 0 0
0 1.99385 2.43967 0 1 0
0 1.77716 -0.61074 0 1 0
0 0.0125927 5.25279 0 0 1
0 0.584632 5.96812 0 0 1
0 -1.88641 3.25093 1 0 0
0 -0.151246 5.00353 0 0 1
0 -1.48236 3.36234 1 0 0
0 1.64529 0.913395 0 1 0
0 4.08865 0.859632 0 1 0
0 1.19492 0.58628 0 1 0
0 -3.92016 3.46357 1 0 0
0 -2.09218 2.48496 1 0 0
0 1.13595 3.94218 0 0 1
0 0.883373 4.67333 0 0 1
0 4.2001 1.7477 0 1 0
0 2.52622 0.743272 0 1 0
0 1.75426 3.63584 0 0 1
0 0.517583 3.90952 0 0 1
0 -1.85513 3.05892 1 0 0
0 0.201167 6.02285 0 0 1
0 2.20527 1.46919 0 1 0
0 -2.56852 2.63682 1 0 0
0 -0.854435 1.84783 1 0 0
0 2.41441 -1.59767 0 1 0
0 0.192553 3.78282 0 0 1
0 3.12449 1.18291 0 1 0
0 0.735067 5.026 0 0 1
0 1.33838 3.68746 0 0 1
0 -1.63325 2.30572 1 0 0
0 -2.14596 1.82521 1 0 0
0 2.67765 1.52294 0 1 0
0 1.73667 -0.339793 0 1 0
0 2.35577 5.62621 0 0 1
0 -1.95859 3.4762 1 0 0
0 0.371056 3.98019 0 0 1
0 -1.64724 3.88785 1 0 0
0 -0.490908 4.72029 0 0 1
0 3.04496 1.4874 0 1 0
0 0.17035 4.652 0 0 1
0 -1.32142 4.89204 1 0 0
0 1.38966 2.28638 0 1 0
0 0.516545 3.24122 0 0 1
0 -0.298825 2.29738 1 0 0
0 0.870951 0.482238 0 1 0
0 -0.206983 3.68518 0 0 1
0 0.627676 4.03171 0 0 1
0 1.37575 4.60409 0 0 1
0 2.00173 3.19244 0 0 1
0 2.90975 0.97646 0 1 0
0 -2.06569 1.91357 1 0 0
0 -1.54102 3.06272 1 0 0
0 1.51858 0.850353 0 1 0
0 1.63803 1.331 0 1 0
0 -0.947921 1.50432 1 0 0
0 1.31505 3.31433 0 0 1
0 1.48157 0.540119 0 1 0
0 0.0325724 3.02577 1 0 0
0 -3.10721 3.32372 1 0 0
0 0.312616 1.06756 0 1 0
0 -2.54105 2.26027 1 0 0
0 1.52894 5.13377 0 0 1
0 -1.27451 2.02407 1 0 0
0 1.12445 1.5111 0 1 0
0 0.773613 0.453676 0 1 0
0 0.713136 1.29312 0 1 0
0 1.58134 4.6705 0 0 1
0 1.77547 0.985324 0 1 0
0 1.96666 0.300533 0 1 0
0 1.83135 4.16757 0 0 1
0 1.15507 -0.49263 0 1 0
0 -1.08254 2.81339 1 0 0
0 -1.64926 3.94108 1 0 0
0 -1.92373 2.66556 1 0 0
0 2.32094 4.11914 0 0 1
0 0.985294 0.441529 0 1 0
0 2.82642 0.311741 0 1 0
0 0.695873 4.35434 0 0 1
0 -2.16113 3.76682 1 0 0
0 -2.70278 4.4102 1 0 0
0 1.06132 0.944612 0 1 0
0 0.404009 4.91258 0 0 1
0 2.01991 -0.15362 0 1 0
0 -2.46763 4.00791 1 0 0
0 -2.14975 4.30062 1 0 0
0 -2.41386 1.59323 1 0 0
0 1.63245 4.41987 0 0 1
0 4.00218 2.10054 0 1 0
0 2.74988 1.63882 0 1 0
0 1.56669 1.27211 0 1 0
0 0.351159 4.16912 0 0 1
0 -0.0723648 5.11453 0 0 1
0 0.546621 1.96387 0 1 0
0 -0.769436 2.69337 1 0 0
0 -1.27984 2.11606 1 0 0
0 -1.8733 3.0028 1 0 0
0 2.03717 4.14185 0 0 1
0 -0.167166 5.17624 0 0 1
0 2.03337 0.233436 0 1 0
0 -0.836907 3.23855 1 0 0
0 2.03995 1.2389 0 1 0
0 0.891696 1.13801 0 1 0
0 0.177263 2.52107 1 0 0
0 2.61798 -0.544188 0 1 0
0 -0.559373 6.05949 0 0 1
0 3.09237 1.86932 0 1 0
0 -0.927159 2.50323 1 0 0
0 -0.898293 2.92128 1 0 0
0 2.67111 3.0908 0 1 0
0 -3.0552 3.26643 1 0 0
0 0.283346 4.78911 0 0 1
0 0.952376 1.65759 0 1 0
0 1.16372 5.18276 0 0 1
0 -1.76786 1.90267 1 0 0
0 2.4389 1.50688 0 1 0
0 3.81559 1.24875 0 1 0
0 3.4003 -0.965323 0 1 0
0 3.01905 2.99486 0 1 0
0 -2.17455 2.18619 1 0 0
0 1.02255 0.503626 0 1 0
0 1.10591 5.61263 0 0 1
0 2.70692 5.63625 0 0 1
0 -0.68824 3.22385 1 0 0
0 -1.78956 2.23254 1 0 0
0 0.630623 1.44701 0 1 0
0 1.3322 0.277069 0 1 0
0 1.0147 1.60074 0 1 0
0 3.06924 -0.0742747 0 1 0
0 -2.14251 4.41148 1 0 0
0 2.87443 1.18316 0 1 0
0 1.25803 3.5351 0 0 1
0 1.40223 -0.347364 0 1 0
