1 155 1.63245 4.41987 1
1 179 0.283346 4.78911 1
1 199 1.25803 3.5351 1
1 5 1.24468 5.49753 1
1 11 0.613411 5.40399 1
1 13 1.6612 4.41329 1
1 24 1.8288 4.16428 1
1 26 -0.476238 4.11232 1
1 34 0.604013 3.63108 1
1 37 1.297 4.9397 1
1 49 -0.079541 6.05305 1
1 59 1.4952 4.11632 1
1 86 1.75426 3.63584 1
1 96 0.735067 5.026 1
1 159 0.351159 4.16912 1
1 111 0.516545 3.24122 1
1 143 2.32094 4.11914 1
1 160 -0.0723648 5.11453 1
1 165 2.03717 4.14185 1
1 189 1.10591 5.61263 1
1 29 -0.754772 3.94487 3
1 30 -1.58237 2.82131 3
1 42 -2.11407 2.56602 3
1 48 -0.565246 2.50984 3
1 53 -2.11397 2.44881 3
1 80 -3.92016 3.46357 3
1 55 -1.62639 3.83604 3
1 69 -1.49214 1.42684 3
1 74 -1.88641 3.25093 3
1 91 -2.56852 2.63682 3
1 99 -2.14596 1.82521 3
1 103 -1.95859 3.4762 3
1 109 -1.32142 4.89204 3
1 120 -1.54102 3.06272 3
1 123 -0.947921 1.50432 3
1 126 0.0325724 3.02577 1
1 127 -3.10721 3.32372 3
1 129 -2.54105 2.26027 3
1 148 -2.70278 4.4102 3
1 162 -0.769436 2.69337 3
1 164 -1.8733 3.0028 3
1 171 0.177263 2.52107 1
1 176 -0.898293 2.92128 3
1 27 1.47601 -1.1034 2
1 184 3.81559 1.24875 2
1 7 2.52423 0.379454 2
1 8 1.60704 2.63424 1
1 35 1.32324 -0.422118 2
1 39 2.63139 -0.557597 2
1 68 1.23373 1.90298 2
1 93 2.41441 -1.59767 2
1 95 3.12449 1.18291 2
1 110 1.38966 2.28638 2
1 118 2.90975 0.97646 2
1 128 0.312616 1.06756 2
1 132 1.12445 1.5111 2
1 134 0.713136 1.29312 2
1 136 1.77547 0.985324 2
1 137 1.96666 0.300533 2
1 145 2.82642 0.311741 2
1 149 1.06132 0.944612 2
1 161 0.546621 1.96387 2
1 167 2.03337 0.233436 2
1 183 2.4389 1.50688 2
1 185 3.4003 -0.965323 2
1 186 3.01905 2.99486 1
2 2 0.663149 4.4445 2
2 3 1.11572 4.64413 2
2 19 0.244438 2.75013 2
2 46 2.08353 5.38593 2
2 50 1.03614 4.57601 2
2 60 2.3157 6.01009 2
2 63 0.950906 4.68929 2
2 114 -0.206983 3.68518 2
2 73 0.584632 5.96812 2
2 83 0.883373 4.67333 2
2 87 0.517583 3.90952 2
2 94 0.192553 3.78282 2
2 102 2.35577 5.62621 2
2 104 0.371056 3.98019 2
2 115 0.627676 4.03171 2
2 124 1.31505 3.31433 2
2 130 1.52894 5.13377 2
2 138 1.83135 4.16757 2
2 146 0.695873 4.35434 2
2 150 0.404009 4.91258 2
2 173 -0.559373 6.05949 2
2 177 2.67111 3.0908 2
2 56 -1.84499 1.46306 3
2 12 -0.902508 2.77427 3
2 20 -3.35452 4.77593 3
2 21 -1.00623 3.23257 3
2 25 -3.55691 1.99763 3
2 43 -3.11859 3.23782 3
2 44 -0.906068 4.08954 3
2 54 -1.6688 4.94893 3
2 61 -2.72774 1.70584 3
2 191 -0.68824 3.22385 3
2 92 -0.854435 1.84783 3
2 98 -1.63325 2.30572 3
2 105 -1.64724 3.88785 3
2 112 -0.298825 2.29738 3
2 119 -2.06569 1.91357 3
2 140 -1.08254 2.81339 3
2 141 -1.64926 3.94108 3
2 142 -1.92373 2.66556 3
2 152 -2.46763 4.00791 3
2 163 -1.27984 2.11606 3
2 175 -0.927159 2.50323 3
2 178 -3.0552 3.26643 3
2 182 -1.76786 1.90267 3
2 18 2.18303 0.610268 1
2 36 2.52677 0.977244 1
2 38 2.3072 0.809328 1
2 41 1.20527 0.528619 1
2 67 0.66855 0.954599 1
2 71 1.77716 -0.61074 1
2 77 1.64529 0.913395 1
2 78 4.08865 0.859632 1
2 79 1.19492 0.58628 1
2 84 4.2001 1.7477 1
2 85 2.52622 0.743272 1
2 100 2.67765 1.52294 1
2 113 0.870951 0.482238 1
2 122 1.63803 1.331 1
2 133 0.773613 0.453676 1
2 193 0.630623 1.44701 1
2 144 0.985294 0.441529 1
2 151 2.01991 -0.15362 1
2 156 4.00218 2.10054 1
2 157 2.74988 1.63882 1
2 169 2.03995 1.2389 1
2 170 0.891696 1.13801 1
2 188 1.02255 0.503626 1
2 194 1.3322 0.277069 1
3 9 1.09049 4.66558 3
3 14 1.33268 3.32003 3
3 15 0.159702 4.35054 3
3 23 1.01745 4.13532 3
3 31 1.39537 2.92117 3
3 32 0.98572 5.91107 3
3 45 2.65707 5.11923 3
3 47 0.369371 4.33243 3
3 51 0.40538 3.97732 3
3 72 0.0125927 5.25279 3
3 75 -0.151246 5.00353 3
3 82 1.13595 3.94218 3
3 89 0.201167 6.02285 3
3 97 1.33838 3.68746 3
3 190 2.70692 5.63625 3
3 106 -0.490908 4.72029 3
3 108 0.17035 4.652 3
3 116 1.37575 4.60409 3
3 117 2.00173 3.19244 3
3 135 1.58134 4.6705 3
3 166 -0.167166 5.17624 3
3 181 1.16372 5.18276 3
3 192 -1.78956 2.23254 1
3 1 -1.71312 3.71004 1
3 4 -1.43895 3.44254 1
3 6 -0.830976 1.85239 1
3 10 -1.69849 2.56252 1
3 16 -1.01634 2.71747 1
3 28 -2.21463 1.62387 1
3 33 -1.56486 2.65968 1
3 40 -3.18567 2.48771 1
3 62 -0.0435826 3.06569 1
3 66 -1.26919 3.46584 1
3 76 -1.48236 3.36234 1
3 81 -2.09218 2.48496 1
3 88 -1.85513 3.05892 1
3 131 -1.27451 2.02407 1
3 153 -2.14975 4.30062 1
3 147 -2.16113 3.76682 1
3 154 -2.41386 1.59323 1
3 197 -2.14251 4.41148 1
3 168 -0.836907 3.23855 1
3 187 -2.17455 2.18619 1
3 198 2.87443 1.18316 2
3 17 2.76296 0.477886 2
3 22 1.38499 0.153869 2
3 52 1.93568 0.629652 2
3 57 2.19612 1.10663 2
3 58 2.88404 1.18452 2
3 64 1.51768 0.683534 2
3 65 1.723 0.682222 2
3 70 1.99385 2.43967 2
3 90 2.20527 1.46919 2
3 101 1.73667 -0.339793 2
3 107 3.04496 1.4874 2
3 121 1.51858 0.850353 2
3 125 1.48157 0.540119 2
3 139 1.15507 -0.49263 2
3 200 1.40223 -0.347364 2
3 158 1.56669 1.27211 2
3 172 2.61798 -0.544188 2
3 174 3.09237 1.86932 2
3 180 0.952376 1.65759 2
3 195 1.0147 1.60074 2
3 196 3.06924 -0.0742747 2
