126 608.426 222.542 0 1 0 0 0 0
38 547.266 161.659 0 1 0 0 0 0
68 630.923 230.343 0 1 0 0 0 0
56 530.363 137.688 0 1 0 0 0 0
129 635.497 133.323 0 1 0 0 0 0
60 661.559 217.046 0 1 0 0 0 0
35 659.912 226.628 0 1 0 0 0 0
100 500.383 198.743 0 1 0 0 0 0
104 283.005 376.444 0 0 0 0 0 1
110 269.367 367.476 0 0 0 0 0 1
32 282.304 426.838 0 0 0 0 0 1
51 228.833 410.446 0 0 0 0 0 1
125 255.557 448.865 0 0 0 0 0 1
15 246.928 322.461 0 0 0 0 0 1
91 350.425 420.653 0 0 0 0 0 1
53 358.917 404.467 0 0 0 0 0 1
132 278.871 299.931 0 0 0 0 0 1
85 559.016 560.887 0 0 0 1 0 0
28 571.219 530.262 0 0 0 1 0 0
80 530.732 504.067 0 0 0 1 0 0
57 498.807 576.21 0 0 0 1 0 0
134 557.607 595.319 0 0 0 1 0 0
107 588.197 580.595 0 0 0 1 0 0
109 537.466 472.584 0 0 0 1 0 0
69 579.327 601.036 0 0 0 1 0 0
49 531.029 612.387 0 0 0 1 0 0
54 486.465 593.043 0 0 0 1 0 0
140 461.411 530.525 0 0 0 1 0 0
1 612.176 494.317 0 0 0 1 0 0
114 97.7359 157.456 1 0 0 0 0 0
44 91.5848 110.02 1 0 0 0 0 0
149 91.6468 166.354 1 0 0 0 0 0
70 117.862 112.98 1 0 0 0 0 0
3 53.4418 131.485 1 0 0 0 0 0
43 138.244 137.168 1 0 0 0 0 0
127 70.2723 77.9227 1 0 0 0 0 0
48 334.351 153.797 0 0 0 0 1 0
146 334.275 152.149 0 0 0 0 1 0
143 352.314 140.327 0 0 0 0 1 0
71 297.791 166.313 0 0 0 0 1 0
144 308.435 115.205 0 0 0 0 1 0
128 398.23 119.558 0 0 0 0 1 0
13 282.787 229.8 0 0 0 0 1 0
79 271.504 225.292 0 0 0 0 1 0
6 112.748 529.418 0 0 1 0 0 0
83 118.663 508.713 0 0 1 0 0 0
29 104.653 482.822 0 0 1 0 0 0
33 58.7767 507.171 0 0 1 0 0 0
102 59.7537 551.632 0 0 1 0 0 0
7 141.488 504.818 0 0 1 0 0 0
97 49.9187 541.435 0 0 1 0 0 0
88 141.451 485.248 0 0 1 0 0 0
0 37.4394 541.209 0 0 1 0 0 0
117 594.405 275.874 0 1 0 0 0 0
115 506.619 233.002 0 1 0 0 0 0
23 565.785 282.386 0 1 0 0 0 0
40 494.859 148.122 0 0 0 0 0 1
59 595.836 81.813 0 1 0 0 0 0
11 536.489 287.228 0 1 0 0 0 0
10 697.388 180.396 0 1 0 0 0 0
147 690.966 134.579 0 1 0 0 0 0
58 224.318 312.468 0 0 0 1 0 0
92 216.701 466.482 1 0 0 0 0 0
133 381.654 360.334 0 0 0 1 0 0
34 189.751 460.382 1 0 0 0 0 0
45 390.697 423.977 0 0 0 1 0 0
14 240.825 281.514 0 0 0 1 0 0
78 192.119 314.184 0 0 0 1 0 0
120 172.309 344.396 0 0 0 1 0 0
137 398.55 392.649 0 0 0 1 0 0
18 633.392 534.94 0 0 1 0 0 0
24 475.898 468.539 0 0 1 0 0 0
46 565.162 429.16 0 0 1 0 0 0
19 488.312 437.487 0 0 1 0 0 0
98 656.694 558.111 0 0 1 0 0 0
101 634.318 612.829 0 0 1 0 0 0
36 639.031 467.23 0 0 1 0 0 0
113 658.913 583.958 0 0 1 0 0 0
136 562.905 670.038 0 0 1 0 0 0
119 598.416 414.556 0 0 1 0 0 0
41 629.998 433.455 0 0 1 0 0 0
64 432.264 629.409 0 0 1 0 0 0
103 15.2146 143.044 0 0 0 0 1 0
67 59.4163 40.128 0 0 0 0 1 0
20 141.404 228.433 0 0 0 0 1 0
105 146.539 39.4232 0 0 0 0 1 0
124 56.02 243.066 0 0 0 0 1 0
118 66.2308 24.1317 0 0 0 0 1 0
22 397.559 231.359 0 0 0 0 0 1
121 299.481 251.83 0 0 0 1 0 0
30 356.71 67.6477 0 0 0 0 0 1
37 415.026 233.305 0 0 0 0 0 1
26 397.559 74.7588 0 0 0 0 0 1
76 315.293 273.228 0 0 0 1 0 0
31 400.407 253.679 0 0 0 0 0 1
86 22.6471 526.247 1 0 0 0 0 0
62 79.4653 445.964 1 0 0 0 0 0
95 144.6 457.422 1 0 0 0 0 0
75 10.0261 488.931 1 0 0 0 0 0
47 54.5249 438.552 1 0 0 0 0 0
72 22.7643 455.534 1 0 0 0 0 0
123 197.897 512.389 1 0 0 0 0 0
106 101.869 635.099 1 0 0 0 0 0
4 143.061 631.72 1 0 0 0 0 0
65 623.249 69.1893 0 0 0 0 0 1
52 578.381 321.33 0 0 0 0 1 0
16 649.731 62.3332 0 0 0 0 0 1
116 500.257 64.9136 0 0 0 0 0 1
39 616.655 339.341 0 0 0 0 1 0
42 471.101 314.222 0 0 0 0 1 0
139 558.201 0.419881 0 0 0 0 0 1
55 343.169 509.312 0 1 0 0 0 0
77 220.704 270.082 0 0 1 0 0 0
89 396.774 460.756 0 1 0 0 0 0
145 299.588 530.589 0 1 0 0 0 0
93 130.924 351.149 0 0 1 0 0 0
87 135.638 325.841 0 0 1 0 0 0
25 322.422 550.317 0 1 0 0 0 0
108 457.263 350.016 0 0 0 0 1 0
82 396.127 539.465 0 1 0 0 0 0
131 484.803 677.073 0 1 0 0 0 0
8 661.051 445.938 0 0 0 0 1 0
5 689.945 468.535 0 0 0 0 1 0
50 475.735 385.784 0 0 0 0 1 0
27 672.862 432.883 0 0 0 0 1 0
138 590.894 370.741 0 0 0 0 1 0
74 342.358 599.388 0 1 0 0 0 0
84 395.691 699.538 0 1 0 0 0 0
17 352.966 666.787 0 1 0 0 0 0
141 354.724 685.405 0 1 0 0 0 0
90 87.7495 19.617 1 0 0 0 0 0
63 210.416 130.715 1 0 0 0 0 0
21 17.3633 240.241 0 0 1 0 0 0
148 48.0798 270.968 0 0 1 0 0 0
12 192.407 20.4394 1 0 0 0 0 0
61 43.6892 305.472 0 0 1 0 0 0
111 239.905 102.63 1 0 0 0 0 0
130 378.348 272.291 0 0 0 0 1 0
135 249.059 76.6595 1 0 0 0 0 0
122 303.838 21.0526 1 0 0 0 0 0
66 436.519 282.936 0 0 0 0 1 0
73 259.71 10.62 1 0 0 0 0 0
94 72.633 645.785 0 0 0 1 0 0
96 212.373 594.922 0 0 0 1 0 0
9 98.7899 384.593 0 0 1 0 0 0
112 88.4678 384.051 0 0 1 0 0 0
81 42.5331 656.365 0 0 0 1 0 0
99 176.594 648.524 0 0 0 1 0 0
142 193.661 669.743 0 0 0 1 0 0
2 38.1312 353.148 0 0 1 0 0 0
