1 28 571.219 530.262 1
1 85 559.016 560.887 1
1 80 530.732 504.067 1
1 109 537.466 472.584 1
1 107 588.197 580.595 1
1 134 557.607 595.319 1
1 57 498.807 576.21 1
1 1 612.176 494.317 1
1 69 579.327 601.036 1
1 49 531.029 612.387 1
1 18 633.392 534.94 1
1 140 461.411 530.525 1
1 144 308.435 115.205 6
1 71 297.791 166.313 6
1 146 334.275 152.149 6
1 48 334.351 153.797 6
1 143 352.314 140.327 6
1 111 239.905 102.63 6
1 44 91.5848 110.02 2
1 3 53.4418 131.485 2
1 114 97.7359 157.456 2
1 149 91.6468 166.354 2
1 70 117.862 112.98 2
1 127 70.2723 77.9227 2
1 104 283.005 376.444 4
1 110 269.367 367.476 4
1 32 282.304 426.838 4
1 51 228.833 410.446 4
1 125 255.557 448.865 4
1 15 246.928 322.461 4
1 91 350.425 420.653 4
1 53 358.917 404.467 4
1 92 216.701 466.482 4
1 58 224.318 312.468 4
1 38 547.266 161.659 3
1 100 500.383 198.743 3
1 115 506.619 233.002 3
1 56 530.363 137.688 3
1 126 608.426 222.542 3
1 40 494.859 148.122 3
1 23 565.785 282.386 3
1 11 536.489 287.228 3
1 68 630.923 230.343 3
1 117 594.405 275.874 3
1 6 112.748 529.418 5
1 83 118.663 508.713 5
1 29 104.653 482.822 5
1 7 141.488 504.818 5
1 33 58.7767 507.171 5
1 88 141.451 485.248 5
1 102 59.7537 551.632 5
1 97 49.9187 541.435 5
1 0 37.4394 541.209 5
1 95 144.6 457.422 5
2 54 486.465 593.043 4
2 24 475.898 468.539 4
2 46 565.162 429.16 4
2 19 488.312 437.487 4
2 36 639.031 467.23 4
2 98 656.694 558.111 4
2 101 634.318 612.829 4
2 113 658.913 583.958 4
2 119 598.416 414.556 4
2 41 629.998 433.455 4
2 136 562.905 670.038 4
2 8 661.051 445.938 4
2 135 249.059 76.6595 1
2 30 356.71 67.6477 1
2 63 210.416 130.715 6
2 128 398.23 119.558 1
2 122 303.838 21.0526 1
2 79 271.504 225.292 2
2 43 138.244 137.168 6
2 103 15.2146 143.044 6
2 67 59.4163 40.128 6
2 118 66.2308 24.1317 6
2 124 56.02 243.066 6
2 132 278.871 299.931 2
2 34 189.751 460.382 3
2 120 172.309 344.396 2
2 78 192.119 314.184 2
2 133 381.654 360.334 2
2 14 240.825 281.514 2
2 45 390.697 423.977 2
2 137 398.55 392.649 2
2 76 315.293 273.228 2
2 129 635.497 133.323 5
2 60 661.559 217.046 5
2 35 659.912 226.628 5
2 52 578.381 321.33 5
2 59 595.836 81.813 5
2 37 415.026 233.305 2
2 42 471.101 314.222 2
2 66 436.519 282.936 2
2 116 500.257 64.9136 1
2 62 79.4653 445.964 3
2 86 22.6471 526.247 3
2 47 54.5249 438.552 3
2 75 10.0261 488.931 3
2 72 22.7643 455.534 3
2 106 101.869 635.099 3
2 4 143.061 631.72 3
2 94 72.633 645.785 3
2 9 98.7899 384.593 3
3 64 432.264 629.409 2
3 82 396.127 539.465 2
3 5 689.945 468.535 6
3 131 484.803 677.073 2
3 27 672.862 432.883 6
3 50 475.735 385.784 6
3 138 590.894 370.741 6
3 39 616.655 339.341 6
3 84 395.691 699.538 2
3 17 352.966 666.787 2
3 141 354.724 685.405 2
3 26 397.559 74.7588 3
3 13 282.787 229.8 3
3 73 259.71 10.62 1
3 121 299.481 251.83 3
3 12 192.407 20.4394 1
3 20 141.404 228.433 4
3 90 87.7495 19.617 1
3 105 146.539 39.4232 1
3 21 17.3633 240.241 4
3 148 48.0798 270.968 4
3 77 220.704 270.082 4
3 55 343.169 509.312 2
3 123 197.897 512.389 2
3 145 299.588 530.589 2
3 89 396.774 460.756 2
3 93 130.924 351.149 4
3 87 135.638 325.841 4
3 25 322.422 550.317 2
3 10 697.388 180.396 5
3 65 623.249 69.1893 5
3 22 397.559 231.359 3
3 31 400.407 253.679 3
3 147 690.966 134.579 5
3 16 649.731 62.3332 5
3 108 457.263 350.016 6
3 130 378.348 272.291 3
3 139 558.201 0.419881 5
3 112 88.4678 384.051 4
3 96 212.373 594.922 2
3 81 42.5331 656.365 2
3 99 176.594 648.524 2
3 2 38.1312 353.148 4
3 142 193.661 669.743 2
3 61 43.6892 305.472 4
3 74 342.358 599.388 2
