1 17 2.76296 0.477886 3
1 151 2.01991 -0.15362 3
1 65 1.723 0.682222 3
1 57 2.19612 1.10663 3
1 122 1.63803 1.331 3
1 145 2.82642 0.311741 3
1 58 2.88404 1.18452 3
1 22 1.38499 0.153869 3
1 118 2.90975 0.97646 3
1 125 1.48157 0.540119 3
1 90 2.20527 1.46919 3
1 188 1.02255 0.503626 3
1 170 0.891696 1.13801 3
1 194 1.3322 0.277069 3
1 85 2.52622 0.743272 3
1 184 3.81559 1.24875 3
1 137 1.96666 0.300533 3
1 38 2.3072 0.809328 3
1 101 1.73667 -0.339793 3
1 64 1.51768 0.683534 3
1 107 3.04496 1.4874 3
1 169 2.03995 1.2389 3
1 198 2.87443 1.18316 3
1 27 1.47601 -1.1034 3
1 167 2.03337 0.233436 3
1 158 1.56669 1.27211 3
1 70 1.99385 2.43967 3
1 121 1.51858 0.850353 3
1 136 1.77547 0.985324 3
1 110 1.38966 2.28638 3
1 77 1.64529 0.913395 3
1 132 1.12445 1.5111 3
1 149 1.06132 0.944612 3
1 52 1.93568 0.629652 3
1 99 -2.14596 1.82521 1
1 192 -1.78956 2.23254 1
1 10 -1.69849 2.56252 1
1 131 -1.27451 2.02407 1
1 163 -1.27984 2.11606 1
1 88 -1.85513 3.05892 1
1 16 -1.01634 2.71747 1
1 168 -0.836907 3.23855 1
1 178 -3.0552 3.26643 1
1 55 -1.62639 3.83604 1
1 142 -1.92373 2.66556 1
1 74 -1.88641 3.25093 1
1 33 -1.56486 2.65968 1
1 4 -1.43895 3.44254 1
1 175 -0.927159 2.50323 1
1 147 -2.16113 3.76682 1
1 91 -2.56852 2.63682 1
1 29 -0.754772 3.94487 1
1 140 -1.08254 2.81339 1
1 81 -2.09218 2.48496 1
1 164 -1.8733 3.0028 1
1 105 -1.64724 3.88785 1
1 103 -1.95859 3.4762 1
1 153 -2.14975 4.30062 1
1 76 -1.48236 3.36234 1
1 187 -2.17455 2.18619 1
1 92 -0.854435 1.84783 1
1 176 -0.898293 2.92128 1
1 53 -2.11397 2.44881 1
1 119 -2.06569 1.91357 1
1 98 -1.63325 2.30572 1
1 152 -2.46763 4.00791 1
1 120 -1.54102 3.06272 1
1 45 2.65707 5.11923 2
1 72 0.0125927 5.25279 2
1 165 2.03717 4.14185 2
1 116 1.37575 4.60409 2
1 83 0.883373 4.67333 2
1 49 -0.079541 6.05305 2
1 135 1.58134 4.6705 2
1 87 0.517583 3.90952 2
1 3 1.11572 4.64413 2
1 37 1.297 4.9397 2
1 181 1.16372 5.18276 2
1 166 -0.167166 5.17624 2
1 9 1.09049 4.66558 2
1 86 1.75426 3.63584 2
1 150 0.404009 4.91258 2
1 146 0.695873 4.35434 2
1 63 0.950906 4.68929 2
1 160 -0.0723648 5.11453 2
1 130 1.52894 5.13377 2
1 173 -0.559373 6.05949 2
1 138 1.83135 4.16757 2
1 34 0.604013 3.63108 2
1 82 1.13595 3.94218 2
1 13 1.6612 4.41329 2
1 5 1.24468 5.49753 2
1 75 -0.151246 5.00353 2
1 199 1.25803 3.5351 2
1 31 1.39537 2.92117 2
1 97 1.33838 3.68746 2
1 115 0.627676 4.03171 2
1 19 0.244438 2.75013 1
1 155 1.63245 4.41987 2
2 193 0.630623 1.44701 2
2 186 3.01905 2.99486 1
2 157 2.74988 1.63882 2
2 78 4.08865 0.859632 2
2 7 2.52423 0.379454 2
2 185 3.4003 -0.965323 2
2 36 2.52677 0.977244 2
2 156 4.00218 2.10054 2
2 196 3.06924 -0.0742747 2
2 172 2.61798 -0.544188 2
2 18 2.18303 0.610268 2
2 8 1.60704 2.63424 1
2 41 1.20527 0.528619 2
2 195 1.0147 1.60074 2
2 35 1.32324 -0.422118 2
2 200 1.40223 -0.347364 2
2 79 1.19492 0.58628 2
2 67 0.66855 0.954599 2
2 84 4.2001 1.7477 2
2 144 0.985294 0.441529 2
2 95 3.12449 1.18291 2
2 39 2.63139 -0.557597 2
2 128 0.312616 1.06756 2
2 134 0.713136 1.29312 2
2 68 1.23373 1.90298 2
2 113 0.870951 0.482238 2
2 161 0.546621 1.96387 2
2 183 2.4389 1.50688 2
2 93 2.41441 -1.59767 2
2 174 3.09237 1.86932 2
2 180 0.952376 1.65759 2
2 133 0.773613 0.453676 2
2 100 2.67765 1.52294 2
2 71 1.77716 -0.61074 2
2 139 1.15507 -0.49263 2
2 80 -3.92016 3.46357 3
2 44 -0.906068 4.08954 3
2 69 -1.49214 1.42684 3
2 141 -1.64926 3.94108 3
2 40 -3.18567 2.48771 3
2 126 0.0325724 3.02577 1
2 25 -3.55691 1.99763 3
2 6 -0.830976 1.85239 3
2 62 -0.0435826 3.06569 1
2 42 -2.11407 2.56602 3
2 127 -3.10721 3.32372 3
2 1 -1.71312 3.71004 3
2 54 -1.6688 4.94893 3
2 43 -3.11859 3.23782 3
2 123 -0.947921 1.50432 3
2 21 -1.00623 3.23257 3
2 12 -0.902508 2.77427 3
2 48 -0.565246 2.50984 3
2 66 -1.26919 3.46584 3
2 28 -2.21463 1.62387 3
2 171 0.177263 2.52107 1
2 162 -0.769436 2.69337 3
2 61 -2.72774 1.70584 3
2 182 -1.76786 1.90267 3
2 154 -2.41386 1.59323 3
2 197 -2.14251 4.41148 3
2 191 -0.68824 3.22385 3
2 148 -2.70278 4.4102 3
2 20 -3.35452 4.77593 3
2 112 -0.298825 2.29738 3
2 109 -1.32142 4.89204 3
2 30 -1.58237 2.82131 3
2 129 -2.54105 2.26027 3
2 56 -1.84499 1.46306 3
2 111 0.516545 3.24122 1
2 47 0.369371 4.33243 1
2 11 0.613411 5.40399 1
2 24 1.8288 4.16428 1
2 117 2.00173 3.19244 1
2 177 2.67111 3.0908 1
2 143 2.32094 4.11914 1
2 96 0.735067 5.026 1
2 2 0.663149 4.4445 1
2 94 0.192553 3.78282 1
2 51 0.40538 3.97732 1
2 189 1.10591 5.61263 1
2 46 2.08353 5.38593 1
2 114 -0.206983 3.68518 1
2 59 1.4952 4.11632 1
2 106 -0.490908 4.72029 1
2 102 2.35577 5.62621 1
2 60 2.3157 6.01009 1
2 159 0.351159 4.16912 1
2 32 0.98572 5.91107 1
2 73 0.584632 5.96812 1
2 108 0.17035 4.652 1
2 124 1.31505 3.31433 1
2 23 1.01745 4.13532 1
2 15 0.159702 4.35054 1
2 26 -0.476238 4.11232 1
2 190 2.70692 5.63625 1
2 50 1.03614 4.57601 1
2 14 1.33268 3.32003 1
2 89 0.201167 6.02285 1
2 179 0.283346 4.78911 1
2 104 0.371056 3.98019 1
