200 2
-1.6717365865366856 3.5340074997896704
0.7327315740181882 4.413231605821176
1.0847332765343365 4.568501091169911
-1.4584965358215065 3.325949837160428
1.1850368004907343 5.232257455129311
-0.9856269290400856 2.0891658131978
2.420012934949809 0.49461208106879057
1.7066448059482644 2.248336097609827
1.065108543439029 4.585179881859681
-1.6603614587288849 2.6414876015097075
0.6940462156652694 5.159498876716089
-1.0412628063388127 2.806180854630736
1.5089964861493903 4.38895983899337
1.2534747774096466 3.538644271337036
0.34116122347822553 4.340149104505687
-1.1298008187250368 2.7620096909725147
2.605697094909161 0.5711702922227767
2.1546347357574236 0.6741337679363703
0.4070676811153773 3.0953895058162164
-2.9483831406689514 4.363027264284646
-1.1219389648116906 3.1626403812283446
1.53393914599897 0.3191566828766268
1.0083010406575073 4.172758632430306
1.6393464559881186 4.195280262284806
-3.105798973803438 2.2021274707882004
-0.15345841474407096 4.154869131298612
1.6047346394498545 -0.6587185466191616
-2.0618047599564155 1.911428229672018
-0.92635726621727 3.7166535679934243
-1.5700424946888585 2.8427685679293004
1.3022337863578168 3.2284167470543332
0.9836200930510693 5.553896673182475
-1.5564240291253106 2.7170612266601877
0.6867367920146719 3.7805689594398597
1.485912539989936 -0.12883336952382285
2.4219912381168216 0.9595591208691998
1.2257265565685764 4.798388545182753
2.2512147407631447 0.8289583871878663
2.5033595897011924 -0.23420557107964712
-2.817052698331559 2.583300458504782
1.3941551422901028 0.610628874696153
-1.9835900208928194 2.644214898701802
-2.7648809286958267 3.166719516253761
-1.0440312980475537 3.8291746220286216
2.283561350845094 4.938018588241159
1.8374735550558996 5.145453221597478
0.5042372160863318 4.326068718240435
-0.7789474337006991 2.6005121986371513
0.15508369496658314 5.664322157402895
1.0228321342147126 4.515517655866237
0.5322446129698206 4.049868511257394
1.962251117122009 0.6892100443567271
-1.9835095331764188 2.553049742722345
-1.6372709245365764 4.497588709441869
-1.6042824732846361 3.6320031595341824
-1.7743062373519447 1.7863503292774001
2.164822098008641 1.0601903852781298
2.699868698079451 1.1207730169980517
1.3798836501769536 4.157978198543794
2.018046614203415 5.630909750669798
-2.460884943203833 1.975180007274834
-0.3732095606766137 3.0328416901742568
0.9565425187094366 4.6036196368196824
1.637146273157124 0.7311184491227319
1.7968402348731676 0.7300982356347884
-1.3264634309973098 3.344072945465938
0.9767096113216407 0.9419470558781691
1.4162919636219669 1.6795750616050338
-1.4998626269337738 1.7581816897077553
2.007498397705636 2.0970035650924936
1.8389584430998924 -0.2755390044930468
0.22674324348911534 5.041903536300186
0.6716625923413488 5.598271937383929
-1.806518333705918 3.176921382826386
0.09931332651154678 4.848030576530727
-1.4922575260668418 3.2635680047297924
1.7363947689707377 0.9098990712554765
3.6367837869164745 0.8680836537754869
1.3861060210879341 0.6554764169483663
-3.3883245798196238 3.342305928384689
-1.9665653049710106 2.5811632784105716
1.100468378124122 4.022540672102607
0.9040168822910046 4.591206278805251
3.7234688638376374 1.5587993008312266
2.4215611838051054 0.7775812280823632
1.581375417748149 3.7842718131638806
0.6195135513203376 3.9971353163205596
-1.7821894942960852 3.0275749600237774
0.37341209900820327 5.6408327946177135
2.1719389681936483 1.3421856657624112
-2.337052694655503 2.6992776855451375
-1.0038721792786631 2.0856207926905075
2.334599963380969 -1.0431512695607181
0.36671207411917783 3.8985925621132993
2.8868883760794892 1.1195234882853315
0.7886677188805288 4.865506804505866
1.2579092273707793 3.824420263790171
-1.6096188448119042 2.4417575185353275
-2.008390340941983 2.0680280791672385
2.5393446471820087 1.383988060497141
1.8074717835554392 -0.06480224545467628
2.049215528597415 5.332338466378589
-1.8626630830274689 3.3521330701735814
0.5055477651033293 4.0521001143700115
-1.6204951049898129 3.6723029255165067
-0.16486876432973618 4.627734906316432
2.8250292385538573 1.3563482714437551
0.3494434857109222 4.574619075949873
-0.8108227925373599 4.761320344256642
1.5375734239589587 1.9777738767226518
0.618706482248284 3.4773447985627017
-0.5717317195501755 2.4352678321481664
1.1341323340748133 0.5745544365676406
-0.500298912319981 3.514668618955985
0.7051413063609284 4.092175402045655
1.286974341468293 4.537359356610377
1.7738505577268056 3.439409253200833
2.7198620862809104 0.9589495289075705
-1.9459617690679956 2.1367543711608468
-1.5378814913436938 3.030531979141879
1.6378476945175222 0.8608665525492545
1.730750339180612 1.2347006915793604
-1.076583887677856 1.818445875289706
1.2397679503554357 3.534206774039454
1.6090616035463177 0.6195733899077784
0.24228300299953032 3.3097747714231076
-2.7560274216283087 3.2335363845972633
0.6998716573403232 1.0298086776936168
-2.315682079351626 2.4064078343277453
1.4061256377887512 4.949331997544959
-1.3305948195004982 2.2226957336824165
1.3312975321837528 1.3747798227350758
1.058424885145106 0.552339741584401
1.0113872065389542 1.2052378508231127
1.4468764084552 4.589010612817168
1.8376472012439478 0.9658437763260852
1.9863507543350754 0.4332288594844617
1.6413319708144076 4.197837281640002
1.3551167782601827 -0.1836761078063911
-1.1812847690774735 2.836609504009066
-1.62206880369673 3.7137062151550095
-1.8355498558267194 2.7216334147039665
2.0221254297568194 4.160176542812329
1.2230660409840577 0.5428922119288555
2.655048949764762 0.4419457446278341
0.7581833060573342 4.343103067009212
-2.020194206321269 3.578164768811769
-2.441472809436627 4.078573737065854
1.2821991838329625 0.9341792154206189
0.5311778236812784 4.7772906339109396
2.027769548673631 0.0799982115190987
-2.258581369524774 3.7656839641110134
-2.011338906670979 3.993346199305181
-2.2167615296008107 1.8875977561086121
1.4866334720707708 4.394075364978577
3.569532685929361 1.8332332245434113
2.5955209072824452 1.474116567712549
1.6752644882211756 1.1888986923209346
0.49007257673453924 4.199043149219021
0.1606651899981456 4.934365868316321
0.0858376751568537 2.17587118542804
-0.9377621283703599 2.7432612552204585
-1.3347425628151477 2.294241703236253
-1.7963198796487982 2.9839283738550746
1.8014157783582505 4.1778399423797445
0.08693057960648165 4.982365023158998
2.038239234353623 0.3810420234939548
-0.9902397860703451 3.167287233563725
2.0433532317298697 1.163069874826494
1.150267684626464 1.0845992684823649
0.35482005520541615 2.917229799691641
2.492929537151909 -0.22377669898678643
-0.2181190548910137 5.669330104110642
2.861899616781062 1.6533966743637114
-1.0604358557995655 2.5953784101611355
-1.0379840088467702 2.920521883693511
2.294475566485873 3.3603559846486775
-2.7155780868244834 3.188978594109667
0.43732882643477367 4.681261761352662
1.1974626582517605 1.4887177434190197
1.1220625632002972 4.987434652986989
-1.7143174890476818 2.128274329304118
2.3536486329775483 1.3714992844591087
3.424406137208364 1.1707289858194854
3.101406702576836 -0.5513258575715358
2.5650983153378206 3.2857313552292546
-2.0306270852081605 2.3487871693452687
1.2520394647451063 0.591189628616833
1.0771005783591097 5.321778782322473
2.322329497082764 5.340147681452487
-0.8746101513418929 3.155857749994006
-1.7311901671454093 2.3848377130649867
0.9472106432983207 1.3249292253129805
1.4928807565111892 0.4149788155127965
1.245939819157539 1.4445023311349323
2.843912666907433 0.14171160408354055
-2.005711641637957 4.079567818666034
2.692392757097692 1.1197164105718482
1.195417469702126 3.7059203099371825
1.547349356508369 -0.07069110883860186
