3
3
3
3
3
3
3
3
3
3
3
3
3
3
3
3
3
3
3
3
3
3
3
3
3
3
3
3
3
3
3
3
7
4
7
4
8
5
3
8
1
1
1
1
1
1
1
1
1
1
1
1
9
1
1
9
1
9
9
9
9
9
9
9
9
9
9
9
9
9
9
9
9
9
9
9
9
9
9
9
9
9
9
9
9
9
9
9
9
9
9
9
9
9
9
9
9
9
9
9
9
9
0
9
9
8
8
8
8
8
8
8
8
8
8
8
8
8
8
8
8
8
8
8
8
8
8
8
8
8
8
8
8
8
8
8
8
8
8
8
8
8
8
8
8
8
8
8
8
8
8
8
8
5
5
5
5
5
5
5
5
5
5
5
5
5
5
5
5
5
5
5
5
5
5
5
5
5
5
5
5
5
5
5
5
5
5
5
5
5
5
5
5
5
5
5
5
5
5
5
5
0
0
0
0
0
0
0
0
0
0
0
0
0
0
0
0
0
0
0
0
0
0
0
0
0
0
0
0
0
0
0
0
0
0
0
0
0
0
0
0
0
0
0
0
0
0
0
0
6
6
6
6
6
6
6
6
6
6
6
6
6
6
6
6
6
6
6
6
6
6
6
6
6
6
6
6
6
6
6
6
6
6
6
6
6
6
6
6
6
6
6
6
6
6
6
6
7
7
7
7
7
7
7
7
7
8
8
4
4
4
4
4
4
4
4
4
5
5
7
7
7
7
4
4
4
4
7
7
7
7
7
7
4
4
4
4
4
4
7
7
7
7
7
7
7
7
7
4
4
4
4
4
4
4
4
4
2
2
2
2
2
2
2
2
2
0
0
6
6
6
6
6
6
6
6
6
6
6
2
2
2
2
6
6
6
6
2
2
2
2
2
2
6
6
6
6
6
6
2
2
2
2
2
2
2
2
2
6
6
6
6
6
6
6
6
6
