12
17
17
17
17
33
33
33
33
33
32
32
23
23
23
23
23
24
33
33
33
33
33
33
33
33
33
33
34
32
32
32
32
32
34
34
32
32
32
32
34
32
23
32
32
23
23
23
23
48
48
48
34
34
34
34
34
34
34
34
34
34
34
34
48
48
48
48
48
48
43
43
48
48
48
48
48
44
44
44
44
44
44
44
44
44
44
44
43
43
43
43
43
43
43
43
43
43
36
36
36
36
36
36
36
8
8
8
8
8
8
8
8
8
8
8
36
11
11
11
11
11
11
11
11
11
11
11
11
35
35
35
35
35
35
35
44
36
9
31
31
31
31
31
31
31
31
31
7
49
49
49
49
49
38
38
38
38
0
0
0
0
0
0
0
0
9
9
9
9
7
9
9
9
9
9
7
7
7
7
7
7
7
7
7
7
7
7
7
7
7
14
7
14
14
14
14
14
14
14
14
2
2
2
2
2
14
14
14
14
15
15
15
2
15
15
5
5
15
15
15
15
15
15
15
15
15
15
15
2
2
2
2
2
31
31
31
31
31
31
31
31
31
31
45
31
31
31
31
31
31
31
45
45
45
45
45
45
49
45
45
45
45
47
47
45
45
45
45
45
45
45
45
45
45
45
45
45
45
45
45
45
45
45
47
47
47
47
47
47
47
47
47
47
47
47
47
47
47
47
47
47
47
47
47
47
47
47
24
24
40
40
40
40
40
40
39
47
47
39
39
39
39
40
40
39
39
39
39
39
39
39
45
39
39
39
45
45
45
45
45
45
45
45
45
39
39
39
39
39
39
45
45
45
45
39
45
45
39
39
45
45
45
45
45
39
39
39
39
39
45
45
49
49
49
45
49
49
49
49
49
49
49
49
49
49
49
49
49
39
39
39
39
39
39
40
39
39
39
42
39
39
39
39
39
42
42
42
42
42
42
42
42
42
42
42
42
49
49
49
49
49
42
49
42
49
42
42
42
42
49
42
42
42
42
38
40
26
40
40
40
40
40
40
42
42
42
26
26
26
26
26
26
26
42
26
26
26
37
37
37
25
25
25
41
25
41
41
25
6
6
6
6
41
41
46
46
1
4
4
4
1
1
1
1
1
42
42
38
38
38
38
38
38
38
38
38
38
38
38
38
38
0
0
0
0
0
0
0
37
37
37
37
37
37
37
37
37
37
37
37
37
37
37
37
37
37
37
6
6
6
6
6
6
6
6
6
6
6
6
6
6
6
20
20
20
20
6
16
20
16
16
16
16
16
16
16
16
16
20
20
20
20
28
28
28
28
28
28
28
28
28
28
28
29
29
29
29
29
29
29
29
29
29
30
30
29
29
29
29
30
30
30
30
27
27
27
27
27
27
27
20
46
46
46
46
28
27
27
46
46
46
46
46
46
46
46
46
1
1
1
1
1
1
1
1
1
1
1
1
1
1
1
1
27
13
13
13
13
30
30
18
18
18
18
18
18
18
3
3
3
3
22
22
3
3
13
13
13
19
19
21
22
21
21
10
