1 2 1191.23 1959.49 1
1 7 1019.79 1953.58 1
1 8 1232.62 1941.77 1
1 16 1179.41 1924.06 1
1 17 1049.35 1924.06 1
1 22 1327.2 1906.34 1
1 23 1031.61 1906.34 1
1 31 1013.88 1876.82 1
1 32 1735.12 1746.91 1
1 33 741.934 1746.91 1
1 35 736.022 1741 1
1 40 576.403 1522.52 1
1 41 1149.85 1445.75 1
1 42 617.786 1445.75 1
1 49 605.962 1398.51 1
1 55 1279.91 1221.36 1
1 60 1037.53 802.101 2
1 61 1315.38 796.196 2
1 63 1090.73 796.196 2
1 67 1013.88 790.29 2
1 70 1031.61 784.386 2
1 71 1664.18 778.481 3
1 72 1238.53 778.481 2
1 73 1096.64 778.481 2
1 75 978.407 778.481 2
1 78 1078.91 772.576 2
1 81 1214.88 766.67 2
1 82 1191.23 766.67 2
1 85 1073 766.67 2
1 86 1232.62 760.765 2
1 90 1179.41 754.861 2
1 91 1025.7 754.861 2
1 93 1244.44 748.955 2
1 97 1019.79 725.335 2
1 98 996.143 725.335 2
1 100 1002.05 719.43 2
1 105 1628.71 2048.06 1
1 108 1616.89 2036.25 1
1 109 1605.06 2048.06 1
1 116 1569.59 2036.25 1
1 121 1534.12 2048.06 1
1 122 1534.12 2036.25 1
1 124 1522.3 2036.25 1
1 126 1510.47 2036.25 1
1 128 1498.65 2036.25 1
1 130 1622.8 2030.35 1
1 133 1599.15 2042.16 1
1 134 1599.15 2030.35 1
1 141 1551.85 2042.16 1
1 144 1540.03 2030.35 1
1 146 1528.21 2030.35 1
1 147 1516.38 2042.16 1
1 151 1492.74 2042.16 1
1 152 1492.74 2030.35 1
1 157 623.699 2048.06 1
1 170 552.757 2036.25 1
1 174 529.109 2036.25 1
1 175 517.286 2048.06 1
1 178 641.434 2030.35 1
1 186 594.14 2030.35 1
1 192 558.669 2030.35 1
1 196 535.022 2030.35 1
1 197 523.198 2042.16 1
1 198 523.198 2030.35 1
1 199 511.374 2042.16 1
1 210 1581.41 158.452 3
1 211 1569.59 170.262 3
1 212 1569.59 158.452 3
1 213 1557.77 170.262 3
1 215 1545.94 170.262 3
1 217 1534.12 170.262 3
1 218 1534.12 158.452 3
1 225 1622.8 164.357 3
1 230 1599.15 152.547 3
1 232 1587.33 152.547 3
1 235 1563.68 164.357 3
1 236 1563.68 152.547 3
1 241 1528.21 164.357 3
1 243 1516.38 164.357 3
1 250 647.346 158.452 2
1 253 623.699 170.262 2
1 256 611.875 158.452 2
1 259 588.228 170.262 2
1 260 588.228 158.452 2
1 264 564.581 158.452 2
1 267 540.933 170.262 2
1 268 540.933 158.452 2
1 270 529.109 158.452 2
1 271 517.286 170.262 2
1 274 641.434 152.547 2
1 278 617.787 152.547 2
1 280 605.963 152.547 2
1 285 570.492 164.357 2
1 290 546.845 152.547 2
1 291 535.022 164.357 2
1 293 523.198 164.357 2
1 299 1853.36 2048.06 1
1 302 1782.42 2048.06 1
1 303 1746.95 2048.06 1
1 304 1723.3 2048.06 1
1 306 1676 2048.06 1
1 307 1652.36 2048.06 1
1 309 895.642 2048.06 1
1 314 765.581 2048.06 1
1 315 741.934 2048.06 1
1 318 670.992 2048.06 1
1 320 1800.15 2042.16 1
1 321 1776.51 2042.16 1
1 323 889.73 2042.16 1
1 328 1853.36 2036.25 1
1 335 860.171 2036.25 1
1 338 718.287 2036.25 1
1 340 1871.09 2030.35 1
1 346 1764.68 2030.35 1
1 349 889.73 2030.35 1
1 353 818.788 2030.35 1
1 362 1782.42 170.261 3
1 364 1723.3 170.261 3
1 365 1711.47 170.261 3
1 367 1652.36 170.261 3
1 370 871.994 170.261 2
1 371 860.171 170.261 2
1 381 1776.51 164.357 3
1 382 1752.86 164.357 3
1 387 1877.01 158.451 3
1 388 1853.36 158.451 3
1 389 1841.54 158.451 3
1 392 1699.65 158.451 3
1 393 895.642 158.451 2
1 394 871.994 158.451 2
1 395 860.171 158.451 2
1 396 765.581 158.451 2
1 398 718.287 158.451 2
1 401 1859.27 152.546 3
1 402 1823.8 152.546 3
1 404 1800.15 152.546 3
1 405 1776.51 152.546 3
1 406 1764.68 152.546 3
1 407 1752.86 152.546 3
1 411 842.435 152.546 2
2 0 1025.7 1971.3 2
2 1 1161.67 1965.39 2
2 3 1167.59 1959.49 2
2 5 1102.56 1953.58 2
2 6 1090.73 1953.58 2
2 9 1043.44 1941.77 2
2 11 1167.59 1935.87 2
2 13 1268.09 1929.96 2
2 15 1067.08 1929.96 2
2 18 1037.53 1924.06 2
2 19 1126.2 1918.15 2
2 27 1114.38 1894.53 2
2 28 1315.38 1882.72 2
2 29 1291.73 1882.72 2
2 36 1522.3 1723.29 2
2 37 529.108 1723.29 2
2 38 1185.32 1646.52 2
2 39 1569.59 1522.52 2
2 45 753.758 1416.22 2
2 51 659.169 1250.88 2
2 52 1268.09 1244.98 2
2 58 1149.85 996.967 3
2 59 1610.97 973.347 3
2 66 1108.47 790.29 3
2 68 1268.09 784.386 3
2 80 1019.79 772.576 3
2 89 1250.35 754.861 3
2 94 1173.5 748.955 3
2 95 1132.11 743.05 3
2 96 1120.29 743.05 3
2 101 1173.5 559.994 3
2 103 1173.5 548.184 3
2 110 1605.06 2036.25 2
2 112 1593.24 2036.25 2
2 115 1569.59 2048.06 2
2 118 1557.77 2036.25 2
2 120 1545.94 2036.25 2
2 123 1522.3 2048.06 2
2 129 1622.8 2042.16 2
2 131 1610.97 2042.16 2
2 136 1587.33 2030.35 2
2 140 1563.68 2030.35 2
2 148 1516.38 2030.35 2
2 150 1504.56 2030.35 2
2 155 635.522 2048.06 2
2 158 623.699 2036.25 2
2 161 600.051 2048.06 2
2 164 588.228 2036.25 2
2 166 576.404 2036.25 2
2 167 564.581 2048.06 2
2 169 552.757 2048.06 2
2 171 540.933 2048.06 2
2 177 641.434 2042.16 2
2 179 629.611 2042.16 2
2 180 629.611 2030.35 2
2 183 605.963 2042.16 2
2 187 582.316 2042.16 2
2 189 570.492 2042.16 2
2 191 558.669 2042.16 2
2 193 546.845 2042.16 2
2 201 1628.71 170.262 3
2 202 1628.71 158.452 3
2 203 1616.89 170.262 3
2 207 1593.24 170.262 3
2 208 1593.24 158.452 3
2 209 1581.41 170.262 3
2 222 1510.47 158.452 3
2 224 1498.65 158.452 3
2 229 1599.15 164.357 3
2 234 1575.5 152.547 3
2 237 1551.85 164.357 3
2 244 1516.38 152.547 3
2 246 1504.56 152.547 3
2 247 1492.74 164.357 3
2 249 647.346 170.262 1
2 251 635.522 170.262 1
2 252 635.522 158.452 1
2 254 623.699 158.452 1
2 258 600.051 158.452 1
2 263 564.581 170.262 1
2 275 629.611 164.357 1
2 281 594.14 164.357 1
2 282 594.14 152.547 1
2 284 582.316 152.547 1
2 286 570.492 152.547 1
2 289 546.845 164.357 1
2 292 535.022 152.547 1
2 295 511.374 164.357 1
2 300 1841.54 2048.06 2
2 305 1711.47 2048.06 2
2 308 907.466 2048.06 2
2 312 848.347 2048.06 2
2 313 801.053 2048.06 2
2 322 1752.86 2042.16 2
2 324 818.788 2042.16 2
2 325 795.141 2042.16 2
2 327 1877.01 2036.25 2
2 330 1746.95 2036.25 2
2 331 1723.3 2036.25 2
2 339 1894.74 2030.35 2
2 341 1859.27 2030.35 2
2 342 1823.8 2030.35 2
2 345 1776.51 2030.35 2
2 348 913.377 2030.35 2
2 352 830.612 2030.35 2
2 355 783.317 2030.35 2
2 356 771.494 2030.35 2
2 366 1676 170.261 3
2 368 907.466 170.261 1
2 369 895.642 170.261 1
2 372 848.347 170.261 1
2 373 801.053 170.261 1
2 374 765.581 170.261 1
2 375 741.934 170.261 1
2 376 730.111 170.261 1
2 377 694.64 170.261 1
2 378 670.992 170.261 1
2 379 1871.09 164.357 3
2 380 1800.15 164.357 3
2 383 889.73 164.357 1
2 384 818.788 164.357 1
2 385 795.141 164.357 1
2 386 771.494 164.357 1
2 390 1746.95 158.451 3
2 391 1723.3 158.451 3
2 397 741.934 158.451 1
2 399 1894.74 152.546 3
2 400 1871.09 152.546 3
2 403 1811.98 152.546 3
2 408 913.377 152.546 1
2 409 889.73 152.546 1
2 410 877.906 152.546 1
2 412 830.612 152.546 1
2 413 818.788 152.546 1
2 414 795.141 152.546 1
2 415 783.317 152.546 1
2 416 771.494 152.546 1
3 4 1096.64 1959.49 1
3 10 1238.53 1935.87 3
3 12 1132.11 1935.87 1
3 14 1244.44 1929.96 3
3 20 1090.73 1918.15 1
3 21 984.319 1918.15 1
3 24 996.143 1906.34 1
3 25 1049.35 1900.44 1
3 26 1185.32 1894.53 1
3 30 1078.91 1882.72 1
3 34 1729.21 1741 3
3 43 1031.61 1422.13 1
3 44 1108.47 1416.22 1
3 46 1031.61 1410.32 1
3 47 594.138 1410.32 1
3 48 759.67 1398.51 1
3 50 753.758 1274.5 1
3 53 594.138 1244.98 1
3 54 611.874 1227.26 1
3 56 659.169 1156.4 1
3 57 1226.7 1002.87 2
3 62 1114.38 796.196 2
3 64 1274 790.29 2
3 65 1132.11 790.29 2
3 69 1114.38 784.386 2
3 74 1049.35 778.481 2
3 76 1232.62 772.576 2
3 77 1185.32 772.576 2
3 79 1055.26 772.576 2
3 83 1167.59 766.67 2
3 84 1084.82 766.67 2
3 87 1161.67 760.765 2
3 88 1262.18 754.861 2
3 92 1268.09 748.955 2
3 99 1037.53 719.43 2
3 102 1610.97 548.184 2
3 104 1220.79 536.374 2
3 106 1628.71 2036.25 3
3 107 1616.89 2048.06 3
3 111 1593.24 2048.06 3
3 113 1581.41 2048.06 3
3 114 1581.41 2036.25 3
3 117 1557.77 2048.06 3
3 119 1545.94 2048.06 3
3 125 1510.47 2048.06 3
3 127 1498.65 2048.06 3
3 132 1610.97 2030.35 3
3 135 1587.33 2042.16 3
3 137 1575.5 2042.16 3
3 138 1575.5 2030.35 3
3 139 1563.68 2042.16 3
3 142 1551.85 2030.35 3
3 143 1540.03 2042.16 3
3 145 1528.21 2042.16 3
3 149 1504.56 2042.16 3
3 153 647.346 2048.06 1
3 154 647.346 2036.25 1
3 156 635.522 2036.25 1
3 159 611.875 2048.06 1
3 160 611.875 2036.25 1
3 162 600.051 2036.25 1
3 163 588.228 2048.06 1
3 165 576.404 2048.06 1
3 168 564.581 2036.25 1
3 172 540.933 2036.25 1
3 173 529.109 2048.06 1
3 176 517.286 2036.25 1
3 181 617.787 2042.16 1
3 182 617.787 2030.35 1
3 184 605.963 2030.35 1
3 185 594.14 2042.16 1
3 188 582.316 2030.35 1
3 190 570.492 2030.35 1
3 194 546.845 2030.35 1
3 195 535.022 2042.16 1
3 200 511.374 2030.35 1
3 204 1616.89 158.452 2
3 205 1605.06 170.262 2
3 206 1605.06 158.452 2
3 214 1557.77 158.452 2
3 216 1545.94 158.452 2
3 219 1522.3 170.262 2
3 220 1522.3 158.452 2
3 221 1510.47 170.262 2
3 223 1498.65 170.262 2
3 226 1622.8 152.547 2
3 227 1610.97 164.357 2
3 228 1610.97 152.547 2
3 231 1587.33 164.357 2
3 233 1575.5 164.357 2
3 238 1551.85 152.547 2
3 239 1540.03 164.357 2
3 240 1540.03 152.547 2
3 242 1528.21 152.547 2
3 245 1504.56 164.357 2
3 248 1492.74 152.547 2
3 255 611.875 170.262 2
3 257 600.051 170.262 2
3 261 576.404 170.262 2
3 262 576.404 158.452 2
3 265 552.757 170.262 2
3 266 552.757 158.452 2
3 269 529.109 170.262 2
3 272 517.286 158.452 2
3 273 641.434 164.357 2
3 276 629.611 152.547 2
3 277 617.787 164.357 2
3 279 605.963 164.357 2
3 283 582.316 164.357 2
3 287 558.669 164.357 2
3 288 558.669 152.547 2
3 294 523.198 152.547 2
3 296 511.374 152.547 2
3 297 1888.83 2048.06 3
3 298 1877.01 2048.06 3
3 301 1829.71 2048.06 3
3 310 871.994 2048.06 1
3 311 860.171 2048.06 1
3 316 730.111 2048.06 1
3 317 694.64 2048.06 1
3 319 1871.09 2042.16 3
3 326 771.494 2042.16 1
3 329 1841.54 2036.25 3
3 332 1699.65 2036.25 3
3 333 895.642 2036.25 1
3 334 871.994 2036.25 1
3 336 765.581 2036.25 1
3 337 741.934 2036.25 1
3 343 1811.98 2030.35 3
3 344 1800.15 2030.35 3
3 347 1752.86 2030.35 3
3 350 877.906 2030.35 1
3 351 842.435 2030.35 1
3 354 795.141 2030.35 1
3 357 1888.83 170.261 2
3 358 1877.01 170.261 2
3 359 1853.36 170.261 2
3 360 1841.54 170.261 2
3 361 1829.71 170.261 2
3 363 1746.95 170.261 2
