1 6 1102.56 1953.58 1
1 11 1238.53 1935.87 3
1 12 1167.59 1935.87 1
1 16 1067.08 1929.96 1
1 23 1327.2 1906.34 3
1 24 1031.61 1906.34 1
1 25 996.143 1906.34 1
1 28 1114.38 1894.53 1
1 33 1735.12 1746.91 3
1 38 529.108 1723.29 1
1 41 576.403 1522.52 1
1 44 1031.61 1422.13 1
1 45 1108.47 1416.22 1
1 47 1031.61 1410.32 1
1 49 759.67 1398.51 1
1 50 605.962 1398.51 1
1 54 594.138 1244.98 1
1 55 611.874 1227.26 1
1 56 1279.91 1221.36 1
1 57 659.169 1156.4 1
1 59 1149.85 996.967 2
1 60 1610.97 973.347 2
1 61 1037.53 802.101 2
1 62 1315.38 796.196 2
1 64 1090.73 796.196 2
1 66 1132.11 790.29 2
1 67 1108.47 790.29 2
1 73 1238.53 778.481 2
1 78 1185.32 772.576 2
1 79 1078.91 772.576 2
1 80 1055.26 772.576 2
1 83 1191.23 766.67 2
1 85 1084.82 766.67 2
1 89 1262.18 754.861 2
1 90 1250.35 754.861 2
1 97 1120.29 743.05 2
1 101 1002.05 719.43 2
1 102 1173.5 559.994 2
1 105 1220.79 536.374 2
1 110 1605.06 2048.06 3
1 111 1605.06 2036.25 3
1 118 1557.77 2048.06 3
1 119 1557.77 2036.25 3
1 123 1534.12 2036.25 3
1 126 1510.47 2048.06 3
1 128 1498.65 2048.06 3
1 133 1610.97 2030.35 3
1 136 1587.33 2042.16 3
1 137 1587.33 2030.35 3
1 139 1575.5 2030.35 3
1 140 1563.68 2042.16 3
1 141 1563.68 2030.35 3
1 146 1528.21 2042.16 3
1 147 1528.21 2030.35 3
1 151 1504.56 2030.35 3
1 152 1492.74 2042.16 3
1 163 600.051 2036.25 1
1 165 588.228 2036.25 1
1 170 552.757 2048.06 1
1 177 517.286 2036.25 1
1 181 629.611 2030.35 1
1 189 582.316 2030.35 1
1 190 570.492 2042.16 1
1 195 546.845 2030.35 1
1 196 535.022 2042.16 1
1 197 535.022 2030.35 1
1 198 523.198 2042.16 1
1 200 511.374 2042.16 1
1 201 511.374 2030.35 1
1 204 1616.89 170.262 2
1 205 1616.89 158.452 2
1 206 1605.06 170.262 2
1 209 1593.24 158.452 2
1 211 1581.41 158.452 2
1 212 1569.59 170.262 2
1 217 1545.94 158.452 2
1 219 1534.12 158.452 2
1 220 1522.3 170.262 2
1 222 1510.47 170.262 2
1 226 1622.8 164.357 2
1 228 1610.97 164.357 2
1 231 1599.15 152.547 2
1 233 1587.33 152.547 2
1 239 1551.85 152.547 2
1 243 1528.21 152.547 2
1 244 1516.38 164.357 2
1 246 1504.56 164.357 2
1 248 1492.74 164.357 2
1 251 647.346 158.452 2
1 254 623.699 170.262 2
1 257 611.875 158.452 2
1 262 576.404 170.262 2
1 267 552.757 158.452 2
1 270 529.109 170.262 2
1 272 517.286 170.262 2
1 277 629.611 152.547 2
1 278 617.787 164.357 2
1 280 605.963 164.357 2
1 281 605.963 152.547 2
1 282 594.14 164.357 2
1 284 582.316 164.357 2
1 285 582.316 152.547 2
1 289 558.669 152.547 2
1 291 546.845 152.547 2
1 293 535.022 152.547 2
1 300 1853.36 2048.06 3
1 301 1841.54 2048.06 3
1 302 1829.71 2048.06 3
1 304 1746.95 2048.06 3
1 307 1676 2048.06 3
1 308 1652.36 2048.06 3
1 309 907.466 2048.06 1
1 310 895.642 2048.06 1
1 314 801.053 2048.06 1
1 319 670.992 2048.06 1
1 321 1800.15 2042.16 3
1 327 771.494 2042.16 1
1 328 1877.01 2036.25 3
1 332 1723.3 2036.25 3
1 333 1699.65 2036.25 3
1 335 871.994 2036.25 1
1 336 860.171 2036.25 1
1 337 765.581 2036.25 1
1 340 1894.74 2030.35 3
1 342 1859.27 2030.35 3
1 347 1764.68 2030.35 3
1 348 1752.86 2030.35 3
1 354 818.788 2030.35 1
1 355 795.141 2030.35 1
1 356 783.317 2030.35 1
1 357 771.494 2030.35 1
1 359 1877.01 170.261 2
1 360 1853.36 170.261 2
1 363 1782.42 170.261 2
1 370 895.642 170.261 2
1 371 871.994 170.261 2
1 374 801.053 170.261 2
1 375 765.581 170.261 2
1 376 741.934 170.261 2
1 377 730.111 170.261 2
2 3 1191.23 1959.49 3
2 7 1090.73 1953.58 1
2 8 1019.79 1953.58 1
2 17 1179.41 1924.06 3
2 21 1090.73 1918.15 1
2 27 1185.32 1894.53 3
2 30 1291.73 1882.72 3
2 32 1013.88 1876.82 1
2 34 741.934 1746.91 1
2 35 1729.21 1741 3
2 40 1569.59 1522.52 3
2 46 753.758 1416.22 1
2 68 1013.88 790.29 2
2 69 1268.09 784.386 2
2 76 978.407 778.481 2
2 77 1232.62 772.576 2
2 81 1019.79 772.576 2
2 84 1167.59 766.67 2
2 86 1073 766.67 2
2 88 1161.67 760.765 2
2 92 1025.7 754.861 2
2 93 1268.09 748.955 2
2 94 1244.44 748.955 2
2 96 1132.11 743.05 2
2 98 1019.79 725.335 2
2 104 1173.5 548.184 2
2 112 1593.24 2048.06 3
2 113 1593.24 2036.25 3
2 114 1581.41 2048.06 3
2 115 1581.41 2036.25 3
2 116 1569.59 2048.06 3
2 120 1545.94 2048.06 3
2 121 1545.94 2036.25 3
2 124 1522.3 2048.06 3
2 129 1498.65 2036.25 3
2 134 1599.15 2042.16 3
2 135 1599.15 2030.35 3
2 138 1575.5 2042.16 3
2 142 1551.85 2042.16 3
2 144 1540.03 2042.16 3
2 149 1516.38 2030.35 3
2 150 1504.56 2042.16 3
2 153 1492.74 2030.35 3
2 154 647.346 2048.06 1
2 155 647.346 2036.25 1
2 156 635.522 2048.06 1
2 158 623.699 2048.06 1
2 159 623.699 2036.25 1
2 160 611.875 2048.06 1
2 161 611.875 2036.25 1
2 162 600.051 2048.06 1
2 164 588.228 2048.06 1
2 168 564.581 2048.06 1
2 173 540.933 2036.25 1
2 175 529.109 2036.25 1
2 176 517.286 2048.06 1
2 178 641.434 2042.16 1
2 185 605.963 2030.35 1
2 186 594.14 2042.16 1
2 187 594.14 2030.35 1
2 188 582.316 2042.16 1
2 192 558.669 2042.16 1
2 194 546.845 2042.16 1
2 199 523.198 2030.35 1
2 202 1628.71 170.262 2
2 208 1593.24 170.262 2
2 210 1581.41 170.262 2
2 214 1557.77 170.262 2
2 216 1545.94 170.262 2
2 225 1498.65 158.452 2
2 229 1610.97 152.547 2
2 230 1599.15 164.357 2
2 234 1575.5 164.357 2
2 236 1563.68 164.357 2
2 241 1540.03 152.547 2
2 242 1528.21 164.357 2
2 261 588.228 158.452 2
2 263 576.404 158.452 2
2 265 564.581 158.452 2
2 268 540.933 170.262 2
2 271 529.109 158.452 2
2 275 641.434 152.547 2
2 283 594.14 152.547 2
2 286 570.492 164.357 2
2 288 558.669 164.357 2
2 295 523.198 152.547 2
2 297 511.374 152.547 2
2 299 1877.01 2048.06 3
2 303 1782.42 2048.06 3
2 312 860.171 2048.06 1
2 313 848.347 2048.06 1
2 317 730.111 2048.06 1
2 320 1871.09 2042.16 3
2 323 1752.86 2042.16 3
2 324 889.73 2042.16 1
2 329 1853.36 2036.25 3
2 331 1746.95 2036.25 3
2 338 741.934 2036.25 1
2 339 718.287 2036.25 1
2 344 1811.98 2030.35 3
2 345 1800.15 2030.35 3
2 350 889.73 2030.35 1
2 351 877.906 2030.35 1
2 353 830.612 2030.35 1
2 361 1841.54 170.261 2
2 364 1746.95 170.261 2
2 366 1711.47 170.261 2
2 367 1676 170.261 2
2 373 848.347 170.261 2
2 378 694.64 170.261 2
2 383 1752.86 164.357 2
2 384 889.73 164.357 2
2 385 818.788 164.357 2
2 386 795.141 164.357 2
2 389 1853.36 158.451 2
2 391 1746.95 158.451 2
2 393 1699.65 158.451 2
2 394 895.642 158.451 2
2 398 741.934 158.451 2
2 399 718.287 158.451 2
2 401 1871.09 152.546 2
2 402 1859.27 152.546 2
2 403 1823.8 152.546 2
2 404 1811.98 152.546 2
2 405 1800.15 152.546 2
2 406 1776.51 152.546 2
2 407 1764.68 152.546 2
2 408 1752.86 152.546 2
2 409 913.377 152.546 2
2 410 889.73 152.546 2
2 411 877.906 152.546 2
2 412 842.435 152.546 2
2 413 830.612 152.546 2
2 414 818.788 152.546 2
2 415 795.141 152.546 2
2 416 783.317 152.546 2
2 417 771.494 152.546 2
3 1 1025.7 1971.3 1
3 2 1161.67 1965.39 1
3 4 1167.59 1959.49 1
3 5 1096.64 1959.49 1
3 9 1232.62 1941.77 1
3 10 1043.44 1941.77 1
3 13 1132.11 1935.87 1
3 14 1268.09 1929.96 1
3 15 1244.44 1929.96 1
3 18 1049.35 1924.06 1
3 19 1037.53 1924.06 1
3 20 1126.2 1918.15 1
3 22 984.319 1918.15 1
3 26 1049.35 1900.44 1
3 29 1315.38 1882.72 1
3 31 1078.91 1882.72 1
3 36 736.022 1741 1
3 37 1522.3 1723.29 1
3 39 1185.32 1646.52 1
3 42 1149.85 1445.75 1
3 43 617.786 1445.75 1
3 48 594.138 1410.32 1
3 51 753.758 1274.5 1
3 52 659.169 1250.88 1
3 53 1268.09 1244.98 1
3 58 1226.7 1002.87 3
3 63 1114.38 796.196 3
3 65 1274 790.29 3
3 70 1114.38 784.386 3
3 71 1031.61 784.386 3
3 72 1664.18 778.481 2
3 74 1096.64 778.481 3
3 75 1049.35 778.481 3
3 82 1214.88 766.67 3
3 87 1232.62 760.765 3
3 91 1179.41 754.861 3
3 95 1173.5 748.955 3
3 99 996.143 725.335 3
3 100 1037.53 719.43 3
3 103 1610.97 548.184 2
3 106 1628.71 2048.06 1
3 107 1628.71 2036.25 1
3 108 1616.89 2048.06 1
3 109 1616.89 2036.25 1
3 117 1569.59 2036.25 1
3 122 1534.12 2048.06 1
3 125 1522.3 2036.25 1
3 127 1510.47 2036.25 1
3 130 1622.8 2042.16 1
3 131 1622.8 2030.35 1
3 132 1610.97 2042.16 1
3 143 1551.85 2030.35 1
3 145 1540.03 2030.35 1
3 148 1516.38 2042.16 1
3 157 635.522 2036.25 1
3 166 576.404 2048.06 1
3 167 576.404 2036.25 1
3 169 564.581 2036.25 1
3 171 552.757 2036.25 1
3 172 540.933 2048.06 1
3 174 529.109 2048.06 1
3 179 641.434 2030.35 1
3 180 629.611 2042.16 1
3 182 617.787 2042.16 1
3 183 617.787 2030.35 1
3 184 605.963 2042.16 1
3 191 570.492 2030.35 1
3 193 558.669 2030.35 1
3 203 1628.71 158.452 2
3 207 1605.06 158.452 2
3 213 1569.59 158.452 2
3 215 1557.77 158.452 2
3 218 1534.12 170.262 2
3 221 1522.3 158.452 2
3 223 1510.47 158.452 2
3 224 1498.65 170.262 2
3 227 1622.8 152.547 2
3 232 1587.33 164.357 2
3 235 1575.5 152.547 2
3 237 1563.68 152.547 2
3 238 1551.85 164.357 2
3 240 1540.03 164.357 2
3 245 1516.38 152.547 2
3 247 1504.56 152.547 2
3 249 1492.74 152.547 2
3 250 647.346 170.262 3
3 252 635.522 170.262 3
3 253 635.522 158.452 3
3 255 623.699 158.452 3
3 256 611.875 170.262 3
3 258 600.051 170.262 3
3 259 600.051 158.452 3
3 260 588.228 170.262 3
3 264 564.581 170.262 3
3 266 552.757 170.262 3
3 269 540.933 158.452 3
3 273 517.286 158.452 3
3 274 641.434 164.357 3
3 276 629.611 164.357 3
3 279 617.787 152.547 3
3 287 570.492 152.547 3
3 290 546.845 164.357 3
3 292 535.022 164.357 3
3 294 523.198 164.357 3
3 296 511.374 164.357 3
3 298 1888.83 2048.06 1
3 305 1723.3 2048.06 1
3 306 1711.47 2048.06 1
3 311 871.994 2048.06 1
3 315 765.581 2048.06 1
3 316 741.934 2048.06 1
3 318 694.64 2048.06 1
3 322 1776.51 2042.16 1
3 325 818.788 2042.16 1
3 326 795.141 2042.16 1
3 330 1841.54 2036.25 1
3 334 895.642 2036.25 1
3 341 1871.09 2030.35 1
3 343 1823.8 2030.35 1
3 346 1776.51 2030.35 1
3 349 913.377 2030.35 1
3 352 842.435 2030.35 1
3 358 1888.83 170.261 2
3 362 1829.71 170.261 2
3 365 1723.3 170.261 2
3 368 1652.36 170.261 2
3 369 907.466 170.261 3
3 372 860.171 170.261 3
3 379 670.992 170.261 3
3 380 1871.09 164.357 2
3 381 1800.15 164.357 2
3 382 1776.51 164.357 2
3 387 771.494 164.357 3
3 388 1877.01 158.451 2
3 390 1841.54 158.451 2
3 392 1723.3 158.451 2
3 395 871.994 158.451 3
3 396 860.171 158.451 3
3 397 765.581 158.451 3
3 400 1894.74 152.546 2
