0 1 1025.7 1971.3 2
0 2 1161.67 1965.39 2
0 3 1191.23 1959.49 5
0 4 1167.59 1959.49 2
0 5 1096.64 1959.49 2
0 6 1102.56 1953.58 2
0 7 1090.73 1953.58 2
0 8 1019.79 1953.58 2
0 9 1232.62 1941.77 5
0 10 1043.44 1941.77 2
0 11 1238.53 1935.87 5
0 12 1167.59 1935.87 2
0 13 1132.11 1935.87 2
0 14 1268.09 1929.96 5
0 15 1244.44 1929.96 5
0 16 1067.08 1929.96 2
0 17 1179.41 1924.06 5
0 18 1049.35 1924.06 2
0 19 1037.53 1924.06 2
0 20 1126.2 1918.15 2
0 21 1090.73 1918.15 2
0 22 984.319 1918.15 2
0 23 1327.2 1906.34 5
0 24 1031.61 1906.34 2
0 25 996.143 1906.34 2
0 26 1049.35 1900.44 2
0 27 1185.32 1894.53 5
0 28 1114.38 1894.53 2
0 29 1315.38 1882.72 5
0 30 1291.73 1882.72 5
0 31 1078.91 1882.72 2
0 32 1013.88 1876.82 2
0 33 1735.12 1746.91 5
0 34 741.934 1746.91 2
0 35 1729.21 1741 5
0 36 736.022 1741 2
0 37 1522.3 1723.29 5
0 38 529.108 1723.29 2
0 39 1185.32 1646.52 2
0 40 1569.59 1522.52 5
0 41 576.403 1522.52 2
0 42 1149.85 1445.75 4
0 43 617.786 1445.75 2
0 44 1031.61 1422.13 4
0 45 1108.47 1416.22 4
0 46 753.758 1416.22 2
0 47 1031.61 1410.32 4
0 48 594.138 1410.32 2
0 49 759.67 1398.51 2
0 50 605.962 1398.51 2
0 51 753.758 1274.5 4
0 52 659.169 1250.88 4
0 53 1268.09 1244.98 4
0 54 594.138 1244.98 4
0 55 611.874 1227.26 4
0 56 1279.91 1221.36 4
0 57 659.169 1156.4 4
0 58 1226.7 1002.87 4
0 59 1149.85 996.967 4
0 60 1610.97 973.347 4
0 61 1037.53 802.101 4
0 62 1315.38 796.196 4
0 63 1114.38 796.196 4
0 64 1090.73 796.196 4
0 65 1274 790.29 4
0 66 1132.11 790.29 4
0 67 1108.47 790.29 4
0 68 1013.88 790.29 4
0 69 1268.09 784.386 4
0 70 1114.38 784.386 4
0 71 1031.61 784.386 4
0 72 1664.18 778.481 4
0 73 1238.53 778.481 4
0 74 1096.64 778.481 4
0 75 1049.35 778.481 4
0 76 978.407 778.481 4
0 77 1232.62 772.576 4
0 78 1185.32 772.576 4
0 79 1078.91 772.576 4
0 80 1055.26 772.576 4
0 81 1019.79 772.576 4
0 82 1214.88 766.67 4
0 83 1191.23 766.67 4
0 84 1167.59 766.67 4
0 85 1084.82 766.67 4
0 86 1073 766.67 4
0 87 1232.62 760.765 4
0 88 1161.67 760.765 4
0 89 1262.18 754.861 4
0 90 1250.35 754.861 4
0 91 1179.41 754.861 4
0 92 1025.7 754.861 4
0 93 1268.09 748.955 4
0 94 1244.44 748.955 4
0 95 1173.5 748.955 4
0 96 1132.11 743.05 4
0 97 1120.29 743.05 4
0 98 1019.79 725.335 4
0 99 996.143 725.335 4
0 100 1037.53 719.43 4
0 101 1002.05 719.43 4
0 102 1173.5 559.994 4
0 103 1610.97 548.184 3
0 104 1173.5 548.184 4
0 105 1220.79 536.374 4
0 106 1628.71 2048.06 5
0 107 1628.71 2036.25 5
0 108 1616.89 2048.06 5
0 109 1616.89 2036.25 5
0 110 1605.06 2048.06 5
0 111 1605.06 2036.25 5
0 112 1593.24 2048.06 5
0 113 1593.24 2036.25 5
0 114 1581.41 2048.06 5
0 115 1581.41 2036.25 5
0 116 1569.59 2048.06 5
0 117 1569.59 2036.25 5
0 118 1557.77 2048.06 5
0 119 1557.77 2036.25 5
0 120 1545.94 2048.06 5
0 121 1545.94 2036.25 5
0 122 1534.12 2048.06 5
0 123 1534.12 2036.25 5
0 124 1522.3 2048.06 5
0 125 1522.3 2036.25 5
0 126 1510.47 2048.06 5
0 127 1510.47 2036.25 5
0 128 1498.65 2048.06 5
0 129 1498.65 2036.25 5
0 130 1622.8 2042.16 5
0 131 1622.8 2030.35 5
0 132 1610.97 2042.16 5
0 133 1610.97 2030.35 5
0 134 1599.15 2042.16 5
0 135 1599.15 2030.35 5
0 136 1587.33 2042.16 5
0 137 1587.33 2030.35 5
0 138 1575.5 2042.16 5
0 139 1575.5 2030.35 5
0 140 1563.68 2042.16 5
0 141 1563.68 2030.35 5
0 142 1551.85 2042.16 5
0 143 1551.85 2030.35 5
0 144 1540.03 2042.16 5
0 145 1540.03 2030.35 5
0 146 1528.21 2042.16 5
0 147 1528.21 2030.35 5
0 148 1516.38 2042.16 5
0 149 1516.38 2030.35 5
0 150 1504.56 2042.16 5
0 151 1504.56 2030.35 5
0 152 1492.74 2042.16 5
0 153 1492.74 2030.35 5
0 154 647.346 2048.06 2
0 155 647.346 2036.25 2
0 156 635.522 2048.06 2
0 157 635.522 2036.25 2
0 158 623.699 2048.06 2
0 159 623.699 2036.25 2
0 160 611.875 2048.06 2
0 161 611.875 2036.25 2
0 162 600.051 2048.06 2
0 163 600.051 2036.25 2
0 164 588.228 2048.06 2
0 165 588.228 2036.25 2
0 166 576.404 2048.06 2
0 167 576.404 2036.25 2
0 168 564.581 2048.06 2
0 169 564.581 2036.25 2
0 170 552.757 2048.06 2
0 171 552.757 2036.25 2
0 172 540.933 2048.06 2
0 173 540.933 2036.25 2
0 174 529.109 2048.06 2
0 175 529.109 2036.25 2
0 176 517.286 2048.06 2
0 177 517.286 2036.25 2
0 178 641.434 2042.16 2
0 179 641.434 2030.35 2
0 180 629.611 2042.16 2
0 181 629.611 2030.35 2
0 182 617.787 2042.16 2
0 183 617.787 2030.35 2
0 184 605.963 2042.16 2
0 185 605.963 2030.35 2
0 186 594.14 2042.16 2
0 187 594.14 2030.35 2
0 188 582.316 2042.16 2
0 189 582.316 2030.35 2
0 190 570.492 2042.16 2
0 191 570.492 2030.35 2
0 192 558.669 2042.16 2
0 193 558.669 2030.35 2
0 194 546.845 2042.16 2
0 195 546.845 2030.35 2
0 196 535.022 2042.16 2
0 197 535.022 2030.35 2
0 198 523.198 2042.16 2
0 199 523.198 2030.35 2
0 200 511.374 2042.16 2
0 201 511.374 2030.35 2
0 202 1628.71 170.262 3
0 203 1628.71 158.452 3
0 204 1616.89 170.262 3
0 205 1616.89 158.452 3
0 206 1605.06 170.262 3
0 207 1605.06 158.452 3
0 208 1593.24 170.262 3
0 209 1593.24 158.452 3
0 210 1581.41 170.262 3
0 211 1581.41 158.452 3
0 212 1569.59 170.262 3
0 213 1569.59 158.452 3
0 214 1557.77 170.262 3
0 215 1557.77 158.452 3
0 216 1545.94 170.262 3
0 217 1545.94 158.452 3
0 218 1534.12 170.262 3
0 219 1534.12 158.452 3
0 220 1522.3 170.262 3
0 221 1522.3 158.452 3
0 222 1510.47 170.262 3
0 223 1510.47 158.452 3
0 224 1498.65 170.262 3
0 225 1498.65 158.452 3
0 226 1622.8 164.357 3
0 227 1622.8 152.547 3
0 228 1610.97 164.357 3
0 229 1610.97 152.547 3
0 230 1599.15 164.357 3
0 231 1599.15 152.547 3
0 232 1587.33 164.357 3
0 233 1587.33 152.547 3
0 234 1575.5 164.357 3
0 235 1575.5 152.547 3
0 236 1563.68 164.357 3
0 237 1563.68 152.547 3
0 238 1551.85 164.357 3
0 239 1551.85 152.547 3
0 240 1540.03 164.357 3
0 241 1540.03 152.547 3
0 242 1528.21 164.357 3
0 243 1528.21 152.547 3
0 244 1516.38 164.357 3
0 245 1516.38 152.547 3
0 246 1504.56 164.357 3
0 247 1504.56 152.547 3
0 248 1492.74 164.357 3
0 249 1492.74 152.547 3
0 250 647.346 170.262 1
0 251 647.346 158.452 1
0 252 635.522 170.262 1
0 253 635.522 158.452 1
0 254 623.699 170.262 1
0 255 623.699 158.452 1
0 256 611.875 170.262 1
0 257 611.875 158.452 1
0 258 600.051 170.262 1
0 259 600.051 158.452 1
0 260 588.228 170.262 1
0 261 588.228 158.452 1
0 262 576.404 170.262 1
0 263 576.404 158.452 1
0 264 564.581 170.262 1
0 265 564.581 158.452 1
0 266 552.757 170.262 1
0 267 552.757 158.452 1
0 268 540.933 170.262 1
0 269 540.933 158.452 1
0 270 529.109 170.262 1
0 271 529.109 158.452 1
0 272 517.286 170.262 1
0 273 517.286 158.452 1
0 274 641.434 164.357 1
0 275 641.434 152.547 1
0 276 629.611 164.357 1
0 277 629.611 152.547 1
0 278 617.787 164.357 1
0 279 617.787 152.547 1
0 280 605.963 164.357 1
0 281 605.963 152.547 1
0 282 594.14 164.357 1
0 283 594.14 152.547 1
0 284 582.316 164.357 1
0 285 582.316 152.547 1
0 286 570.492 164.357 1
0 287 570.492 152.547 1
0 288 558.669 164.357 1
0 289 558.669 152.547 1
0 290 546.845 164.357 1
0 291 546.845 152.547 1
0 292 535.022 164.357 1
0 293 535.022 152.547 1
0 294 523.198 164.357 1
0 295 523.198 152.547 1
0 296 511.374 164.357 1
0 297 511.374 152.547 1
0 298 1888.83 2048.06 5
0 299 1877.01 2048.06 5
0 300 1853.36 2048.06 5
0 301 1841.54 2048.06 5
0 302 1829.71 2048.06 5
0 303 1782.42 2048.06 5
0 304 1746.95 2048.06 5
0 305 1723.3 2048.06 5
0 306 1711.47 2048.06 5
0 307 1676 2048.06 5
0 308 1652.36 2048.06 5
0 309 907.466 2048.06 2
0 310 895.642 2048.06 2
0 311 871.994 2048.06 2
0 312 860.171 2048.06 2
0 313 848.347 2048.06 2
0 314 801.053 2048.06 2
0 315 765.581 2048.06 2
0 316 741.934 2048.06 2
0 317 730.111 2048.06 2
0 318 694.64 2048.06 2
0 319 670.992 2048.06 2
0 320 1871.09 2042.16 5
0 321 1800.15 2042.16 5
0 322 1776.51 2042.16 5
0 323 1752.86 2042.16 5
0 324 889.73 2042.16 2
0 325 818.788 2042.16 2
0 326 795.141 2042.16 2
0 327 771.494 2042.16 2
0 328 1877.01 2036.25 5
0 329 1853.36 2036.25 5
0 330 1841.54 2036.25 5
0 331 1746.95 2036.25 5
0 332 1723.3 2036.25 5
0 333 1699.65 2036.25 5
0 334 895.642 2036.25 2
0 335 871.994 2036.25 2
0 336 860.171 2036.25 2
0 337 765.581 2036.25 2
0 338 741.934 2036.25 2
0 339 718.287 2036.25 2
0 340 1894.74 2030.35 5
0 341 1871.09 2030.35 5
0 342 1859.27 2030.35 5
0 343 1823.8 2030.35 5
0 344 1811.98 2030.35 5
0 345 1800.15 2030.35 5
0 346 1776.51 2030.35 5
0 347 1764.68 2030.35 5
0 348 1752.86 2030.35 5
0 349 913.377 2030.35 2
0 350 889.73 2030.35 2
0 351 877.906 2030.35 2
0 352 842.435 2030.35 2
0 353 830.612 2030.35 2
0 354 818.788 2030.35 2
0 355 795.141 2030.35 2
0 356 783.317 2030.35 2
0 357 771.494 2030.35 2
0 358 1888.83 170.261 3
0 359 1877.01 170.261 3
0 360 1853.36 170.261 3
0 361 1841.54 170.261 3
0 362 1829.71 170.261 3
0 363 1782.42 170.261 3
0 364 1746.95 170.261 3
0 365 1723.3 170.261 3
0 366 1711.47 170.261 3
0 367 1676 170.261 3
0 368 1652.36 170.261 3
0 369 907.466 170.261 1
0 370 895.642 170.261 1
0 371 871.994 170.261 1
0 372 860.171 170.261 1
0 373 848.347 170.261 1
0 374 801.053 170.261 1
0 375 765.581 170.261 1
0 376 741.934 170.261 1
0 377 730.111 170.261 1
0 378 694.64 170.261 1
0 379 670.992 170.261 1
0 380 1871.09 164.357 3
0 381 1800.15 164.357 3
0 382 1776.51 164.357 3
0 383 1752.86 164.357 3
0 384 889.73 164.357 1
0 385 818.788 164.357 1
0 386 795.141 164.357 1
0 387 771.494 164.357 1
0 388 1877.01 158.451 3
0 389 1853.36 158.451 3
0 390 1841.54 158.451 3
0 391 1746.95 158.451 3
0 392 1723.3 158.451 3
0 393 1699.65 158.451 3
0 394 895.642 158.451 1
0 395 871.994 158.451 1
0 396 860.171 158.451 1
0 397 765.581 158.451 1
0 398 741.934 158.451 1
0 399 718.287 158.451 1
0 400 1894.74 152.546 3
0 401 1871.09 152.546 3
0 402 1859.27 152.546 3
0 403 1823.8 152.546 3
0 404 1811.98 152.546 3
0 405 1800.15 152.546 3
0 406 1776.51 152.546 3
0 407 1764.68 152.546 3
0 408 1752.86 152.546 3
0 409 913.377 152.546 1
0 410 889.73 152.546 1
0 411 877.906 152.546 1
0 412 842.435 152.546 1
0 413 830.612 152.546 1
0 414 818.788 152.546 1
0 415 795.141 152.546 1
0 416 783.317 152.546 1
0 417 771.494 152.546 1
