1 3 38.1312 353.148 2
1 22 17.3633 240.241 2
1 33 282.304 426.838 2
1 52 228.833 410.446 2
1 59 224.318 312.468 2
1 71 117.862 112.98 2
1 73 22.7643 455.534 2
1 74 259.71 10.62 2
1 78 220.704 270.082 2
1 82 42.5331 656.365 2
1 87 22.6471 526.247 2
1 93 216.701 466.482 2
1 94 130.924 351.149 2
1 98 49.9187 541.435 2
1 104 15.2146 143.044 2
1 144 352.314 140.327 1
1 115 97.7359 157.456 2
1 122 299.481 251.83 2
1 125 56.02 243.066 2
1 126 255.557 448.865 2
1 6 689.945 468.535 1
1 11 697.388 180.396 1
1 24 565.785 282.386 1
1 37 639.031 467.23 1
1 38 415.026 233.305 1
1 42 629.998 433.455 1
1 50 531.029 612.387 1
1 51 475.735 385.784 1
1 56 343.169 509.312 2
1 69 630.923 230.343 1
1 70 579.327 601.036 1
1 83 396.127 539.465 1
1 99 656.694 558.111 1
1 101 500.383 198.743 1
1 117 500.257 64.9136 1
1 130 635.497 133.323 1
1 142 354.724 685.405 2
1 139 590.894 370.741 1
1 140 558.201 0.419881 1
2 1 37.4394 541.209 1
2 4 53.4418 131.485 1
2 5 143.061 631.72 1
2 10 98.7899 384.593 1
2 14 282.787 229.8 1
2 16 246.928 322.461 1
2 21 141.404 228.433 1
2 34 58.7767 507.171 1
2 63 79.4653 445.964 1
2 64 210.416 130.715 1
2 77 315.293 273.228 1
2 79 192.119 314.184 1
2 80 271.504 225.292 1
2 111 269.367 367.476 1
2 121 172.309 344.396 1
2 133 278.871 299.931 1
2 146 299.588 530.589 1
2 137 562.905 670.038 2
2 2 612.176 494.317 2
2 17 649.731 62.3332 2
2 18 352.966 666.787 2
2 27 397.559 74.7588 1
2 28 672.862 432.883 2
2 32 400.407 253.679 1
2 36 659.912 226.628 2
2 60 595.836 81.813 2
2 85 395.691 699.538 2
2 81 530.732 504.067 2
2 86 559.016 560.887 2
2 92 350.425 420.653 1
2 108 588.197 580.595 2
2 116 506.619 233.002 2
2 131 378.348 272.291 1
2 135 557.607 595.319 2
2 138 398.55 392.649 2
2 148 690.966 134.579 2
3 8 141.488 504.818 2
3 31 356.71 67.6477 2
3 45 91.5848 110.02 2
3 48 54.5249 438.552 2
3 49 334.351 153.797 2
3 68 59.4163 40.128 2
3 76 10.0261 488.931 2
3 84 118.663 508.713 2
3 88 135.638 325.841 2
3 89 141.451 485.248 2
3 91 87.7495 19.617 2
3 97 212.373 594.922 2
3 103 59.7537 551.632 2
3 105 283.005 376.444 2
3 112 239.905 102.63 2
3 113 88.4678 384.051 2
3 119 66.2308 24.1317 2
3 128 70.2723 77.9227 2
3 143 193.661 669.743 2
3 145 308.435 115.205 2
3 12 536.489 287.228 1
3 20 488.312 437.487 1
3 25 475.898 468.539 1
3 26 322.422 550.317 1
3 39 547.266 161.659 1
3 40 616.655 339.341 1
3 43 471.101 314.222 1
3 53 578.381 321.33 1
3 54 358.917 404.467 1
3 58 498.807 576.21 1
3 61 661.559 217.046 1
3 65 432.264 629.409 1
3 66 623.249 69.1893 1
3 90 396.774 460.756 1
3 110 537.466 472.584 1
3 118 594.405 275.874 1
3 127 608.426 222.542 1
3 132 484.803 677.073 1
4 7 112.748 529.418 2
4 13 192.407 20.4394 1
4 15 240.825 281.514 1
4 30 104.653 482.822 2
4 35 189.751 460.382 2
4 44 138.244 137.168 1
4 62 43.6892 305.472 1
4 147 334.275 152.149 1
4 95 72.633 645.785 2
4 72 297.791 166.313 1
4 96 144.6 457.422 2
4 100 176.594 648.524 2
4 106 146.539 39.4232 1
4 107 101.869 635.099 2
4 123 303.838 21.0526 1
4 124 197.897 512.389 2
4 136 249.059 76.6595 1
4 150 91.6468 166.354 1
4 149 48.0798 270.968 1
4 9 661.051 445.938 2
4 19 633.392 534.94 2
4 23 397.559 231.359 1
4 29 571.219 530.262 2
4 41 494.859 148.122 1
4 46 390.697 423.977 2
4 47 565.162 429.16 2
4 55 486.465 593.043 2
4 57 530.363 137.688 1
4 67 436.519 282.936 1
4 75 342.358 599.388 2
4 102 634.318 612.829 2
4 109 457.263 350.016 2
4 114 658.913 583.958 2
4 120 598.416 414.556 2
4 129 398.23 119.558 1
4 134 381.654 360.334 2
4 141 461.411 530.525 2
