1 45 -3.55457 11.9271 -10.7735 6.57589 8.15358 -5.50533 14.296 -11.3969 4.59327 0.000701426 -5.43 4.87232 1
1 113 -4.53577 1.80461 -6.30322 5.06158 9.11486 -4.33039 12.6 -11.1863 6.40937 0.0440048 -0.766784 5.40224 6
1 139 -5.79028 3.81095 -8.97928 5.73831 5.51757 -6.82563 11.0635 -10.0266 5.14497 -2.09835 -2.0654 3.70908 1
1 145 -7.16815 5.21308 -8.05084 3.17394 8.01995 -7.03389 10.3474 -11.5421 3.36007 1.26504 -2.32166 0.821799 1
1 178 -6.66629 6.95643 -6.41753 7.46331 8.57279 -6.79896 9.83745 -12.1517 3.32767 0.0620974 -1.52355 5.01298 1
1 186 -4.38408 3.15207 -3.44897 7.462 11.2098 -7.581 8.74981 -11.0019 6.49505 -3.0352 -5.30554 5.35194 6
1 196 -13.7241 7.68419 -7.1628 2.72046 7.48847 -8.61952 9.11079 -9.6307 5.57751 -0.708973 -4.28638 4.09132 1
1 221 -5.03884 9.12981 -12.4054 3.32575 7.32363 -9.10976 9.82198 -9.59676 3.26324 3.36312 -2.20972 2.21632 1
1 223 -6.01089 8.36203 -11.6386 8.29867 3.06984 -10.6535 11.5384 -12.2129 4.05747 2.96713 -4.07046 -0.382389 1
1 273 -1.96741 3.36129 -6.51576 4.05417 4.79238 -9.60058 11.4327 -8.60416 4.33735 -0.754792 -4.43978 5.11718 6
1 3 -6.22186 7.82711 -5.47747 7.81626 9.18759 -7.17251 11.7153 -13.8472 4.57407 -1.68756 -7.20404 -0.0118469 1
1 12 -3.57247 10.1488 -3.63341 5.4704 11.2641 -6.62455 12.2518 -12.3466 6.73482 1.26449 -6.93024 2.98264 1
1 7 -3.55054 10.4214 -4.26105 7.47247 9.17296 -7.41908 11.3888 -14.509 6.55709 0.0141103 -8.55991 2.59641 1
1 128 -7.41224 3.59321 -4.87197 4.85976 11.3893 -7.55295 9.31388 -9.76237 3.32298 -0.651156 -6.12486 -0.40634 1
1 13 -5.51245 7.59876 -9.12325 8.85736 10.4406 -8.51308 12.1402 -14.7395 4.68215 1.21376 -5.51845 2.27633 1
1 192 -4.15106 6.1209 -4.8593 8.13035 12.9302 -7.06904 10.3669 -11.4952 6.84775 -0.679473 -8.26275 3.87177 1
1 28 -2.25579 10.1764 -8.27281 5.81042 7.39471 -11.5861 10.0511 -7.98937 9.56776 -3.16744 -11.4292 7.31659 3
1 95 -4.4771 4.83393 -6.22045 6.4313 4.86232 -11.9557 10.8957 -11.1775 1.99942 -1.93204 -2.90521 -1.60683 1
1 40 -6.08752 3.45414 -4.83097 4.35305 7.15438 -8.30126 8.88197 -10.5596 8.77908 0.00367031 -2.22501 1.269 6
1 47 -7.43823 6.86809 -10.0515 7.71108 8.88867 -5.47225 14.5024 -8.30621 6.3459 3.40115 -2.48029 3.91597 1
1 206 -13.0202 9.79365 -7.36784 2.72 4.70087 -7.12149 10.7889 -12.8744 4.67531 -2.01339 -3.81528 4.41006 1
1 250 -0.748237 -1.86746 -1.0742 3.92981 -0.39183 4.02566 4.2921 -6.19546 8.37968 -6.29598 8.13643 -1.77347 5
1 321 -1.6467 -1.68173 -0.506247 2.13552 3.324 1.08013 5.51721 -6.73751 11.6049 -8.73031 6.71525 0.138771 5
1 323 -3.71071 2.54244 -6.65371 7.42765 4.58758 7.47165 3.95185 -5.51647 13.8461 -14.8429 9.29224 0.0020886 5
1 324 -7.05469 -2.11273 -0.0389446 1.1739 1.26363 4.81735 7.84046 -5.70684 12.2857 -11.6321 5.82879 1.64392 5
1 329 -2.23028 3.21425 -3.13515 1.12269 4.71244 5.92652 6.91557 -5.79973 10.8585 -11.6598 10.6057 0.349482 5
1 246 1.7684 -4.22236 -0.848943 0.867378 1.45672 3.05545 2.63882 -8.6176 7.72348 -7.16072 5.69551 -3.59892 5
1 242 1.47263 -3.39058 -2.42927 4.17803 -5.01331 4.75349 2.70239 -4.94142 7.41094 -8.13486 6.09219 -1.94671 5
1 251 -0.145291 1.87615 -4.79097 7.70608 3.47916 4.45527 2.35222 -7.0409 8.80335 -7.42681 6.9821 -3.74897 5
1 254 0.809332 -2.28589 -6.07299 4.00078 -0.457251 2.27798 2.28533 -7.50695 10.244 -6.95933 5.64681 -1.41972 5
1 245 -0.704441 2.32949 -1.67505 2.99569 -1.09383 0.948367 1.99173 -5.95185 10.2214 -9.54456 6.76047 1.27503 5
1 319 -5.11766 3.3642 -2.51914 6.16887 -2.39494 1.20312 8.14492 -6.89218 12.6472 -10.7466 4.97546 0.357253 5
1 38 -6.67673 1.88376 2.70425 -0.951696 6.64943 -9.46833 8.84875 -8.22154 6.89325 0.130256 -2.33036 1.11656 4
1 62 -7.77147 5.64897 -3.18693 -0.139521 -0.72524 -7.26202 11.6937 -12.7672 8.61349 -0.362161 -3.45903 5.87419 6
1 64 -5.67788 2.41934 -2.09989 2.87551 4.73994 -6.68901 10.3491 -12.7389 6.41314 -0.577457 -4.68049 4.17405 6
1 72 -9.16216 3.57087 0.876038 0.861173 3.5662 -7.79693 11.984 -11.1147 6.24521 -0.303954 -2.91186 3.67561 6
1 87 -1.50467 2.35654 -1.83646 1.54237 6.1319 -6.83127 11.3402 -10.4482 5.14191 -0.935226 -1.46782 4.23172 6
1 96 -5.64866 0.987514 -3.17035 3.47472 4.75823 -8.81567 10.6517 -10.9769 4.214 -2.45769 -3.66385 -1.04526 6
1 101 -0.56021 -4.83524 1.50705 -0.129089 2.55068 -7.16908 10.9997 -9.27824 5.90637 -2.40417 -1.05533 -0.311691 4
1 112 -3.95374 -3.76331 -2.39079 1.25531 3.70795 -2.49052 11.2748 -11.6315 3.26775 -1.62415 -1.17699 3.38441 4
1 138 -6.56862 1.94543 -3.54071 2.53982 6.41817 -5.04379 11.4687 -9.30662 6.0107 0.510749 -1.17318 4.0202 6
1 141 -5.50015 -0.458483 -0.811747 -3.0773 5.90479 -6.8513 8.41783 -8.7881 4.62265 -0.977714 -2.06965 2.23009 4
1 142 -5.59135 0.0471637 -5.26234 1.05992 7.63068 -6.02305 9.43077 -10.5937 4.9009 -0.749461 -2.5681 1.30971 6
1 153 -7.87819 1.46784 -1.74485 -2.25064 12.3893 -0.805882 7.39166 -10.843 5.40001 -1.19348 -8.29184 3.32606 4
1 31 -4.82632 2.28698 -4.90735 -1.12951 2.71391 -10.9521 6.36166 -9.91308 4.68502 -2.79146 -2.027 6.08287 6
1 156 0.910715 -1.79862 -0.74923 -0.976822 11.3701 -1.10926 7.73895 -9.9159 4.70484 -2.79258 -4.4728 4.00965 4
1 164 -2.04452 -0.217498 1.64364 -1.18982 9.45231 -3.76453 7.07075 -8.43067 9.31935 -2.47541 -10.2975 2.62733 4
1 36 -3.61219 -1.27204 0.648214 1.39098 5.55459 -7.9851 7.93563 -8.82301 6.82902 -1.70532 -1.03678 2.68025 4
1 66 -6.94668 2.4851 3.50512 0.111237 3.85672 -5.9331 10.8876 -11.5907 8.10016 -0.267677 -5.33704 3.79966 4
1 83 -4.75875 1.64926 -0.700865 -1.88741 3.41383 -6.8685 10.7146 -11.0947 6.61732 -0.464003 -2.19968 3.41214 4
1 274 0.236226 0.939943 -2.02532 0.0938356 5.68981 -6.98276 11.1278 -10.909 6.09133 1.19697 -4.56374 3.91681 6
1 90 -3.71624 -1.8924 -3.48329 5.1448 7.24632 -7.19891 8.62276 -11.3789 3.74776 0.379406 -1.65943 0.596265 6
1 106 -8.73178 -0.718744 0.827186 -1.63939 7.28152 -3.61413 11.5626 -10.3051 6.61168 -0.843089 -0.888524 4.41007 4
1 111 -4.50686 -1.59183 3.14706 -1.31676 8.47927 -3.2327 11.2121 -9.01593 6.19451 -2.03174 -0.370499 5.24347 4
1 166 -4.28192 0.159779 -1.33235 2.45055 7.38698 -4.63017 10.4127 -11.6959 3.49747 0.0961035 -1.98875 0.989782 4
1 118 -5.66229 -2.8994 2.1834 -3.75335 5.03648 -3.33041 8.73703 -10.9546 4.8431 -3.01572 -3.35878 4.80899 4
1 228 2.44615 7.71295 -6.61172 8.70902 -1.73432 0.624851 3.65954 -4.62217 4.30341 -9.29603 12.1403 -8.00739 2
1 229 2.53042 7.11067 -8.22094 14.2745 2.98406 5.64205 2.69233 -3.76738 5.42917 -8.13599 10.5209 -8.21772 2
1 231 5.25943 10.2118 -3.94385 8.62776 -1.81077 6.27293 -2.83215 -2.24389 5.08171 -9.30021 13.6304 -11.5285 2
1 236 0.72787 9.32244 -6.61347 15.5459 -0.692066 1.89425 -1.77404 -3.17917 4.18424 -7.82925 10.8627 -13.6641 2
1 232 3.07684 6.00436 -9.25135 14.3128 -8.84423 6.09683 -2.04284 -4.76932 2.41728 -8.87733 11.5486 -7.74941 2
1 227 3.02816 1.09886 -7.45242 17.0665 -7.31483 7.91281 0.381224 -5.61739 4.76042 -6.23637 7.89614 -9.27983 2
1 26 -0.387155 10.5571 -7.3031 0.00807956 13.6533 -4.46331 12.4641 -9.81588 1.87356 -1.34583 -8.63407 5.30252 3
1 262 -0.370238 13.4814 -12.2846 3.14671 13.4226 -6.19309 8.68972 -8.85647 1.48323 -0.365943 -4.27022 7.80105 3
1 264 -2.10712 17.7499 -1.44405 -3.78059 13.9178 -9.02286 11.2771 -2.3216 4.53562 -1.41258 -4.4953 7.19902 3
1 268 -3.25069 13.4657 -9.04138 0.561668 9.67393 -9.14877 10.4325 -6.8109 4.22448 0.584895 -2.97792 6.73831 3
1 269 -2.50852 12.0684 -6.01287 0.819122 13.3214 -6.12679 10.1574 -5.95485 2.45572 -1.64273 -4.68193 6.62158 3
1 293 -4.6701 11.7932 -8.06065 6.41979 10.3692 -6.00219 16.5628 -6.99593 3.7539 -0.605434 -6.80713 -0.803056 1
1 295 -4.37433 13.1267 -1.17203 0.127094 11.9167 -6.17479 17.2473 -6.47118 1.5146 3.03135 -2.82616 1.26495 3
1 297 -9.94221 13.2538 -2.4658 5.95247 6.52735 -8.01986 16.388 -10.1891 -0.202951 3.75337 -0.486059 -0.382393 1
1 2 -5.24427 10.983 -5.15745 3.95206 11.5294 -7.63805 12.1361 -12.0362 3.49194 0.595441 -4.50881 2.33215 1
1 15 -5.84724 13.7446 -9.93853 3.06895 13.795 -6.00746 14.3174 -9.65824 0.302305 1.69965 -10.9903 5.38106 3
1 20 -1.10853 12.4403 -4.70541 3.62772 11.8777 -9.4098 10.441 -8.15037 9.49296 -0.0812459 -9.7365 3.25267 3
1 216 -1.84777 10.2625 -14.2943 3.02011 8.52263 -10.6272 11.5593 -11.4873 -0.999699 1.69587 -2.70001 2.20767 1
1 25 -2.19166 13.6733 -9.32946 -0.00807312 6.95139 -9.59055 12.8697 -9.07266 3.62003 -1.77234 -9.86887 6.30705 3
1 51 -9.61496 13.4662 -5.78349 0.693889 8.24025 -8.62592 14.2883 -6.65137 7.38767 2.74209 -5.09018 4.72249 3
1 53 -5.12771 11.0104 -7.38444 1.91749 14.1379 -7.56278 8.6748 -7.46613 6.90911 1.76477 -3.51649 8.48526 3
1 54 -7.84163 15.1957 -6.53851 0.864829 15.1674 -8.62412 11.0538 -6.12484 4.91457 0.596662 -7.38929 5.95379 3
1 288 -7.29106 15.1031 -7.41287 4.02893 11.199 -2.8398 18.4906 -15.3657 -1.08768 4.43006 -3.1831 0.198349 1
1 211 -8.04196 12.5706 -12.0424 1.06944 8.3399 -8.70785 8.93683 -12.417 4.02183 2.09853 -3.05176 5.82074 1
1 213 -5.38039 14.9338 -3.82727 1.30046 8.76448 -12.1827 11.1772 -7.6107 2.2527 1.2369 -6.27333 0.288902 3
1 217 -4.08293 14.6168 -8.41743 3.79658 10.8846 -9.83061 12.0195 -10.3829 1.3816 1.67218 -6.74524 1.82134 3
1 261 -0.230875 10.5815 -7.78793 -0.353328 11.179 -5.70455 12.1014 -8.91253 3.65351 0.00152813 -4.66194 6.11538 3
1 292 -6.15461 16.9712 -2.61884 4.1239 11.8063 -15.6566 9.1246 -8.59348 2.8747 3.30382 -5.99239 -2.60623 3
1 92 0.463408 2.7181 -5.83799 3.82259 7.22197 -10.1331 9.32962 -12.2632 1.70466 0.170311 -3.80353 -0.682318 6
1 103 -1.78714 3.31159 0.134005 -0.152898 7.56021 -10.5778 6.8596 -10.0276 2.05001 -0.680483 -2.61135 0.422836 6
1 119 -3.60824 4.09569 -4.96949 4.01354 9.3295 -3.98795 13.816 -12.6239 5.17593 -0.169278 -2.17533 5.18036 6
1 130 -4.88442 6.25467 -1.35354 -0.53674 9.0018 -7.61691 12.5335 -8.14234 3.41423 0.16646 -4.86785 2.83296 6
1 140 -8.23572 4.30041 -4.49309 -1.16415 9.91412 -6.92405 9.73389 -8.32159 3.43937 0.13285 -2.57359 2.51126 6
1 158 -0.897684 3.18109 -2.87076 0.401458 9.29338 -6.21501 6.677 -9.47556 7.79653 -2.08304 -10.567 4.98234 4
1 175 -5.97426 10.0715 3.57076 0.123623 7.61781 -11.4251 7.93637 -7.468 6.69905 -0.469237 -0.146178 2.60434 6
1 179 -6.63531 4.14915 -3.91414 1.20908 11.0364 -6.53118 10.98 -10.9758 1.86485 1.50617 -1.50604 -0.145479 6
1 204 -8.95759 9.06563 -3.88637 1.05386 9.34559 -7.64757 9.77967 -10.963 3.98907 -1.77258 -3.88171 1.5863 1
1 257 -2.56622 7.04365 -4.35438 1.62472 11.0751 -8.1609 9.67003 -5.20495 4.99484 1.16541 -0.670549 4.57403 6
1 272 -0.33401 6.46396 -1.12413 -1.2828 7.71652 -9.22539 11.5111 -8.14128 6.43363 3.44932 -3.49958 5.72173 6
1 275 -2.11356 2.89426 -2.64964 2.20825 5.28258 -7.49797 11.8019 -9.90152 3.63257 -0.4738 -1.83284 5.04837 6
1 300 -3.30642 8.68947 -6.86367 -0.783396 8.68575 -8.13061 8.85133 -9.93136 3.00916 0.306991 -4.79581 5.04017 3
1 162 -1.75114 3.95373 -1.36108 1.20674 13.9441 -0.0680824 9.04664 -9.75425 9.07311 0.33088 -9.085 5.51378 4
1 44 -1.76153 3.67913 -5.75966 0.884241 4.59363 -10.7883 7.38194 -9.56669 2.8304 -1.53212 -0.550987 4.42105 6
1 304 -0.250759 6.63677 -6.5447 -0.751626 10.8086 -6.31688 11.589 -9.46827 4.5352 1.36515 -2.92948 4.2093 6
1 73 -5.10582 6.13159 -1.17227 1.28691 3.77109 -7.46585 12.58 -12.4727 5.51172 0.626019 -3.14506 5.3717 6
1 76 -1.85367 7.2663 -2.22608 1.16985 4.77713 -9.52639 10.5327 -10.7502 5.09353 0.416796 -3.7148 5.20251 6
1 283 -2.88473 5.96264 -3.2882 0.481117 9.50957 -3.7579 11.4462 -11.8743 4.68961 2.49388 -5.10076 4.63673 6
1 80 -3.28689 7.97435 -4.2372 0.946003 8.60021 -5.47008 11.5249 -11.3504 3.50847 0.218275 -1.0672 3.6703 6
1 85 -2.52999 6.12116 -2.93538 0.00530731 6.86639 -6.24468 12.7675 -10.1522 4.50818 0.718449 -3.39822 3.10145 6
1 109 -2.79377 3.23986 -2.4946 2.12034 7.51524 -4.82525 13.6378 -9.38253 5.28004 -0.700377 -2.04368 4.37618 6
1 122 -4.72871 2.91494 -4.19126 3.49783 10.3748 -6.31339 10.0329 -10.6186 4.82322 1.17493 -3.97906 1.87674 6
1 124 -4.85742 6.36055 -0.0775132 0.72697 8.23399 -9.05097 11.7004 -7.76718 4.39971 -0.0131503 -5.08352 2.55593 6
1 191 -5.73936 3.62714 -2.12863 3.76161 10.1834 -7.40446 10.5004 -11.7505 5.92177 0.60463 -3.86596 3.85404 6
1 135 -4.05955 3.70943 -4.146 1.03172 8.22012 -6.97088 9.19838 -9.0522 3.38306 -1.01805 -5.25707 0.764786 6
1 306 -6.95357 6.7953 -6.02516 1.9023 8.44982 -7.50944 12.4266 -8.44143 3.22051 1.49127 -4.45766 2.18134 1
1 172 -5.37214 10.9417 0.0714362 -6.18658 8.9621 -7.44536 10.1308 -7.78116 2.67987 -0.457637 -0.644577 3.19974 6
1 209 -7.80656 8.83231 -1.56025 -0.779165 5.79181 -9.74772 10.7413 -7.47531 7.08155 -2.18011 -4.05838 4.30409 6
1 277 0.564468 4.09809 -4.98688 -2.03475 7.48495 -5.91078 11.7077 -11.5997 2.1879 2.01287 -2.4446 5.07405 6
2 93 -2.36194 5.00114 -4.33184 4.76126 4.15664 -11.0158 10.5587 -10.9694 4.2599 -0.798665 -5.8089 -1.387 6
2 149 -8.86934 4.21195 -9.87873 3.83042 7.72308 -7.35878 9.42407 -10.0135 4.24259 1.55191 -0.941738 1.64973 6
2 154 -3.76101 5.34227 -6.55693 2.96767 14.3487 0.178066 9.96897 -11.4583 7.3108 -0.61054 -9.09662 6.34275 1
2 181 -7.94897 5.17825 -5.0494 5.98072 10.5625 -8.00022 10.3406 -11.5308 5.07253 2.29795 -2.36544 4.62224 1
2 183 -7.5103 4.10043 -5.95553 4.9308 10.0155 -5.51994 11.8245 -10.7396 3.61435 -0.454633 -4.40875 5.14286 1
2 200 -5.53988 11.3805 -8.20269 2.02927 4.25433 -11.0625 9.99448 -11.8335 5.14408 -1.20539 -4.7915 6.24478 6
2 203 -11.0291 10.8356 -8.53552 4.69571 2.54894 -8.38345 12.0244 -12.7816 10.0787 -1.23248 -3.62745 5.47435 6
2 214 -6.15086 9.80773 -14.973 6.47885 2.35828 -10.332 11.8102 -12.2968 0.232075 0.222283 -4.01095 1.93337 6
2 4 -6.46314 6.74408 -5.68892 6.54679 9.00018 -6.92496 11.7108 -12.3744 6.16988 -0.544747 -6.01924 1.35856 6
2 49 -2.87731 9.98576 -8.97657 6.12298 8.83298 -7.74097 14.2721 -6.83879 8.2552 1.91315 -4.2044 3.74804 6
2 202 -6.63198 10.7636 -11.5815 7.96773 11.8819 -7.51324 10.8614 -11.7642 5.86298 -0.141378 -5.86872 1.4823 6
2 9 -6.10171 6.75467 -4.62157 10.1726 14.3119 -7.48551 10.1261 -12.3354 5.02238 -0.454547 -9.48713 1.3132 6
2 10 -3.97176 9.80358 -4.48561 9.09275 12.2369 -9.27652 9.9723 -14.0033 6.09933 -0.420892 -9.93511 2.55685 6
2 14 -4.33102 7.07797 -7.26548 9.47414 9.0684 -8.41768 12.1046 -13.2729 3.46233 -1.22525 -5.04044 2.29165 6
2 89 -4.73837 5.60379 -11.024 6.38361 2.7256 -8.73132 12.2326 -8.59582 4.01485 -3.50843 -4.05016 5.36802 6
2 33 -3.28247 2.36883 -7.26677 4.88186 6.97136 -10.0319 8.64997 -12.0855 5.67991 -0.53734 -2.77727 2.35363 6
2 201 -6.28734 5.37406 -5.37513 3.22448 10.9752 -8.08058 7.11969 -10.6834 6.28404 1.20635 -3.71995 1.58115 1
2 75 -8.77575 5.26001 -4.80937 3.74573 4.55729 -5.85355 13.6702 -10.8628 2.79505 1.53521 -1.14787 5.15234 1
2 143 -5.94141 -0.604683 -6.91713 5.04106 9.04154 -6.15157 8.94155 -8.98887 6.99282 0.9175 -3.36239 0.311681 1
2 180 -4.57649 4.95421 -4.32357 9.12398 9.92229 -7.91371 9.52746 -10.9745 4.86801 -0.579747 -5.63011 2.32868 6
2 312 -2.51933 4.83342 -7.23631 3.52737 8.18543 -6.58259 12.4194 -9.91868 3.35033 -0.503265 -3.20689 4.30278 1
2 325 -4.65757 -0.525273 -3.86834 3.5483 1.49625 3.49075 5.84989 -7.74703 9.73884 -11.7545 7.12991 0.209947 3
2 327 -0.0261134 2.11691 -4.44148 5.35039 3.6754 2.71588 3.68267 -4.50085 11.7986 -12.031 7.56614 -0.60601 3
2 248 -1.64726 -3.42846 0.498586 2.9275 -1.74433 5.41241 4.53395 -7.29004 9.00595 -7.48895 6.69362 0.135648 3
2 243 2.14688 -0.734797 -0.730619 3.0958 0.890056 4.47984 3.46339 -6.28519 8.06736 -6.91825 8.27136 -2.30887 3
2 244 -0.20597 0.461839 -3.55921 3.04681 1.56047 3.45572 1.78086 -7.27771 9.89766 -7.62842 7.53585 -1.49915 3
2 252 0.22907 0.504813 -2.25781 4.41617 2.73947 3.47295 4.32943 -6.96527 9.89202 -7.29224 8.07887 -1.342 3
2 320 -2.41997 -4.03682 -5.01674 3.48233 0.0619464 2.80345 5.90916 -6.65603 10.4268 -8.5275 7.81361 -0.745975 3
2 328 -2.24513 0.299616 0.324844 3.29992 2.04404 3.63483 6.69384 -5.67622 12.0005 -11.9129 4.66441 1.19779 3
2 68 -5.80493 1.9178 -2.91644 2.32822 3.68335 -6.59998 11.6248 -12.1708 6.5021 -2.02934 -3.04811 3.76448 5
2 79 -5.40646 0.94236 -0.518287 -1.59318 4.22268 -5.48175 10.4827 -10.6989 5.52438 1.2834 -2.06774 2.40541 5
2 97 -5.36323 1.16759 -1.30432 0.639279 5.76537 -8.66779 8.87433 -11.643 3.69323 -0.878749 -3.16378 2.23084 5
2 114 -7.17119 0.700406 0.548788 0.359579 5.88279 -5.04609 11.6494 -11.3462 7.67907 -1.5809 -3.7135 4.37194 5
2 126 -6.08056 0.900426 0.783411 0.399178 9.4774 -5.83889 10.9431 -10.5549 1.86314 0.902075 -2.23801 1.08377 5
2 146 -6.95201 -1.07676 -4.75212 0.666415 7.22504 -5.81989 8.54917 -10.8898 4.95247 0.279434 -2.33855 1.37111 5
2 150 -5.58044 2.0656 -2.8255 -0.841736 8.05097 -3.92518 7.80934 -9.7104 7.11929 -0.537987 -9.26622 4.25734 5
2 151 -0.786079 -1.52919 -2.78912 -1.09279 8.96588 0.690753 8.43634 -11.7143 6.22231 -1.63482 -6.98746 4.96421 5
2 313 -2.80422 0.563812 -3.28083 1.98995 6.1748 -7.29878 11.1979 -8.34024 4.35687 -0.356252 -1.1647 3.54012 5
2 32 -4.81451 0.265926 -2.62621 0.607483 1.68914 -9.64937 8.15323 -10.0283 5.25455 -1.13194 -1.30184 2.05594 5
2 35 -3.86957 1.5159 -2.52915 -1.42727 4.58825 -8.66469 7.3389 -9.54074 4.7017 -3.07761 -0.844468 4.99231 5
2 42 -5.34438 2.88783 0.102068 1.89494 5.10668 -9.69831 7.35521 -9.48157 8.66307 -1.22205 -3.03647 1.55804 5
2 60 -5.72354 -2.88082 2.40714 -0.817325 3.17667 -4.95186 10.1084 -12.8731 6.80554 -1.61894 -1.80469 4.21999 5
2 63 -5.87332 4.02568 0.356352 2.1239 2.67128 -7.13801 11.8937 -11.2431 8.07558 -0.243573 -4.71004 4.18464 5
2 107 -4.40143 0.156076 -1.20544 -0.371243 5.21692 -4.39939 10.5043 -9.74565 6.6608 -1.74908 -3.32772 5.75247 5
2 84 -3.24527 -2.02046 1.1113 -2.10706 6.89654 -3.37776 10.6843 -10.4896 5.1845 -2.2449 -1.70459 3.56568 5
2 100 -1.52262 -1.27066 -0.781674 1.67364 7.57152 -8.54988 8.1744 -10.8935 5.11963 -0.324351 -3.81339 -0.611499 5
2 110 -1.79716 0.906846 1.3699 -1.77544 8.2351 -5.21931 12.4141 -7.73905 6.45964 -0.31405 -1.2264 2.31183 5
2 116 -5.1727 -3.25051 -0.373824 -1.004 6.72149 -3.06601 11.052 -11.3041 5.86599 -0.99524 -2.05519 3.64476 5
2 276 -3.71777 -0.267738 -1.07865 -0.878467 7.60988 -4.43431 10.8365 -10.2337 5.11669 1.72135 -3.04566 4.05076 5
2 169 -5.6623 0.820302 -3.2628 4.15658 9.44271 -4.75453 10.0077 -9.91858 4.60088 0.203811 -1.21231 1.28814 1
2 230 4.27642 9.06526 -8.71689 10.0983 -2.81438 1.83093 -3.16214 -0.424033 4.34038 -15.511 12.8461 -7.78976 2
2 233 4.0435 1.38589 -8.40698 12.9447 -7.74165 7.30807 -3.52896 -4.38442 3.09148 -8.62436 11.0276 -7.66036 2
2 237 3.6278 6.02747 -4.93285 15.6309 -0.741649 5.29876 1.03234 -4.78687 4.52926 -6.49326 10.2758 -11.1212 2
2 225 -5.35316 15.0373 -7.5395 8.28232 -1.12643 4.66908 -0.442881 -5.05371 3.7705 -10.8889 16.3265 -8.97167 2
2 226 3.66676 4.86883 -8.84721 11.7737 -1.45242 4.21789 2.71129 -4.62595 4.49538 -5.80015 10.1676 -7.69315 2
2 238 1.78139 5.22607 -6.51131 12.6572 -2.55877 4.43781 1.28378 -3.42002 3.14273 -8.38077 12.8729 -6.21758 2
2 212 -4.2729 12.7075 -8.66948 2.94121 13.4459 -8.70688 11.0716 -9.32993 0.616476 1.20804 -4.44526 0.153617 4
2 255 1.68286 12.8186 -8.01374 -0.973639 14.5108 -4.29599 12.881 -6.52678 2.05949 -0.73802 -4.8603 6.94257 4
2 259 -5.11498 9.91972 -9.49624 3.25571 9.26347 -10.7449 8.11195 -7.13975 3.51005 -0.656607 -4.8316 5.76893 6
2 260 -0.373324 12.1447 -10.0613 -0.621764 9.74001 -8.20015 9.71262 -10.427 1.7336 0.00994437 -2.49928 6.41458 4
2 286 -6.34837 12.151 -10.3496 3.85486 11.8929 -3.89372 17.8932 -11.5719 0.262382 0.652022 -5.28116 3.58232 4
2 298 -6.74227 14.1505 -6.11115 2.5725 6.86803 -9.94852 15.2488 -9.48212 -0.0522711 1.7811 -3.81102 1.61912 4
2 17 -1.64735 10.2247 -5.84695 1.57933 11.0732 -6.74006 13.6003 -8.34855 4.25603 -1.07625 -7.46205 4.02494 4
2 18 -0.636634 11.2635 -6.01798 -0.726262 11.9598 -5.66723 12.3185 -7.89212 4.13117 -0.672802 -9.21565 4.77087 4
2 23 -4.69095 13.6583 -4.33052 1.22334 10.7913 -8.53318 10.5621 -8.42662 7.14329 -2.10641 -11.0854 6.56966 4
2 29 -2.58257 14.797 -4.55037 1.19371 11.2774 -11.5973 11.4965 -8.327 4.80779 3.43162 -9.10093 5.73849 4
2 56 -6.66025 11.4366 -1.85619 1.52248 13.4515 -4.53238 14.851 -6.92142 5.70552 2.15322 -6.03002 4.67447 4
2 48 -4.97699 11.9378 -9.07029 4.77399 9.8334 -7.77316 11.9848 -9.25885 6.58893 2.99988 -5.49842 4.1263 4
2 50 -5.38252 13.8854 -6.23385 2.22978 10.9938 -8.10762 12.453 -5.30976 7.43152 0.767271 -4.33392 5.33728 4
2 265 -5.05958 13.8702 -8.63905 2.75093 14.2819 -6.77412 10.0179 -6.13069 3.58836 -0.923878 -5.49833 6.26038 4
2 205 -9.07471 10.764 -4.42808 1.99628 11.1831 -6.8724 8.21124 -9.7625 6.58601 -0.664399 -4.78487 2.86015 1
2 210 -7.82454 14.7043 -10.2644 2.74154 11.5065 -5.04298 12.1512 -14.2417 1.27579 0.0906141 -5.47342 3.49002 4
2 290 -7.32499 15.8976 -4.48663 2.1982 9.08915 -12.7072 12.8617 -10.7568 -0.0365177 4.04168 -5.68387 1.73029 4
2 266 -2.78118 14.478 -8.22804 -1.10526 14.7171 -7.90115 8.72628 -5.02235 3.48217 1.34532 -4.19689 7.34046 4
2 285 -1.18074 15.3814 -6.8168 2.79483 11.0763 -4.63739 17.3164 -8.74853 -0.0514565 0.54635 -5.40594 1.74009 4
2 294 -7.7347 15.9708 -3.57547 5.97221 10.5236 -14.6376 11.337 -7.00917 2.93454 4.78999 -5.65766 -2.58747 4
2 82 -3.0171 7.35016 -3.49153 2.48249 6.17983 -7.26291 11.8476 -10.3278 4.18492 0.28915 -4.38324 5.08041 1
2 117 -4.18723 4.52973 -4.08103 -0.280456 8.68403 -4.71219 13.829 -10.0001 5.32804 -0.503693 -1.54405 4.33691 1
2 132 -3.87347 4.88026 -6.57269 2.14722 9.64465 -6.49599 10.6034 -9.64661 1.90916 -0.186767 -4.03675 3.21464 1
2 134 -5.41513 4.29657 -0.458798 -0.0488488 6.01817 -8.96438 11.6969 -7.79367 4.37499 -1.39076 -4.35025 2.27486 5
2 157 -3.57741 3.67897 -3.42704 1.65235 10.4779 -3.51224 9.244 -11.7096 5.70619 0.480546 -7.98665 3.46184 1
2 159 -1.56241 4.09075 -1.39509 0.964913 9.46958 -2.93836 8.59857 -11.2579 8.92276 -1.0591 -9.36436 6.66694 1
2 167 -4.62857 5.95777 -3.26685 2.72471 12.4591 -7.91112 8.42361 -9.14567 2.38958 0.132818 -0.999043 2.90707 1
2 171 -5.07127 3.38694 -3.62487 2.84474 7.85807 -5.49148 9.55628 -11.2062 3.7971 -0.42572 -0.3779 4.15888 1
2 182 -5.53908 7.63114 -4.50237 2.20752 8.70395 -6.72711 12.2457 -12.0989 2.36818 -0.189056 -0.766763 5.5618 1
2 271 -2.80175 3.68192 -0.280619 -1.41769 5.97528 -6.94681 11.7042 -8.41754 5.1786 1.74778 -1.51208 4.12674 5
2 301 -1.85232 4.47225 0.324076 0.612693 8.09739 -9.31336 9.82221 -8.02768 5.24188 -0.45285 -2.96484 4.93495 5
2 307 -1.66945 6.32173 -6.22595 -0.0401045 9.00613 -5.85615 10.6998 -10.0616 3.59444 1.90896 -4.18481 3.41303 1
2 308 -1.22793 7.07042 -4.25251 -0.848099 8.59542 -7.98598 8.65268 -9.53236 3.93859 0.245513 -1.96776 2.93403 1
2 311 -1.77054 3.80136 -5.49496 1.63 9.93005 -6.1891 12.1386 -9.32372 3.84707 0.779993 -3.52983 2.27955 1
2 19 -0.82253 7.88681 -2.593 0.261655 12.9321 -4.10891 11.8141 -8.90404 6.17652 1.55973 -7.81231 4.31789 1
2 168 -5.47655 9.99176 -0.332813 1.40503 10.351 -11.0194 10.2273 -6.44239 5.2331 -2.4479 -3.39678 4.783 1
2 70 -4.91147 7.43126 -3.7111 -0.360168 3.86913 -8.22854 10.6362 -13.4827 4.41712 0.622808 -1.4343 5.31721 1
2 170 -5.08675 3.54887 -0.509842 3.15271 8.59821 -8.65921 9.41446 -8.75597 4.64871 1.33622 -2.8136 1.1574 1
2 133 -5.44538 7.59761 -6.09054 1.13939 4.06678 -10.1194 10.7371 -10.2894 2.70453 -1.93497 -6.05662 2.09857 6
2 77 -2.36555 7.03156 -0.0668283 -0.591358 8.53317 -5.89801 11.1522 -9.89688 4.69117 1.34687 -0.448676 1.41926 1
2 102 -3.12401 2.46237 -0.401984 -1.31542 7.09639 -9.70878 7.50163 -9.61004 2.7216 0.608331 -4.75126 0.583645 5
2 194 -5.77357 4.55281 -2.7522 1.09851 6.38862 -6.4799 13.5428 -10.1524 8.2671 2.8856 -3.38481 6.30875 1
2 121 -5.71235 3.97695 -3.00041 0.0320005 9.45266 -8.13236 10.1512 -9.98673 1.35563 -0.37363 -3.75277 1.37613 1
2 188 -1.03611 5.683 -2.74867 3.64096 12.2363 -6.70545 11.9996 -11.5945 4.88137 3.41321 -3.1399 3.88817 1
2 127 -4.95572 4.89987 -4.39598 0.450237 6.70707 -6.72603 10.3793 -9.64491 4.25752 -0.784425 -5.47746 2.21494 1
2 144 -7.10099 4.5205 -3.95155 0.195947 9.19618 -6.31148 9.1448 -8.80409 4.87974 -1.0105 -2.97694 3.92743 1
2 309 -4.80699 7.8831 -5.73375 -1.92931 10.5339 -6.80257 9.46466 -11.1396 2.95426 3.8821 -2.19687 3.55198 1
2 197 -6.39542 9.22034 0.666597 -0.60591 3.76864 -10.6827 11.1704 -7.00874 7.77019 -1.87277 -3.41999 2.9002 5
2 280 0.0973437 2.80692 -3.63933 -0.807013 5.22141 -6.07347 11.7958 -9.6221 4.33665 -0.609085 -2.79187 6.74955 5
3 41 -8.33926 3.35178 -4.94108 4.88364 8.92183 -9.49967 8.60332 -10.3519 5.4305 -1.86148 -2.84788 2.56942 1
3 55 -7.21554 8.12228 -9.26356 4.95538 12.5808 -6.22811 14.0684 -7.8725 7.15134 0.802142 -4.35734 3.34218 1
3 120 -6.63602 1.54015 -7.16001 3.77877 6.71881 -9.34732 8.09056 -11.7755 3.11817 -0.35733 -4.25142 -0.93737 1
3 199 -6.25499 9.55779 -6.16631 1.61135 5.22831 -10.5519 10.7015 -9.77306 6.77547 -0.548079 -6.05015 4.08503 2
3 218 -7.72616 11.3056 -11.8976 3.38057 2.95382 -10.0075 13.7332 -11.1726 3.15966 -0.456264 -3.66728 5.02368 4
3 220 -6.74284 8.38855 -12.29 10.6208 3.5474 -8.70581 12.0335 -13.423 3.88951 2.04976 -6.00471 0.557851 4
3 270 -3.48215 6.79324 -9.52561 2.86615 9.55337 -7.35089 9.6783 -12.866 2.12811 1.81024 -3.34254 6.94625 1
3 1 6 7.07148 -6.5129 7.6508 11.1508 -7.65731 12.484 -11.7098 3.4266 1.46272 -2.81275 0.866538 1
3 39 -4.02606 5.38505 -11.4836 8.34238 5.15962 -9.79784 9.70684 -12.9766 5.55071 -2.15645 -2.72145 3.41207 1
3 5 -6.35644 5.83684 -5.32656 7.47226 8.84744 -6.77324 12.6772 -12.3151 4.41634 0.1935 -3.64481 2.15124 1
3 6 -6.81631 6.26709 -4.22774 7.22774 10.0694 -6.95387 9.38477 -15.3415 6.71853 -0.450952 -7.17759 2.53871 1
3 8 -4.76351 8.78729 -5.52467 8.75222 10.0013 -8.81065 11.8916 -13.2655 6.96858 0.903085 -5.96951 1.76051 1
3 11 -5.8872 9.60712 -5.85641 6.80458 13.3181 -8.35642 9.99929 -13.6496 3.19067 1.09363 -8.62871 0.90391 1
3 16 0.124498 6.74562 -7.22586 6.20444 9.43396 -7.91008 10.2043 -8.56682 8.7097 -2.46378 -8.77012 5.4284 1
3 58 -8.73472 9.44277 -8.85928 7.37024 10.4534 -6.5449 14.158 -8.82573 6.00759 0.497794 -3.69717 4.43755 4
3 207 -9.62056 3.24782 -6.09716 5.28736 4.74056 -6.03936 10.8378 -10.1165 6.59268 0.415956 -2.41889 2.79432 1
3 148 -5.02942 4.4274 -6.48352 3.95378 10.9684 -6.40129 10.2599 -8.4404 4.30117 -0.178598 -2.87574 1.00623 1
3 185 -4.4638 3.3629 -5.27976 7.35745 8.32692 -6.11517 10.328 -10.4341 6.53656 -0.412717 -4.92982 3.8492 1
3 190 -3.12218 4.79905 -6.24528 6.89882 6.10254 -7.05781 14.1122 -11.0094 3.13439 -0.629933 -2.91497 2.71278 1
3 198 -8.46144 5.91106 -5.82232 2.62176 6.06183 -6.92923 11.7074 -12.2287 3.9202 -3.52818 -6.4581 4.67345 1
3 249 -1.02996 -3.72338 -0.645936 3.07342 6.02838 2.29198 -0.448422 -7.55669 10.1497 -7.71396 5.21097 -4.40827 6
3 315 -2.01442 -2.76572 -5.55045 4.39198 -0.904438 3.7429 4.97076 -5.68366 9.75902 -15.0492 8.05273 1.67509 6
3 317 -2.75725 0.0408546 0.316818 0.250999 3.47223 5.73503 7.74736 -8.68986 9.95011 -9.66826 8.32759 1.04889 6
3 240 2.82648 1.91251 -0.333896 3.17185 0.552984 6.90183 1.85723 -6.92586 10.0735 -5.68043 5.90063 -6.54284 6
3 241 -0.348127 2.63069 -4.1734 4.9646 2.06604 5.9182 1.30729 -6.14511 7.91322 -7.54515 8.65853 -4.10525 6
3 318 -4.54865 0.458847 -0.625223 5.49635 2.70255 4.72656 5.72411 -5.98208 12.0622 -11.0281 9.93441 0.798224 6
3 247 0.390674 -0.419643 1.99674 0.228772 -1.06742 2.04718 1.92236 -5.93733 6.94529 -9.76512 7.55241 -3.12281 6
3 316 -4.80736 1.23213 -7.88085 4.71139 2.74839 1.91938 4.20142 -8.1539 13.3606 -8.51698 6.11697 0.665395 6
3 253 -2.1438 -3.17717 -1.12259 2.91819 -1.49762 1.90565 3.29653 -6.24004 9.15554 -6.23049 6.52497 -0.929961 6
3 322 -2.15951 3.11849 -5.86039 5.60954 -0.985667 4.47427 6.93905 -6.6157 10.8848 -13.1604 7.96553 -0.492151 6
3 326 -1.94691 -2.094 -1.07311 1.2174 -0.55079 2.66655 7.44994 -6.41806 10.9071 -11.1343 6.72837 2.46145 6
3 43 -6.00791 -0.791621 1.30379 -1.79123 6.22735 -9.60293 8.60285 -7.72742 6.43668 -0.055187 0.48653 1.69811 5
3 65 -5.94664 1.69945 0.647671 1.33215 3.54216 -4.32032 10.5818 -14.0303 6.81957 -1.74781 -3.30052 5.20937 5
3 69 -6.62306 2.3745 3.52674 -4.77698 4.30383 -4.15895 11.5515 -10.4211 5.40798 -1.34927 -4.14746 4.14672 5
3 71 -8.69771 2.73137 -0.5694 2.24883 5.48272 -6.36724 9.24033 -13.8328 6.29085 0.721021 -3.32185 2.55432 5
3 99 -2.92387 1.58748 0.00546117 -1.3737 2.16798 -11.628 11.4743 -7.99809 5.75985 -0.733238 -3.07586 3.09266 5
3 129 -7.06708 -0.415037 -6.03241 3.0891 3.65878 -6.60559 11.2866 -12.2746 4.60988 -1.25786 -3.03624 1.27044 5
3 155 -6.09109 1.87259 -0.640211 -2.49233 6.50828 -8.29724 7.46331 -8.75441 6.25067 -0.925318 -7.18145 3.81033 5
3 161 -2.77091 1.68418 -1.6536 -0.465159 11.9424 1.41121 10.7865 -11.8399 4.70256 0.344964 -8.15172 3.43947 1
3 163 -4.71633 2.23306 -4.20466 -0.904315 6.98861 -3.91862 8.64356 -8.45248 7.6705 -3.74303 -10.6197 5.20456 5
3 279 -1.45436 -0.130878 -5.11988 2.70003 3.99085 -6.98645 12.118 -8.96099 5.99044 -1.58704 -1.78889 6.12771 5
3 284 -3.3937 -2.34812 -5.41724 1.10275 6.57241 -4.18218 10.1036 -11.46 6.12318 -0.152552 -3.32315 4.50938 5
3 30 1.07962 -2.33969 0.965367 2.79228 1.19995 -9.31201 7.92975 -10.1328 6.77194 -3.66448 -2.81651 1.67763 5
3 37 -6.39965 0.547575 -1.77938 2.80563 3.53243 -9.34898 9.28165 -9.93361 6.93692 -1.43053 -2.37579 0.356083 5
3 61 -4.77744 4.24062 -0.0944471 -1.36483 4.95046 -6.54375 9.74385 -12.286 4.81547 -0.127634 -1.96814 4.12758 5
3 67 -5.35691 -2.86391 1.60843 -1.57542 4.48097 -4.04491 9.85465 -12.4308 7.22819 -1.79563 -1.80188 3.68185 5
3 86 -2.96754 2.49583 -1.8756 1.98267 6.65294 -6.10852 12.4221 -9.2613 5.13699 -0.108626 -1.12319 3.36777 5
3 94 -3.86296 0.696453 -3.49919 1.60366 4.6895 -8.44812 10.8764 -10.6235 2.48564 -1.68923 -2.14253 1.75417 5
3 108 -3.10689 -3.99585 0.944184 -0.402839 9.50263 -2.46297 10.7344 -9.78884 6.22816 -0.200593 0.707209 3.5131 5
3 176 -8.58976 0.250045 -1.55983 1.10098 7.84219 -6.54322 8.6459 -11.1209 4.83146 0.0415335 0.0765318 2.90875 5
3 302 -3.30612 2.71655 1.92469 -0.823819 7.05383 -8.0956 9.13019 -8.61848 6.62403 -0.358459 -3.00265 3.00822 5
3 115 -5.11358 -1.11496 0.0101917 0.300236 8.79206 -3.1069 11.6511 -9.96762 7.0489 -0.663685 -1.04866 3.98139 5
3 160 -4.08733 -6.06783 -0.112295 -2.82517 7.32383 -0.165894 8.00268 -10.8344 6.49717 -4.82086 -5.69616 4.25818 5
3 147 -5.00248 -2.59575 -2.4667 0.420945 5.33781 -5.52346 9.90535 -10.1244 4.7485 -0.0900001 -1.66329 -0.500254 5
3 193 -6.29746 0.911133 -1.55961 5.31283 10.8433 -6.34927 11.6931 -10.4623 6.83985 -0.474565 -4.58766 2.21445 1
3 239 3.81283 4.44242 -5.35881 14.3286 -4.31817 4.42167 -0.873498 -2.47964 4.96582 -7.97892 10.2859 -9.33466 3
3 235 1.16664 4.23461 -8.95019 14.4729 -2.53708 5.75315 1.05426 -4.77347 4.73671 -9.21199 12.5569 -6.7495 3
3 234 3.71582 7.54977 -4.37466 11.8057 -0.895733 6.12294 2.18542 -5.05356 3.99936 -7.92805 10.4662 -9.02624 3
3 52 -3.62478 13.924 -7.13652 5.24537 14.0605 -6.6929 12.8618 -6.73649 4.85977 2.87294 -6.69769 4.61556 2
3 57 -5.71912 13.166 -6.29188 -0.213178 10.1292 -12.9088 9.13908 -3.88478 5.61409 0.561419 -7.23556 2.25163 2
3 59 -5.30908 11.5816 -6.13417 1.89973 16.1789 -6.15105 14.7395 -4.50131 5.50802 1.42805 -6.12326 4.64551 2
3 105 0.227588 10.8086 -8.28369 0.200663 11.3312 -4.2636 14.1561 -12.001 2.59288 -3.59976 -2.11224 7.45226 2
3 215 -4.2882 11.4565 -7.67812 0.379508 3.89341 -8.20149 13.5574 -12.0145 1.41825 -0.38997 -4.27794 6.0135 4
3 219 -4.70559 14.1147 -13.1644 3.75306 8.16604 -9.81092 10.5452 -10.5559 1.62042 1.62712 -5.08387 4.8082 4
3 222 -4.72778 13.1617 -4.13019 4.85401 9.06333 -15.1489 8.6194 -7.81727 3.14375 3.52609 -5.32199 -0.702299 2
3 263 -2.85928 12.3936 -1.62932 1.03044 13.8143 -13.5388 5.81492 -5.05526 5.67811 0.795078 -3.77828 5.17799 2
3 287 -4.1964 12.8807 -9.21935 7.37944 8.28175 -4.07206 21.4458 -9.56786 -0.308986 0.274297 -7.2072 2.82959 4
3 289 -11.0733 16.6659 -4.76144 0.0348789 8.79106 -8.97338 15.5254 -8.90844 0.0800246 2.06517 -4.91303 0.17729 4
3 296 -7.1005 14.9649 -5.82817 5.32921 12.8336 -6.00466 18.704 -10.2939 -1.19466 3.26215 -6.75252 -2.92803 4
3 21 -5.96658 12.2808 -2.43756 3.17593 13.4736 -9.47826 9.74376 -8.10008 9.03317 3.86676 -8.98737 3.85041 2
3 24 -4.2944 13.6333 -8.48093 1.64943 12.0592 -7.62231 13.4735 -8.33723 3.67176 -2.93749 -8.12196 9.16607 2
3 27 -5.3056 11.9578 -6.7742 -1.31783 11.1904 -8.47479 13.3918 -7.79366 0.736489 0.192353 -10.0367 3.1697 2
3 46 -7.15115 11.5019 -3.71386 2.56838 11.5173 -6.78667 12.3149 -6.95687 7.22005 1.1005 -5.30838 6.03354 2
3 195 -2.51132 14.7908 -9.22038 5.90626 12.0081 -7.22284 8.15637 -10.7752 5.45988 2.25066 -3.14241 3.32254 2
3 224 -4.89073 11.4213 -12.4199 0.895374 10.265 -9.31634 9.79148 -10.0803 2.44245 3.98079 -2.95991 2.68249 4
3 291 -3.89351 14.9108 -3.89891 0.631659 10.926 -6.8407 12.9413 -10.7777 2.93749 2.33092 -7.24928 -1.42411 2
3 256 -2.12087 11.2908 -5.96204 -0.845848 13.4123 -6.56527 9.04896 -7.53203 2.03417 -1.99855 -3.46188 5.15727 2
3 258 -2.45892 16.3236 -7.2226 0.137042 12.3169 -7.35145 10.077 -6.312 2.37613 -2.72808 -7.08851 6.68872 2
3 267 -2.28624 11.8853 -6.60994 -1.64453 15.1276 -5.31517 9.22128 -8.42126 1.57116 0.641366 -3.27141 7.05125 2
3 299 -3.63746 12.7525 -6.34333 3.33892 5.83898 -9.32573 18.7775 -9.38372 -2.87386 1.84218 -2.38574 0.661139 4
3 88 -3.58237 7.01889 -2.59725 1.88308 6.00078 -6.04751 12.5736 -10.7856 4.49704 0.58948 -2.02105 2.64661 1
3 98 -0.596542 5.77712 1.74934 1.84407 11.298 -9.90639 7.94894 -8.28345 2.65976 0.152172 -3.89726 -0.914526 1
3 131 -5.00007 2.45278 -4.40598 0.492646 9.09234 -5.57127 11.483 -9.81841 3.97705 0.399216 -5.28837 1.97662 1
3 137 -5.33467 3.96475 -2.13091 1.65968 8.81415 -5.25541 11.7844 -9.49676 4.80972 -1.10069 -3.87815 2.41018 1
3 152 -3.5899 2.77359 -3.72988 4.27339 12.6569 -0.132277 11.3186 -10.5486 8.48103 -0.0178183 -4.42954 2.77931 1
3 165 -1.94515 4.79655 -0.331376 -1.99264 8.2559 -7.61889 8.34214 -7.30046 3.41225 -1.17292 -0.881845 3.77087 5
3 173 -5.90078 10.9198 1.43961 -0.87724 7.64967 -11.489 10.416 -5.17598 3.96997 -1.14353 -3.12558 4.95896 2
3 174 -6.50947 11.7691 0.432273 -1.1933 6.32013 -11.1915 8.962 -8.16987 5.48072 -0.713786 0.427657 4.84827 2
3 177 -4.01099 6.88586 -6.01377 2.87443 6.30193 -7.78289 8.99145 -12.0871 4.21652 0.40729 -0.95039 4.87269 1
3 184 -2.8575 6.52151 0.681414 0.712128 9.12321 -5.61034 12.0663 -9.89052 6.24008 -0.85142 -6.11802 5.09597 1
3 187 -2.78271 4.41131 -4.15909 3.62734 4.95976 -6.73268 15.7009 -12.4885 5.40543 1.52021 -3.27303 5.75919 1
3 189 -2.50825 3.30174 -2.01482 2.77739 9.45736 -6.692 13.3665 -9.18602 4.47741 -0.0455085 -1.46035 3.56668 1
3 208 -6.93641 7.02311 -4.12666 1.52636 11.4635 -6.5995 8.82402 -9.90976 5.29549 -0.326734 -3.4477 3.31746 1
3 278 -1.29302 6.54444 -6.64635 1.86814 8.93597 -5.10839 10.8233 -13.5255 4.38346 0.990876 -5.2557 5.23853 1
3 281 -2.50701 6.15177 -5.76997 0.478573 8.65047 -7.30047 10.2643 -10.8113 1.84232 0.26479 -2.79669 7.08795 1
3 282 -0.679658 3.7376 -4.23507 3.00501 12.6443 -4.02266 10.3886 -11.4428 7.08787 4.08664 -5.45288 4.11612 1
3 310 -2.49331 9.53016 -4.89761 -3.15008 7.80468 -7.48235 12.0579 -8.69894 0.883059 0.83915 -3.66677 5.6579 2
3 314 -2.50145 8.06989 -2.80827 -2.76557 8.5314 -7.52164 9.43072 -8.17227 4.47756 1.79154 -3.92235 3.44059 2
3 22 -2.70263 8.27884 -3.54432 0.0435134 9.99612 -6.32805 10.0439 -9.99288 8.43068 0.893774 -9.86116 3.17805 2
3 34 -3.82038 4.39023 -6.96521 -1.53633 2.74643 -9.67874 9.69946 -9.57629 6.12682 -2.74745 -1.23719 5.29837 5
3 91 -2.1967 2.69346 -5.05271 3.02103 6.26216 -9.99875 8.51822 -11.358 1.47044 1.31013 -3.64237 -0.839416 1
3 74 -6.15856 5.81889 -2.47925 2.08761 3.91159 -6.98819 10.4371 -13.755 5.92261 0.714205 -1.5181 4.62794 5
3 303 -2.97128 5.07756 -5.48213 0.312714 9.66279 -6.88183 10.8502 -8.664 3.95459 1.61205 -3.16635 3.55553 1
3 78 -5.57035 6.35258 1.37186 -2.22292 6.0412 -8.61757 9.71926 -10.3259 5.70215 1.22923 -4.14129 2.92639 5
3 136 -7.74992 2.43805 -6.93772 0.68419 8.32818 -5.87012 9.33187 -9.38017 3.40821 0.78579 -2.3807 2.32984 1
3 81 -6.68586 4.98778 -3.34009 -0.770061 6.48268 -7.40928 11.8492 -9.01207 3.40655 -1.18705 -3.60599 4.32128 5
3 305 0.484817 5.58483 -4.22098 0.319859 11.3373 -5.6414 11.2633 -9.85956 2.51233 -0.478526 -0.931808 3.92775 1
3 104 -2.91788 3.78705 -0.96143 -1.02548 7.71192 -10.5834 8.5739 -9.1181 1.02023 0.038866 -5.26079 0.407796 5
3 123 -4.46667 4.91552 -1.23562 0.599622 7.39218 -6.9408 12.2071 -9.47231 4.59188 1.36966 -4.56381 2.40254 1
3 125 -6.79622 4.87943 -2.78406 2.08743 9.66752 -7.81801 10.9043 -9.69547 3.60183 0.851031 -4.24803 1.30777 1
