1 2 627.4 996.4 7
1 6 551.2 1047.2 7
1 7 881.4 1352 10
1 12 1033.8 1352 10
1 13 1313.2 1123.4 9
1 15 1287.8 996.4 9
1 17 1465.6 996.4 9
1 18 1516.4 996.4 9
1 27 1491 1174.2 14
1 32 1491 1225 14
1 33 1516.4 1225 14
1 37 1389.4 1250.4 14
1 44 1414.8 1301.2 14
1 45 1491 1301.2 14
1 46 1541.8 1301.2 14
1 49 1618 1326.6 8
1 54 1338.6 1326.6 1
1 59 1338.6 1352 1
1 62 1694.2 1352 8
1 65 1414.8 1377.4 13
1 66 1338.6 1377.4 1
1 68 1237 1377.4 1
1 70 1237 1402.8 1
1 71 1313.2 1402.8 1
1 75 1567.2 1402.8 8
1 76 1592.6 1402.8 8
1 77 1618 1402.8 8
1 78 1694.2 1428.2 8
1 80 1541.8 1428.2 8
1 81 1440.2 1428.2 13
1 82 1414.8 1428.2 13
1 83 1338.6 1428.2 1
1 85 1237 1453.6 1
1 87 1414.8 1453.6 13
1 88 1465.6 1453.6 13
1 94 1567.2 1479 8
1 99 1262.4 1479 1
1 100 1592.6 1504.4 8
1 101 1618 1504.4 8
1 104 1745 1529.8 6
1 106 1846.6 1529.8 6
1 110 1872 1555.2 6
1 111 1821.2 1555.2 6
1 118 1897.4 1656.8 15
1 122 1884.7 1733 15
1 123 1999 1733 15
1 126 2176.8 1733 3
1 131 2100.6 1809.2 3
1 132 2126 1809.2 3
1 139 2100.6 1860 3
1 140 2126 1860 3
1 144 2151.4 1910.8 11
1 147 2100.6 1936.2 11
1 149 2176.8 1936.2 11
1 154 1821.2 1987 4
1 157 1897.4 1987 4
1 158 1948.2 1987 4
1 160 2100.6 1987 11
1 161 2126 1987 11
1 162 2253 1987 11
1 167 2151.4 1402.8 5
1 168 2075.2 1707.6 3
1 172 3652.1 1010.3 2
1 173 3725.7 1010.3 2
1 184 3853.2 1199.6 12
1 186 3952.1 1310.3 12
1 191 3952.1 1386.5 12
2 0 0 0 4
2 1 551.2 996.4 6
2 5 627.4 1047.2 6
2 9 957.6 1352 8
2 10 983 1352 8
2 14 1287.8 1098 13
2 21 1516.4 1098 13
2 24 1592.6 1148.8 13
2 28 1440.2 1174.2 13
2 29 1465.6 1199.6 13
2 38 1541.8 1275.8 11
2 42 1287.8 1301.2 3
2 48 1668.8 1326.6 10
2 51 1516.4 1326.6 11
2 53 1414.8 1326.6 11
2 55 1313.2 1326.6 3
2 56 1237 1326.6 3
2 61 1465.6 1352 11
2 67 1313.2 1377.4 3
2 89 1491 1453.6 11
2 90 1668.8 1453.6 10
2 97 1414.8 1479 11
2 98 1338.6 1479 3
2 102 1668.8 1529.8 10
2 105 1821.2 1529.8 7
2 107 1948.2 1529.8 7
2 109 1897.4 1555.2 7
2 113 1770.4 1555.2 7
2 114 1770.4 1656.8 7
2 115 1795.8 1656.8 7
2 117 1872 1656.8 7
2 119 1922.8 1656.8 7
2 125 2113.3 1733 1
2 133 2100.6 1834.6 1
2 134 2126 1834.6 1
2 135 2151.4 1834.6 1
2 136 2236.5 1847.3 12
2 137 1999 1847.3 1
2 141 2100.6 1885.4 1
2 142 2126 1885.4 1
2 145 2126 1910.8 1
2 150 2227.6 1936.2 12
2 155 1846.6 1987 14
2 156 1872 1987 14
2 159 2056.2 1987 1
2 163 2303.8 1987 12
2 165 2405.4 1987 12
2 170 2350.8 1733 12
2 171 2350.8 1847.3 12
2 174 3725.7 1086.5 2
2 175 3652.1 1086.5 2
2 176 3726.2 1148.8 2
2 177 3802.4 1148.8 2
2 179 3802.4 1174.2 2
2 180 3700.8 1174.2 2
2 181 3605.6 1199.6 2
2 182 3700.8 1199.6 2
2 183 3802.4 1199.6 2
2 185 4028.3 1310.3 15
2 189 3652.1 1386.5 9
2 194 3952.1 1086.5 5
2 195 4028.3 1086.5 5
2 196 4028.3 1010.3 5
2 197 3952.1 1010.3 5
3 3 703.6 996.4 10
3 4 703.6 1047.2 10
3 8 932.2 1352 8
3 11 1008.4 1352 8
3 16 1313.2 996.4 3
3 19 1592.6 996.4 12
3 20 1592.6 1098 12
3 22 1465.6 1098 12
3 23 1567.2 1123.4 12
3 25 1567.2 1174.2 12
3 26 1541.8 1174.2 12
3 30 1414.8 1225 4
3 31 1440.2 1225 4
3 34 1592.6 1250.4 4
3 35 1465.6 1250.4 4
3 36 1440.2 1250.4 4
3 39 1160.8 1123.4 3
3 40 1160.8 1225 3
3 41 1262.4 1301.2 14
3 43 1338.6 1301.2 14
3 47 1643.4 1301.2 6
3 50 1567.2 1326.6 4
3 52 1465.6 1326.6 4
3 57 1237 1352 14
3 58 1313.2 1352 14
3 60 1414.8 1352 14
3 63 1618 1377.4 6
3 64 1516.4 1377.4 4
3 69 1357.7 1390.1 14
3 72 1338.6 1402.8 14
3 73 1414.8 1402.8 14
3 74 1465.6 1402.8 4
3 79 1668.8 1428.2 6
3 84 1262.4 1428.2 14
3 86 1338.6 1453.6 14
3 91 1694.2 1453.6 6
3 92 1618 1479 6
3 93 1592.6 1479 6
3 95 1516.4 1479 6
3 96 1440.2 1479 14
3 103 1694.2 1529.8 6
3 108 1922.8 1555.2 1
3 112 1795.8 1555.2 13
3 116 1821.2 1656.8 13
3 120 1808.5 1694.9 13
3 121 1757.7 1694.9 13
3 124 2075.2 1733 5
3 127 2236.5 1733 5
3 128 2176.8 1783.8 5
3 129 2126 1783.8 5
3 130 2100.6 1783.8 5
3 138 1884.7 1847.3 9
3 143 2176.8 1885.4 11
3 146 2100.6 1910.8 11
3 148 2126 1936.2 11
3 151 2126 1961.6 11
3 152 2100.6 1961.6 11
3 153 1795.8 1987 9
3 164 2380 1987 11
3 166 2024.4 1402.8 1
3 169 2176.8 1707.6 5
3 178 3853.2 1148.8 15
3 187 3728.3 1310.3 7
3 188 3652.1 1310.3 7
3 190 3728.3 1386.5 7
3 192 4028.3 1386.5 2
3 193 3853.2 1123.4 15
