0 1 0 0 5
0 2 551.2 996.4 9
0 3 627.4 996.4 9
0 4 703.6 996.4 9
0 5 703.6 1047.2 9
0 6 627.4 1047.2 9
0 7 551.2 1047.2 9
0 8 881.4 1352 12
0 9 932.2 1352 12
0 10 957.6 1352 12
0 11 983 1352 12
0 12 1008.4 1352 12
0 13 1033.8 1352 12
0 14 1313.2 1123.4 14
0 15 1287.8 1098 14
0 16 1287.8 996.4 14
0 17 1313.2 996.4 14
0 18 1465.6 996.4 6
0 19 1516.4 996.4 6
0 20 1592.6 996.4 6
0 21 1592.6 1098 6
0 22 1516.4 1098 6
0 23 1465.6 1098 6
0 24 1567.2 1123.4 6
0 25 1592.6 1148.8 6
0 26 1567.2 1174.2 6
0 27 1541.8 1174.2 6
0 28 1491 1174.2 6
0 29 1440.2 1174.2 8
0 30 1465.6 1199.6 8
0 31 1414.8 1225 8
0 32 1440.2 1225 8
0 33 1491 1225 8
0 34 1516.4 1225 8
0 35 1592.6 1250.4 8
0 36 1465.6 1250.4 8
0 37 1440.2 1250.4 8
0 38 1389.4 1250.4 8
0 39 1541.8 1275.8 8
0 40 1160.8 1123.4 14
0 41 1160.8 1225 14
0 42 1262.4 1301.2 3
0 43 1287.8 1301.2 3
0 44 1338.6 1301.2 3
0 45 1414.8 1301.2 8
0 46 1491 1301.2 8
0 47 1541.8 1301.2 8
0 48 1643.4 1301.2 11
0 49 1668.8 1326.6 11
0 50 1618 1326.6 11
0 51 1567.2 1326.6 8
0 52 1516.4 1326.6 8
0 53 1465.6 1326.6 8
0 54 1414.8 1326.6 8
0 55 1338.6 1326.6 3
0 56 1313.2 1326.6 3
0 57 1237 1326.6 3
0 58 1237 1352 3
0 59 1313.2 1352 3
0 60 1338.6 1352 3
0 61 1414.8 1352 3
0 62 1465.6 1352 8
0 63 1694.2 1352 11
0 64 1618 1377.4 11
0 65 1516.4 1377.4 8
0 66 1414.8 1377.4 3
0 67 1338.6 1377.4 3
0 68 1313.2 1377.4 3
0 69 1237 1377.4 3
0 70 1357.7 1390.1 3
0 71 1237 1402.8 3
0 72 1313.2 1402.8 3
0 73 1338.6 1402.8 3
0 74 1414.8 1402.8 3
0 75 1465.6 1402.8 3
0 76 1567.2 1402.8 11
0 77 1592.6 1402.8 11
0 78 1618 1402.8 11
0 79 1694.2 1428.2 11
0 80 1668.8 1428.2 11
0 81 1541.8 1428.2 11
0 82 1440.2 1428.2 3
0 83 1414.8 1428.2 3
0 84 1338.6 1428.2 3
0 85 1262.4 1428.2 3
0 86 1237 1453.6 3
0 87 1338.6 1453.6 3
0 88 1414.8 1453.6 3
0 89 1465.6 1453.6 3
0 90 1491 1453.6 3
0 91 1668.8 1453.6 11
0 92 1694.2 1453.6 11
0 93 1618 1479 11
0 94 1592.6 1479 11
0 95 1567.2 1479 11
0 96 1516.4 1479 11
0 97 1440.2 1479 3
0 98 1414.8 1479 3
0 99 1338.6 1479 3
0 100 1262.4 1479 3
0 101 1592.6 1504.4 11
0 102 1618 1504.4 11
0 103 1668.8 1529.8 11
0 104 1694.2 1529.8 11
0 105 1745 1529.8 7
0 106 1821.2 1529.8 7
0 107 1846.6 1529.8 7
0 108 1948.2 1529.8 7
0 109 1922.8 1555.2 7
0 110 1897.4 1555.2 7
0 111 1872 1555.2 7
0 112 1821.2 1555.2 7
0 113 1795.8 1555.2 7
0 114 1770.4 1555.2 7
0 115 1770.4 1656.8 7
0 116 1795.8 1656.8 7
0 117 1821.2 1656.8 7
0 118 1872 1656.8 7
0 119 1897.4 1656.8 7
0 120 1922.8 1656.8 7
0 121 1808.5 1694.9 7
0 122 1757.7 1694.9 7
0 123 1884.7 1733 7
0 124 1999 1733 4
0 125 2075.2 1733 4
0 126 2113.3 1733 4
0 127 2176.8 1733 4
0 128 2236.5 1733 4
0 129 2176.8 1783.8 4
0 130 2126 1783.8 4
0 131 2100.6 1783.8 4
0 132 2100.6 1809.2 4
0 133 2126 1809.2 4
0 134 2100.6 1834.6 4
0 135 2126 1834.6 4
0 136 2151.4 1834.6 4
0 137 2236.5 1847.3 15
0 138 1999 1847.3 4
0 139 1884.7 1847.3 10
0 140 2100.6 1860 4
0 141 2126 1860 4
0 142 2100.6 1885.4 4
0 143 2126 1885.4 4
0 144 2176.8 1885.4 4
0 145 2151.4 1910.8 4
0 146 2126 1910.8 4
0 147 2100.6 1910.8 4
0 148 2100.6 1936.2 4
0 149 2126 1936.2 4
0 150 2176.8 1936.2 4
0 151 2227.6 1936.2 15
0 152 2126 1961.6 4
0 153 2100.6 1961.6 4
0 154 1795.8 1987 10
0 155 1821.2 1987 10
0 156 1846.6 1987 10
0 157 1872 1987 10
0 158 1897.4 1987 10
0 159 1948.2 1987 10
0 160 2056.2 1987 4
0 161 2100.6 1987 4
0 162 2126 1987 4
0 163 2253 1987 15
0 164 2303.8 1987 15
0 165 2380 1987 15
0 166 2405.4 1987 15
0 167 2024.4 1402.8 1
0 168 2151.4 1402.8 1
0 169 2075.2 1707.6 4
0 170 2176.8 1707.6 4
0 171 2350.8 1733 15
0 172 2350.8 1847.3 15
0 173 3652.1 1010.3 2
0 174 3725.7 1010.3 2
0 175 3725.7 1086.5 2
0 176 3652.1 1086.5 2
0 177 3726.2 1148.8 2
0 178 3802.4 1148.8 2
0 179 3853.2 1148.8 2
0 180 3802.4 1174.2 2
0 181 3700.8 1174.2 2
0 182 3605.6 1199.6 2
0 183 3700.8 1199.6 2
0 184 3802.4 1199.6 2
0 185 3853.2 1199.6 2
0 186 4028.3 1310.3 13
0 187 3952.1 1310.3 13
0 188 3728.3 1310.3 2
0 189 3652.1 1310.3 2
0 190 3652.1 1386.5 2
0 191 3728.3 1386.5 2
0 192 3952.1 1386.5 13
0 193 4028.3 1386.5 13
0 194 3853.2 1123.4 2
0 195 3952.1 1086.5 13
0 196 4028.3 1086.5 13
0 197 4028.3 1010.3 13
0 198 3952.1 1010.3 13
