0 0 0 0 0 0 1 0 0 0 0 0 0 0 0 0 0 0
0 551.2 996.4 0 0 0 0 0 1 0 0 0 0 0 0 0 0 0
0 627.4 996.4 0 0 0 0 0 1 0 0 0 0 0 0 0 0 0
0 703.6 996.4 0 0 0 0 0 1 0 0 0 0 0 0 0 0 0
0 703.6 1047.2 0 0 0 0 0 1 0 0 0 0 0 0 0 0 0
0 627.4 1047.2 0 0 0 0 0 1 0 0 0 0 0 0 0 0 0
0 551.2 1047.2 0 0 0 0 0 1 0 0 0 0 0 0 0 0 0
0 881.4 1352 0 0 0 0 0 0 0 0 0 0 1 0 0 0 0
0 932.2 1352 0 0 0 0 0 0 0 0 0 0 1 0 0 0 0
0 957.6 1352 0 0 0 0 0 0 0 0 0 0 1 0 0 0 0
0 983 1352 0 0 0 0 0 0 0 0 0 0 1 0 0 0 0
0 1008.4 1352 0 0 0 0 0 0 0 0 0 0 1 0 0 0 0
0 1033.8 1352 0 0 0 0 0 0 0 0 0 0 1 0 0 0 0
0 1313.2 1123.4 0 0 0 0 0 0 0 0 0 0 0 0 0 0 1
0 1287.8 1098 0 0 0 0 0 0 0 0 0 0 0 0 0 0 1
0 1287.8 996.4 0 0 0 0 0 0 0 0 0 0 0 0 0 0 1
0 1313.2 996.4 0 0 0 0 0 0 0 0 0 0 0 0 0 0 1
0 1465.6 996.4 1 0 0 0 0 0 0 0 0 0 0 0 0 0 0
0 1516.4 996.4 1 0 0 0 0 0 0 0 0 0 0 0 0 0 0
0 1592.6 996.4 1 0 0 0 0 0 0 0 0 0 0 0 0 0 0
0 1592.6 1098 1 0 0 0 0 0 0 0 0 0 0 0 0 0 0
0 1516.4 1098 1 0 0 0 0 0 0 0 0 0 0 0 0 0 0
0 1465.6 1098 1 0 0 0 0 0 0 0 0 0 0 0 0 0 0
0 1567.2 1123.4 1 0 0 0 0 0 0 0 0 0 0 0 0 0 0
0 1592.6 1148.8 1 0 0 0 0 0 0 0 0 0 0 0 0 0 0
0 1567.2 1174.2 1 0 0 0 0 0 0 0 0 0 0 0 0 0 0
0 1541.8 1174.2 1 0 0 0 0 0 0 0 0 0 0 0 0 0 0
0 1491 1174.2 0 0 0 0 0 0 0 0 0 0 0 0 1 0 0
0 1440.2 1174.2 0 0 0 0 0 0 0 0 0 0 0 0 1 0 0
0 1465.6 1199.6 0 0 0 0 0 0 0 0 0 0 0 0 1 0 0
0 1414.8 1225 0 0 0 0 0 0 0 0 0 0 0 0 1 0 0
0 1440.2 1225 0 0 0 0 0 0 0 0 0 0 0 0 1 0 0
0 1491 1225 0 0 0 0 0 0 0 0 0 0 0 0 1 0 0
0 1516.4 1225 0 0 0 0 0 0 0 0 0 0 0 0 1 0 0
0 1592.6 1250.4 0 0 0 0 0 0 0 0 0 0 0 0 1 0 0
0 1465.6 1250.4 0 0 0 0 0 0 0 0 0 0 0 0 1 0 0
0 1440.2 1250.4 0 0 0 0 0 0 0 0 0 0 0 0 1 0 0
0 1389.4 1250.4 0 0 0 0 0 0 0 0 0 0 0 0 1 0 0
0 1541.8 1275.8 0 0 0 0 0 0 0 0 0 0 0 0 1 0 0
0 1160.8 1123.4 0 0 0 0 0 0 0 0 0 0 0 0 0 0 1
0 1160.8 1225 0 0 0 0 0 0 0 0 0 0 0 0 0 0 1
0 1262.4 1301.2 0 0 0 0 0 0 0 1 0 0 0 0 0 0 0
0 1287.8 1301.2 0 0 0 0 0 0 0 1 0 0 0 0 0 0 0
0 1338.6 1301.2 0 0 0 0 0 0 0 1 0 0 0 0 0 0 0
0 1414.8 1301.2 0 0 0 0 0 0 0 0 0 0 0 0 1 0 0
0 1491 1301.2 0 0 0 0 0 0 0 0 0 0 0 0 1 0 0
0 1541.8 1301.2 0 0 0 0 0 0 0 0 0 0 0 0 1 0 0
0 1643.4 1301.2 0 0 0 0 0 0 0 0 1 0 0 0 0 0 0
0 1668.8 1326.6 0 0 0 0 0 0 0 0 1 0 0 0 0 0 0
0 1618 1326.6 0 0 0 0 0 0 0 0 1 0 0 0 0 0 0
0 1567.2 1326.6 0 0 0 0 0 0 0 0 0 0 0 0 1 0 0
0 1516.4 1326.6 0 0 0 0 0 0 0 0 0 0 0 0 1 0 0
0 1465.6 1326.6 0 0 0 0 0 0 0 0 0 0 0 0 1 0 0
0 1414.8 1326.6 0 0 0 0 0 0 0 0 0 0 0 0 1 0 0
0 1338.6 1326.6 0 0 0 0 0 0 0 1 0 0 0 0 0 0 0
0 1313.2 1326.6 0 0 0 0 0 0 0 1 0 0 0 0 0 0 0
0 1237 1326.6 0 0 0 0 0 0 0 1 0 0 0 0 0 0 0
0 1237 1352 0 0 0 0 0 0 0 1 0 0 0 0 0 0 0
0 1313.2 1352 0 0 0 0 0 0 0 1 0 0 0 0 0 0 0
0 1338.6 1352 0 0 0 0 0 0 0 1 0 0 0 0 0 0 0
0 1414.8 1352 0 0 0 0 0 0 0 1 0 0 0 0 0 0 0
0 1465.6 1352 0 0 0 0 0 0 0 0 0 0 0 0 1 0 0
0 1694.2 1352 0 0 0 0 0 0 0 0 1 0 0 0 0 0 0
0 1618 1377.4 0 0 0 0 0 0 0 0 1 0 0 0 0 0 0
0 1516.4 1377.4 0 0 0 0 0 0 0 0 0 0 0 0 1 0 0
0 1414.8 1377.4 0 0 0 0 0 0 0 1 0 0 0 0 0 0 0
0 1338.6 1377.4 0 0 0 0 0 0 0 1 0 0 0 0 0 0 0
0 1313.2 1377.4 0 0 0 0 0 0 0 1 0 0 0 0 0 0 0
0 1237 1377.4 0 0 0 0 0 0 0 1 0 0 0 0 0 0 0
0 1357.7 1390.1 0 0 0 0 0 0 0 1 0 0 0 0 0 0 0
0 1237 1402.8 0 0 0 0 0 0 0 1 0 0 0 0 0 0 0
0 1313.2 1402.8 0 0 0 0 0 0 0 1 0 0 0 0 0 0 0
0 1338.6 1402.8 0 0 0 0 0 0 0 1 0 0 0 0 0 0 0
0 1414.8 1402.8 0 0 0 0 0 0 0 1 0 0 0 0 0 0 0
0 1465.6 1402.8 0 0 0 0 0 0 0 1 0 0 0 0 0 0 0
0 1567.2 1402.8 0 0 0 0 0 0 0 0 1 0 0 0 0 0 0
0 1592.6 1402.8 0 0 0 0 0 0 0 0 1 0 0 0 0 0 0
0 1618 1402.8 0 0 0 0 0 0 0 0 1 0 0 0 0 0 0
0 1694.2 1428.2 0 0 0 0 0 0 0 0 1 0 0 0 0 0 0
0 1668.8 1428.2 0 0 0 0 0 0 0 0 1 0 0 0 0 0 0
0 1541.8 1428.2 0 0 0 0 0 0 0 0 1 0 0 0 0 0 0
0 1440.2 1428.2 0 0 0 0 0 0 0 1 0 0 0 0 0 0 0
0 1414.8 1428.2 0 0 0 0 0 0 0 1 0 0 0 0 0 0 0
0 1338.6 1428.2 0 0 0 0 0 0 0 1 0 0 0 0 0 0 0
0 1262.4 1428.2 0 0 0 0 0 0 0 1 0 0 0 0 0 0 0
0 1237 1453.6 0 0 0 0 0 0 0 1 0 0 0 0 0 0 0
0 1338.6 1453.6 0 0 0 0 0 0 0 1 0 0 0 0 0 0 0
0 1414.8 1453.6 0 0 0 0 0 0 0 1 0 0 0 0 0 0 0
0 1465.6 1453.6 0 0 0 0 0 0 0 1 0 0 0 0 0 0 0
0 1491 1453.6 0 0 0 0 0 0 0 0 1 0 0 0 0 0 0
0 1668.8 1453.6 0 0 0 0 0 0 0 0 1 0 0 0 0 0 0
0 1694.2 1453.6 0 0 0 0 0 0 0 0 1 0 0 0 0 0 0
0 1618 1479 0 0 0 0 0 0 0 0 1 0 0 0 0 0 0
0 1592.6 1479 0 0 0 0 0 0 0 0 1 0 0 0 0 0 0
0 1567.2 1479 0 0 0 0 0 0 0 0 1 0 0 0 0 0 0
0 1516.4 1479 0 0 0 0 0 0 0 0 1 0 0 0 0 0 0
0 1440.2 1479 0 0 0 0 0 0 0 1 0 0 0 0 0 0 0
0 1414.8 1479 0 0 0 0 0 0 0 1 0 0 0 0 0 0 0
0 1338.6 1479 0 0 0 0 0 0 0 1 0 0 0 0 0 0 0
0 1262.4 1479 0 0 0 0 0 0 0 1 0 0 0 0 0 0 0
0 1592.6 1504.4 0 0 0 0 0 0 0 0 1 0 0 0 0 0 0
0 1618 1504.4 0 0 0 0 0 0 0 0 1 0 0 0 0 0 0
0 1668.8 1529.8 0 0 0 0 0 0 0 0 1 0 0 0 0 0 0
0 1694.2 1529.8 0 0 0 0 0 0 0 0 1 0 0 0 0 0 0
0 1745 1529.8 0 0 0 0 0 0 0 0 1 0 0 0 0 0 0
0 1821.2 1529.8 0 0 1 0 0 0 0 0 0 0 0 0 0 0 0
0 1846.6 1529.8 0 0 1 0 0 0 0 0 0 0 0 0 0 0 0
0 1948.2 1529.8 0 0 1 0 0 0 0 0 0 0 0 0 0 0 0
0 1922.8 1555.2 0 0 1 0 0 0 0 0 0 0 0 0 0 0 0
0 1897.4 1555.2 0 0 1 0 0 0 0 0 0 0 0 0 0 0 0
0 1872 1555.2 0 0 1 0 0 0 0 0 0 0 0 0 0 0 0
0 1821.2 1555.2 0 0 1 0 0 0 0 0 0 0 0 0 0 0 0
0 1795.8 1555.2 0 0 1 0 0 0 0 0 0 0 0 0 0 0 0
0 1770.4 1555.2 0 0 1 0 0 0 0 0 0 0 0 0 0 0 0
0 1770.4 1656.8 0 0 1 0 0 0 0 0 0 0 0 0 0 0 0
0 1795.8 1656.8 0 0 1 0 0 0 0 0 0 0 0 0 0 0 0
0 1821.2 1656.8 0 0 1 0 0 0 0 0 0 0 0 0 0 0 0
0 1872 1656.8 0 0 1 0 0 0 0 0 0 0 0 0 0 0 0
0 1897.4 1656.8 0 0 1 0 0 0 0 0 0 0 0 0 0 0 0
0 1922.8 1656.8 0 0 1 0 0 0 0 0 0 0 0 0 0 0 0
0 1808.5 1694.9 0 0 1 0 0 0 0 0 0 0 0 0 0 0 0
0 1757.7 1694.9 0 0 1 0 0 0 0 0 0 0 0 0 0 0 0
0 1884.7 1733 0 0 1 0 0 0 0 0 0 0 0 0 0 0 0
0 1999 1733 0 0 0 0 0 0 0 0 0 0 0 0 0 1 0
0 2075.2 1733 0 0 0 0 0 0 0 0 0 0 0 0 0 1 0
0 2113.3 1733 0 0 0 0 0 0 0 0 0 0 0 0 0 1 0
0 2176.8 1733 0 0 0 0 0 0 0 0 0 0 0 0 0 1 0
0 2236.5 1733 0 0 0 0 0 0 0 0 0 0 0 0 0 1 0
0 2176.8 1783.8 0 0 0 0 0 0 0 0 0 0 0 0 0 1 0
0 2126 1783.8 0 0 0 0 0 0 0 0 0 0 0 0 0 1 0
0 2100.6 1783.8 0 0 0 0 0 0 0 0 0 0 0 0 0 1 0
0 2100.6 1809.2 0 0 0 0 0 0 0 0 0 0 0 0 0 1 0
0 2126 1809.2 0 0 0 0 0 0 0 0 0 0 0 0 0 1 0
0 2100.6 1834.6 0 0 0 0 0 0 0 0 0 0 0 0 0 1 0
0 2126 1834.6 0 0 0 0 0 0 0 0 0 0 0 0 0 1 0
0 2151.4 1834.6 0 0 0 0 0 0 0 0 0 0 0 0 0 1 0
0 2236.5 1847.3 0 0 0 0 1 0 0 0 0 0 0 0 0 0 0
0 1999 1847.3 0 0 0 0 0 0 0 0 0 1 0 0 0 0 0
0 1884.7 1847.3 0 0 0 0 0 0 0 0 0 1 0 0 0 0 0
0 2100.6 1860 0 0 0 0 0 0 0 0 0 0 0 0 0 1 0
0 2126 1860 0 0 0 0 0 0 0 0 0 0 0 0 0 1 0
0 2100.6 1885.4 0 0 0 0 1 0 0 0 0 0 0 0 0 0 0
0 2126 1885.4 0 0 0 0 1 0 0 0 0 0 0 0 0 0 0
0 2176.8 1885.4 0 0 0 0 1 0 0 0 0 0 0 0 0 0 0
0 2151.4 1910.8 0 0 0 0 1 0 0 0 0 0 0 0 0 0 0
0 2126 1910.8 0 0 0 0 1 0 0 0 0 0 0 0 0 0 0
0 2100.6 1910.8 0 0 0 0 1 0 0 0 0 0 0 0 0 0 0
0 2100.6 1936.2 0 0 0 0 1 0 0 0 0 0 0 0 0 0 0
0 2126 1936.2 0 0 0 0 1 0 0 0 0 0 0 0 0 0 0
0 2176.8 1936.2 0 0 0 0 1 0 0 0 0 0 0 0 0 0 0
0 2227.6 1936.2 0 0 0 0 1 0 0 0 0 0 0 0 0 0 0
0 2126 1961.6 0 0 0 0 1 0 0 0 0 0 0 0 0 0 0
0 2100.6 1961.6 0 0 0 0 1 0 0 0 0 0 0 0 0 0 0
0 1795.8 1987 0 0 0 0 0 0 0 0 0 1 0 0 0 0 0
0 1821.2 1987 0 0 0 0 0 0 0 0 0 1 0 0 0 0 0
0 1846.6 1987 0 0 0 0 0 0 0 0 0 1 0 0 0 0 0
0 1872 1987 0 0 0 0 0 0 0 0 0 1 0 0 0 0 0
0 1897.4 1987 0 0 0 0 0 0 0 0 0 1 0 0 0 0 0
0 1948.2 1987 0 0 0 0 0 0 0 0 0 1 0 0 0 0 0
0 2056.2 1987 0 0 0 0 1 0 0 0 0 0 0 0 0 0 0
0 2100.6 1987 0 0 0 0 1 0 0 0 0 0 0 0 0 0 0
0 2126 1987 0 0 0 0 1 0 0 0 0 0 0 0 0 0 0
0 2253 1987 0 0 0 0 1 0 0 0 0 0 0 0 0 0 0
0 2303.8 1987 0 0 0 0 1 0 0 0 0 0 0 0 0 0 0
0 2380 1987 0 0 0 0 1 0 0 0 0 0 0 0 0 0 0
0 2405.4 1987 0 0 0 0 1 0 0 0 0 0 0 0 0 0 0
0 2024.4 1402.8 0 0 0 0 0 0 0 0 0 0 0 1 0 0 0
0 2151.4 1402.8 0 0 0 0 0 0 0 0 0 0 0 1 0 0 0
0 2075.2 1707.6 0 0 0 0 0 0 0 0 0 0 0 0 0 1 0
0 2176.8 1707.6 0 0 0 0 0 0 0 0 0 0 0 0 0 1 0
0 2350.8 1733 0 0 0 0 0 0 0 0 0 0 0 0 0 1 0
0 2350.8 1847.3 0 0 0 0 1 0 0 0 0 0 0 0 0 0 0
0 3652.1 1010.3 0 1 0 0 0 0 0 0 0 0 0 0 0 0 0
0 3725.7 1010.3 0 1 0 0 0 0 0 0 0 0 0 0 0 0 0
0 3725.7 1086.5 0 1 0 0 0 0 0 0 0 0 0 0 0 0 0
0 3652.1 1086.5 0 1 0 0 0 0 0 0 0 0 0 0 0 0 0
0 3726.2 1148.8 0 1 0 0 0 0 0 0 0 0 0 0 0 0 0
0 3802.4 1148.8 0 1 0 0 0 0 0 0 0 0 0 0 0 0 0
0 3853.2 1148.8 0 1 0 0 0 0 0 0 0 0 0 0 0 0 0
0 3802.4 1174.2 0 1 0 0 0 0 0 0 0 0 0 0 0 0 0
0 3700.8 1174.2 0 1 0 0 0 0 0 0 0 0 0 0 0 0 0
0 3605.6 1199.6 0 1 0 0 0 0 0 0 0 0 0 0 0 0 0
0 3700.8 1199.6 0 1 0 0 0 0 0 0 0 0 0 0 0 0 0
0 3802.4 1199.6 0 1 0 0 0 0 0 0 0 0 0 0 0 0 0
0 3853.2 1199.6 0 1 0 0 0 0 0 0 0 0 0 0 0 0 0
0 4028.3 1310.3 0 0 0 0 0 0 1 0 0 0 0 0 0 0 0
0 3952.1 1310.3 0 0 0 0 0 0 1 0 0 0 0 0 0 0 0
0 3728.3 1310.3 0 1 0 0 0 0 0 0 0 0 0 0 0 0 0
0 3652.1 1310.3 0 1 0 0 0 0 0 0 0 0 0 0 0 0 0
0 3652.1 1386.5 0 1 0 0 0 0 0 0 0 0 0 0 0 0 0
0 3728.3 1386.5 0 1 0 0 0 0 0 0 0 0 0 0 0 0 0
0 3952.1 1386.5 0 0 0 0 0 0 1 0 0 0 0 0 0 0 0
0 4028.3 1386.5 0 0 0 0 0 0 1 0 0 0 0 0 0 0 0
0 3853.2 1123.4 0 1 0 0 0 0 0 0 0 0 0 0 0 0 0
0 3952.1 1086.5 0 0 0 0 0 0 1 0 0 0 0 0 0 0 0
0 4028.3 1086.5 0 0 0 0 0 0 1 0 0 0 0 0 0 0 0
0 4028.3 1010.3 0 0 0 0 0 0 1 0 0 0 0 0 0 0 0
0 3952.1 1010.3 0 0 0 0 0 0 1 0 0 0 0 0 0 0 0
