1 131 2100.6 1809.2 15
1 130 2100.6 1783.8 15
1 132 2126 1809.2 15
1 129 2126 1783.8 15
1 133 2100.6 1834.6 15
1 134 2126 1834.6 15
1 135 2151.4 1834.6 15
1 139 2100.6 1860 15
1 140 2126 1860 15
1 111 1821.2 1555.2 2
1 112 1795.8 1555.2 2
1 110 1872 1555.2 2
1 105 1821.2 1529.8 2
1 113 1770.4 1555.2 2
1 116 1821.2 1656.8 2
1 106 1846.6 1529.8 2
1 184 3853.2 1199.6 12
1 194 3952.1 1086.5 12
1 178 3853.2 1148.8 12
1 193 3853.2 1123.4 12
1 2 627.4 996.4 4
1 5 627.4 1047.2 4
1 1 551.2 996.4 4
1 72 1338.6 1402.8 1
1 69 1357.7 1390.1 1
1 66 1338.6 1377.4 1
1 83 1338.6 1428.2 1
1 71 1313.2 1402.8 1
1 67 1313.2 1377.4 1
1 59 1338.6 1352 1
1 58 1313.2 1352 1
1 86 1338.6 1453.6 1
1 73 1414.8 1402.8 1
1 54 1338.6 1326.6 1
1 65 1414.8 1377.4 1
1 182 3700.8 1199.6 3
1 180 3700.8 1174.2 3
1 176 3726.2 1148.8 3
1 183 3802.4 1199.6 12
1 179 3802.4 1174.2 12
1 177 3802.4 1148.8 12
1 167 2151.4 1402.8 14
1 149 2176.8 1936.2 5
1 150 2227.6 1936.2 5
1 144 2151.4 1910.8 5
1 148 2126 1936.2 5
1 151 2126 1961.6 5
1 143 2176.8 1885.4 5
1 161 2126 1987 5
1 0 0 0 6
1 21 1516.4 1098 13
1 23 1567.2 1123.4 13
1 26 1541.8 1174.2 13
1 20 1592.6 1098 13
1 24 1592.6 1148.8 13
1 77 1618 1402.8 11
1 76 1592.6 1402.8 11
1 63 1618 1377.4 11
1 75 1567.2 1402.8 11
1 79 1668.8 1428.2 11
1 92 1618 1479 11
1 93 1592.6 1479 11
1 90 1668.8 1453.6 11
1 9 957.6 1352 8
1 10 983 1352 8
1 8 932.2 1352 8
1 155 1846.6 1987 7
1 154 1821.2 1987 7
1 35 1465.6 1250.4 10
1 36 1440.2 1250.4 10
1 45 1491 1301.2 10
1 32 1491 1225 10
1 52 1465.6 1326.6 10
1 31 1440.2 1225 10
1 14 1287.8 1098 9
1 13 1313.2 1123.4 9
1 39 1160.8 1123.4 9
2 125 2113.3 1733 12
2 128 2176.8 1783.8 12
2 124 2075.2 1733 12
2 141 2100.6 1885.4 4
2 142 2126 1885.4 4
2 126 2176.8 1733 12
2 168 2075.2 1707.6 12
2 146 2100.6 1910.8 4
2 115 1795.8 1656.8 1
2 117 1872 1656.8 1
2 114 1770.4 1656.8 1
2 109 1897.4 1555.2 1
2 118 1897.4 1656.8 1
2 104 1745 1529.8 1
2 120 1808.5 1694.9 1
2 186 3952.1 1310.3 2
2 195 4028.3 1086.5 15
2 185 4028.3 1310.3 2
2 197 3952.1 1010.3 15
2 6 551.2 1047.2 9
2 3 703.6 996.4 9
2 82 1414.8 1428.2 8
2 55 1313.2 1326.6 14
2 98 1338.6 1479 14
2 60 1414.8 1352 8
2 84 1262.4 1428.2 14
2 87 1414.8 1453.6 8
2 43 1338.6 1301.2 14
2 81 1440.2 1428.2 8
2 70 1237 1402.8 14
2 97 1414.8 1479 8
2 68 1237 1377.4 14
2 174 3725.7 1086.5 6
2 181 3605.6 1199.6 6
2 175 3652.1 1086.5 6
2 187 3728.3 1310.3 6
2 188 3652.1 1310.3 6
2 166 2024.4 1402.8 11
2 162 2253 1987 4
2 147 2100.6 1936.2 4
2 152 2100.6 1961.6 4
2 160 2100.6 1987 4
2 136 2236.5 1847.3 4
2 163 2303.8 1987 4
2 25 1567.2 1174.2 7
2 22 1465.6 1098 7
2 27 1491 1174.2 7
2 28 1440.2 1174.2 7
2 80 1541.8 1428.2 13
2 94 1567.2 1479 13
2 78 1694.2 1428.2 13
2 49 1618 1326.6 13
2 101 1618 1504.4 13
2 91 1694.2 1453.6 13
2 100 1592.6 1504.4 13
2 11 1008.4 1352 3
2 12 1033.8 1352 3
2 156 1872 1987 10
2 153 1795.8 1987 10
2 44 1414.8 1301.2 8
2 33 1516.4 1225 7
2 30 1414.8 1225 7
2 29 1465.6 1199.6 7
2 51 1516.4 1326.6 8
2 15 1287.8 996.4 5
2 16 1313.2 996.4 5
3 145 2126 1910.8 1
3 137 1999 1847.3 1
3 169 2176.8 1707.6 14
3 123 1999 1733 7
3 127 2236.5 1733 14
3 138 1884.7 1847.3 1
3 122 1884.7 1733 7
3 170 2350.8 1733 14
3 108 1922.8 1555.2 7
3 119 1922.8 1656.8 7
3 121 1757.7 1694.9 12
3 107 1948.2 1529.8 7
3 103 1694.2 1529.8 12
3 102 1668.8 1529.8 12
3 196 4028.3 1010.3 10
3 191 3952.1 1386.5 15
3 192 4028.3 1386.5 15
3 4 703.6 1047.2 8
3 42 1287.8 1301.2 4
3 99 1262.4 1479 4
3 57 1237 1352 4
3 74 1465.6 1402.8 6
3 85 1237 1453.6 4
3 96 1440.2 1479 6
3 41 1262.4 1301.2 4
3 56 1237 1326.6 4
3 88 1465.6 1453.6 6
3 89 1491 1453.6 6
3 173 3725.7 1010.3 9
3 172 3652.1 1010.3 9
3 190 3728.3 1386.5 2
3 189 3652.1 1386.5 2
3 159 2056.2 1987 1
3 171 2350.8 1847.3 3
3 164 2380 1987 3
3 165 2405.4 1987 3
3 158 1948.2 1987 1
3 18 1516.4 996.4 11
3 19 1592.6 996.4 11
3 17 1465.6 996.4 11
3 34 1592.6 1250.4 5
3 50 1567.2 1326.6 5
3 62 1694.2 1352 5
3 64 1516.4 1377.4 6
3 48 1668.8 1326.6 5
3 95 1516.4 1479 6
3 47 1643.4 1301.2 5
3 7 881.4 1352 13
3 157 1897.4 1987 1
3 38 1541.8 1275.8 5
3 53 1414.8 1326.6 6
3 61 1465.6 1352 6
3 46 1541.8 1301.2 5
3 37 1389.4 1250.4 4
3 40 1160.8 1225 4
