45 1491 1301.2 0 0 0 0 0 0 0 0 0 0 0 0 1 0 0
35 1465.6 1250.4 0 0 0 0 0 0 0 0 0 0 0 0 1 0 0
52 1465.6 1326.6 0 0 0 0 0 0 0 0 0 0 0 0 1 0 0
36 1440.2 1250.4 0 0 0 0 0 0 0 0 0 0 0 0 1 0 0
32 1491 1225 0 0 0 0 0 0 0 0 0 0 0 0 1 0 0
51 1516.4 1326.6 0 0 0 0 0 0 0 0 0 0 0 0 1 0 0
38 1541.8 1275.8 0 0 0 0 0 0 0 0 0 0 0 0 1 0 0
46 1541.8 1301.2 0 0 0 0 0 0 0 0 0 0 0 0 1 0 0
184 3853.2 1199.6 0 1 0 0 0 0 0 0 0 0 0 0 0 0 0
194 3952.1 1086.5 0 1 0 0 0 0 0 0 0 0 0 0 0 0 0
178 3853.2 1148.8 0 1 0 0 0 0 0 0 0 0 0 0 0 0 0
193 3853.2 1123.4 0 1 0 0 0 0 0 0 0 0 0 0 0 0 0
149 2176.8 1936.2 0 0 0 0 0 0 0 0 0 0 0 1 0 0 0
144 2151.4 1910.8 0 0 0 0 0 0 0 0 0 0 0 1 0 0 0
150 2227.6 1936.2 0 0 0 0 0 0 0 0 0 0 0 1 0 0 0
143 2176.8 1885.4 0 0 0 0 0 0 0 0 0 0 0 1 0 0 0
148 2126 1936.2 0 0 0 0 0 0 0 0 0 0 0 1 0 0 0
145 2126 1910.8 0 0 0 0 0 0 0 0 0 0 0 1 0 0 0
151 2126 1961.6 0 0 0 0 0 0 0 0 0 0 0 1 0 0 0
142 2126 1885.4 0 0 0 0 0 0 0 0 0 0 0 1 0 0 0
2 627.4 996.4 0 0 0 1 0 0 0 0 0 0 0 0 0 0 0
5 627.4 1047.2 0 0 0 1 0 0 0 0 0 0 0 0 0 0 0
1 551.2 996.4 0 0 0 1 0 0 0 0 0 0 0 0 0 0 0
116 1821.2 1656.8 0 0 0 0 1 0 0 0 0 0 0 0 0 0 0
111 1821.2 1555.2 0 0 0 0 1 0 0 0 0 0 0 0 0 0 0
117 1872 1656.8 0 0 0 0 1 0 0 0 0 0 0 0 0 0 0
110 1872 1555.2 0 0 0 0 1 0 0 0 0 0 0 0 0 0 0
115 1795.8 1656.8 0 0 0 0 1 0 0 0 0 0 0 0 0 0 0
112 1795.8 1555.2 0 0 0 0 1 0 0 0 0 0 0 0 0 0 0
118 1897.4 1656.8 0 0 0 0 1 0 0 0 0 0 0 0 0 0 0
0 0 0 0 0 0 0 0 0 1 0 0 0 0 0 0 0 0
129 2126 1783.8 0 0 1 0 0 0 0 0 0 0 0 0 0 0 0
132 2126 1809.2 0 0 1 0 0 0 0 0 0 0 0 0 0 0 0
130 2100.6 1783.8 0 0 1 0 0 0 0 0 0 0 0 0 0 0 0
131 2100.6 1809.2 0 0 1 0 0 0 0 0 0 0 0 0 0 0 0
128 2176.8 1783.8 0 0 1 0 0 0 0 0 0 0 0 0 0 0 0
125 2113.3 1733 0 0 1 0 0 0 0 0 0 0 0 0 0 0 0
134 2126 1834.6 0 0 1 0 0 0 0 0 0 0 0 0 0 0 0
72 1338.6 1402.8 0 0 0 0 0 0 0 1 0 0 0 0 0 0 0
66 1338.6 1377.4 0 0 0 0 0 0 0 1 0 0 0 0 0 0 0
69 1357.7 1390.1 0 0 0 0 0 0 0 1 0 0 0 0 0 0 0
71 1313.2 1402.8 0 0 0 0 0 0 0 1 0 0 0 0 0 0 0
67 1313.2 1377.4 0 0 0 0 0 0 0 1 0 0 0 0 0 0 0
83 1338.6 1428.2 0 0 0 0 0 0 0 1 0 0 0 0 0 0 0
59 1338.6 1352 0 0 0 0 0 0 0 1 0 0 0 0 0 0 0
58 1313.2 1352 0 0 0 0 0 0 0 1 0 0 0 0 0 0 0
86 1338.6 1453.6 0 0 0 0 0 0 0 1 0 0 0 0 0 0 0
54 1338.6 1326.6 0 0 0 0 0 0 0 1 0 0 0 0 0 0 0
55 1313.2 1326.6 0 0 0 0 0 0 0 1 0 0 0 0 0 0 0
14 1287.8 1098 0 0 0 0 0 0 0 0 0 0 1 0 0 0 0
13 1313.2 1123.4 0 0 0 0 0 0 0 0 0 0 1 0 0 0 0
39 1160.8 1123.4 0 0 0 0 0 0 0 0 0 0 1 0 0 0 0
77 1618 1402.8 1 0 0 0 0 0 0 0 0 0 0 0 0 0 0
76 1592.6 1402.8 1 0 0 0 0 0 0 0 0 0 0 0 0 0 0
92 1618 1479 1 0 0 0 0 0 0 0 0 0 0 0 0 0 0
79 1668.8 1428.2 1 0 0 0 0 0 0 0 0 0 0 0 0 0 0
90 1668.8 1453.6 1 0 0 0 0 0 0 0 0 0 0 0 0 0 0
93 1592.6 1479 1 0 0 0 0 0 0 0 0 0 0 0 0 0 0
63 1618 1377.4 1 0 0 0 0 0 0 0 0 0 0 0 0 0 0
75 1567.2 1402.8 1 0 0 0 0 0 0 0 0 0 0 0 0 0 0
167 2151.4 1402.8 0 0 0 0 0 0 0 0 0 1 0 0 0 0 0
156 1872 1987 0 0 0 0 0 0 0 0 0 0 0 0 0 0 1
155 1846.6 1987 0 0 0 0 0 0 0 0 0 0 0 0 0 0 1
157 1897.4 1987 0 0 0 0 0 0 0 0 0 0 0 0 0 0 1
21 1516.4 1098 0 0 0 0 0 0 0 0 1 0 0 0 0 0 0
23 1567.2 1123.4 0 0 0 0 0 0 0 0 1 0 0 0 0 0 0
20 1592.6 1098 0 0 0 0 0 0 0 0 1 0 0 0 0 0 0
22 1465.6 1098 0 0 0 0 0 0 0 0 1 0 0 0 0 0 0
182 3700.8 1199.6 0 0 0 0 0 0 0 0 0 0 0 0 0 1 0
180 3700.8 1174.2 0 0 0 0 0 0 0 0 0 0 0 0 0 1 0
176 3726.2 1148.8 0 0 0 0 0 0 0 0 0 0 0 0 0 1 0
183 3802.4 1199.6 0 1 0 0 0 0 0 0 0 0 0 0 0 0 0
179 3802.4 1174.2 0 1 0 0 0 0 0 0 0 0 0 0 0 0 0
177 3802.4 1148.8 0 1 0 0 0 0 0 0 0 0 0 0 0 0 0
9 957.6 1352 0 0 0 0 0 1 0 0 0 0 0 0 0 0 0
10 983 1352 0 0 0 0 0 1 0 0 0 0 0 0 0 0 0
8 932.2 1352 0 0 0 0 0 1 0 0 0 0 0 0 0 0 0
33 1516.4 1225 0 0 0 0 0 0 1 0 0 0 0 0 0 0 0
44 1414.8 1301.2 0 0 1 0 0 0 0 0 0 0 0 0 0 0 0
31 1440.2 1225 0 0 0 0 0 0 1 0 0 0 0 0 0 0 0
61 1465.6 1352 0 0 1 0 0 0 0 0 0 0 0 0 0 0 0
53 1414.8 1326.6 0 0 1 0 0 0 0 0 0 0 0 0 0 0 0
29 1465.6 1199.6 0 0 0 0 0 0 1 0 0 0 0 0 0 0 0
30 1414.8 1225 0 0 0 0 0 0 1 0 0 0 0 0 0 0 0
186 3952.1 1310.3 0 0 0 0 0 1 0 0 0 0 0 0 0 0 0
195 4028.3 1086.5 0 0 0 0 0 0 0 0 1 0 0 0 0 0 0
185 4028.3 1310.3 0 0 0 0 0 1 0 0 0 0 0 0 0 0 0
197 3952.1 1010.3 0 0 0 0 0 0 0 0 1 0 0 0 0 0 0
161 2126 1987 0 0 0 0 0 0 0 0 0 0 1 0 0 0 0
147 2100.6 1936.2 0 0 0 0 0 0 0 0 0 0 1 0 0 0 0
162 2253 1987 0 0 0 0 0 0 0 0 0 0 1 0 0 0 0
146 2100.6 1910.8 0 0 0 0 0 0 0 0 0 0 1 0 0 0 0
152 2100.6 1961.6 0 0 0 0 0 0 0 0 0 0 1 0 0 0 0
141 2100.6 1885.4 0 0 0 1 0 0 0 0 0 0 0 0 0 0 0
160 2100.6 1987 0 0 0 0 0 0 0 0 0 0 1 0 0 0 0
6 551.2 1047.2 0 0 0 0 0 0 0 0 0 0 0 1 0 0 0
3 703.6 996.4 0 0 0 0 0 0 0 0 0 0 0 1 0 0 0
109 1897.4 1555.2 0 0 0 0 1 0 0 0 0 0 0 0 0 0 0
106 1846.6 1529.8 0 0 0 0 1 0 0 0 0 0 0 0 0 0 0
105 1821.2 1529.8 0 0 0 0 1 0 0 0 0 0 0 0 0 0 0
114 1770.4 1656.8 0 0 0 0 1 0 0 0 0 0 0 0 0 0 0
113 1770.4 1555.2 0 0 0 0 1 0 0 0 0 0 0 0 0 0 0
120 1808.5 1694.9 0 0 0 0 1 0 0 0 0 0 0 0 0 0 0
135 2151.4 1834.6 0 0 0 1 0 0 0 0 0 0 0 0 0 0 0
133 2100.6 1834.6 0 0 0 1 0 0 0 0 0 0 0 0 0 0 0
126 2176.8 1733 0 0 0 1 0 0 0 0 0 0 0 0 0 0 0
124 2075.2 1733 0 0 0 1 0 0 0 0 0 0 0 0 0 0 0
140 2126 1860 0 0 0 1 0 0 0 0 0 0 0 0 0 0 0
139 2100.6 1860 0 0 0 1 0 0 0 0 0 0 0 0 0 0 0
73 1414.8 1402.8 0 0 1 0 0 0 0 0 0 0 0 0 0 0 0
84 1262.4 1428.2 0 0 0 0 0 0 0 0 0 0 0 0 0 1 0
65 1414.8 1377.4 0 0 1 0 0 0 0 0 0 0 0 0 0 0 0
98 1338.6 1479 0 0 0 0 0 0 0 0 0 0 0 0 0 1 0
82 1414.8 1428.2 0 0 1 0 0 0 0 0 0 0 0 0 0 0 0
60 1414.8 1352 0 0 1 0 0 0 0 0 0 0 0 0 0 0 0
43 1338.6 1301.2 0 0 1 0 0 0 0 0 0 0 0 0 0 0 0
87 1414.8 1453.6 0 0 1 0 0 0 0 0 0 0 0 0 0 0 0
70 1237 1402.8 0 0 0 0 0 0 0 0 0 0 0 0 0 1 0
68 1237 1377.4 0 0 0 0 0 0 0 0 0 0 0 0 0 1 0
15 1287.8 996.4 0 0 0 0 0 0 0 0 0 0 0 0 0 0 1
16 1313.2 996.4 0 0 0 0 0 0 0 0 0 0 0 0 0 0 1
94 1567.2 1479 1 0 0 0 0 0 0 0 0 0 0 0 0 0 0
101 1618 1504.4 1 0 0 0 0 0 0 0 0 0 0 0 0 0 0
78 1694.2 1428.2 1 0 0 0 0 0 0 0 0 0 0 0 0 0 0
100 1592.6 1504.4 1 0 0 0 0 0 0 0 0 0 0 0 0 0 0
91 1694.2 1453.6 1 0 0 0 0 0 0 0 0 0 0 0 0 0 0
80 1541.8 1428.2 1 0 0 0 0 0 0 0 0 0 0 0 0 0 0
49 1618 1326.6 1 0 0 0 0 0 0 0 0 0 0 0 0 0 0
166 2024.4 1402.8 0 0 0 0 0 0 0 0 0 0 0 0 1 0 0
154 1821.2 1987 0 0 0 0 0 0 0 0 0 1 0 0 0 0 0
153 1795.8 1987 0 0 0 0 0 0 0 0 0 1 0 0 0 0 0
24 1592.6 1148.8 0 0 0 0 0 0 1 0 0 0 0 0 0 0 0
26 1541.8 1174.2 0 0 0 0 0 0 1 0 0 0 0 0 0 0 0
25 1567.2 1174.2 0 0 0 0 0 0 1 0 0 0 0 0 0 0 0
27 1491 1174.2 0 0 0 0 0 0 1 0 0 0 0 0 0 0 0
174 3725.7 1086.5 0 1 0 0 0 0 0 0 0 0 0 0 0 0 0
181 3605.6 1199.6 0 1 0 0 0 0 0 0 0 0 0 0 0 0 0
175 3652.1 1086.5 0 1 0 0 0 0 0 0 0 0 0 0 0 0 0
187 3728.3 1310.3 0 1 0 0 0 0 0 0 0 0 0 0 0 0 0
188 3652.1 1310.3 0 1 0 0 0 0 0 0 0 0 0 0 0 0 0
11 1008.4 1352 0 0 0 0 0 0 0 1 0 0 0 0 0 0 0
12 1033.8 1352 0 0 0 0 0 0 0 1 0 0 0 0 0 0 0
37 1389.4 1250.4 0 0 1 0 0 0 0 0 0 0 0 0 0 0 0
50 1567.2 1326.6 0 0 0 0 0 0 0 1 0 0 0 0 0 0 0
64 1516.4 1377.4 0 0 0 0 1 0 0 0 0 0 0 0 0 0 0
28 1440.2 1174.2 0 0 0 0 0 0 0 0 1 0 0 0 0 0 0
34 1592.6 1250.4 0 0 0 0 0 0 0 1 0 0 0 0 0 0 0
74 1465.6 1402.8 0 0 0 0 1 0 0 0 0 0 0 0 0 0 0
196 4028.3 1010.3 0 0 0 0 0 1 0 0 0 0 0 0 0 0 0
191 3952.1 1386.5 1 0 0 0 0 0 0 0 0 0 0 0 0 0 0
192 4028.3 1386.5 1 0 0 0 0 0 0 0 0 0 0 0 0 0 0
136 2236.5 1847.3 0 0 0 0 0 0 0 0 0 0 0 1 0 0 0
163 2303.8 1987 0 1 0 0 0 0 0 0 0 0 0 0 0 0 0
159 2056.2 1987 0 0 0 0 0 0 0 0 0 0 1 0 0 0 0
171 2350.8 1847.3 0 1 0 0 0 0 0 0 0 0 0 0 0 0 0
164 2380 1987 0 1 0 0 0 0 0 0 0 0 0 0 0 0 0
165 2405.4 1987 0 1 0 0 0 0 0 0 0 0 0 0 0 0 0
4 703.6 1047.2 0 0 0 0 0 0 0 0 0 1 0 0 0 0 0
119 1922.8 1656.8 0 0 0 1 0 0 0 0 0 0 0 0 0 0 0
108 1922.8 1555.2 0 0 0 1 0 0 0 0 0 0 0 0 0 0 0
121 1757.7 1694.9 0 0 0 0 0 0 0 0 0 0 0 0 0 1 0
104 1745 1529.8 0 0 0 0 0 0 0 0 0 0 0 0 0 1 0
107 1948.2 1529.8 0 0 0 1 0 0 0 0 0 0 0 0 0 0 0
122 1884.7 1733 0 0 0 1 0 0 0 0 0 0 0 0 0 0 0
169 2176.8 1707.6 0 0 0 0 0 0 0 0 0 0 0 1 0 0 0
168 2075.2 1707.6 0 0 0 1 0 0 0 0 0 0 0 0 0 0 0
127 2236.5 1733 0 0 0 0 0 0 0 0 0 0 0 1 0 0 0
123 1999 1733 0 0 0 1 0 0 0 0 0 0 0 0 0 0 0
137 1999 1847.3 0 0 0 0 0 0 0 0 0 0 1 0 0 0 0
170 2350.8 1733 0 0 0 0 0 0 0 0 0 0 0 1 0 0 0
42 1287.8 1301.2 0 0 1 0 0 0 0 0 0 0 0 0 0 0 0
57 1237 1352 0 0 1 0 0 0 0 0 0 0 0 0 0 0 0
81 1440.2 1428.2 0 0 0 0 1 0 0 0 0 0 0 0 0 0 0
99 1262.4 1479 0 0 1 0 0 0 0 0 0 0 0 0 0 0 0
85 1237 1453.6 0 0 1 0 0 0 0 0 0 0 0 0 0 0 0
97 1414.8 1479 0 0 0 0 1 0 0 0 0 0 0 0 0 0 0
41 1262.4 1301.2 0 0 1 0 0 0 0 0 0 0 0 0 0 0 0
56 1237 1326.6 0 0 1 0 0 0 0 0 0 0 0 0 0 0 0
96 1440.2 1479 0 0 0 0 1 0 0 0 0 0 0 0 0 0 0
88 1465.6 1453.6 0 0 0 0 1 0 0 0 0 0 0 0 0 0 0
40 1160.8 1225 0 0 1 0 0 0 0 0 0 0 0 0 0 0 0
102 1668.8 1529.8 0 0 0 0 0 0 0 0 0 0 0 0 0 1 0
62 1694.2 1352 0 0 0 0 0 0 0 1 0 0 0 0 0 0 0
95 1516.4 1479 0 0 0 0 1 0 0 0 0 0 0 0 0 0 0
48 1668.8 1326.6 0 0 0 0 0 0 0 1 0 0 0 0 0 0 0
103 1694.2 1529.8 0 0 0 0 0 0 0 0 0 0 0 0 0 1 0
89 1491 1453.6 0 0 0 0 1 0 0 0 0 0 0 0 0 0 0
47 1643.4 1301.2 0 0 0 0 0 0 0 1 0 0 0 0 0 0 0
158 1948.2 1987 0 0 0 0 0 0 0 0 0 0 1 0 0 0 0
138 1884.7 1847.3 0 0 0 0 0 0 0 0 0 0 1 0 0 0 0
18 1516.4 996.4 0 0 0 0 0 0 0 0 1 0 0 0 0 0 0
19 1592.6 996.4 0 0 0 0 0 0 0 0 1 0 0 0 0 0 0
17 1465.6 996.4 0 0 0 0 0 0 0 0 1 0 0 0 0 0 0
173 3725.7 1010.3 0 0 0 0 0 0 1 0 0 0 0 0 0 0 0
172 3652.1 1010.3 0 0 0 0 0 0 1 0 0 0 0 0 0 0 0
190 3728.3 1386.5 0 0 0 0 0 0 0 0 0 0 0 0 0 0 1
189 3652.1 1386.5 0 0 0 0 0 0 0 0 0 0 0 0 0 0 1
7 881.4 1352 0 0 0 0 0 0 0 0 0 0 0 0 1 0 0
