1 2 627.4 996.4 6
1 7 881.4 1352 9
1 8 932.2 1352 9
1 16 1313.2 996.4 11
1 17 1465.6 996.4 11
1 22 1465.6 1098 11
1 23 1567.2 1123.4 3
1 31 1440.2 1225 3
1 32 1491 1225 3
1 33 1516.4 1225 3
1 35 1465.6 1250.4 3
1 40 1160.8 1225 10
1 41 1262.4 1301.2 10
1 42 1287.8 1301.2 10
1 49 1618 1326.6 7
1 55 1313.2 1326.6 10
1 60 1414.8 1352 5
1 61 1465.6 1352 5
1 63 1618 1377.4 7
1 67 1313.2 1377.4 10
1 70 1237 1402.8 10
1 71 1313.2 1402.8 10
1 72 1338.6 1402.8 5
1 73 1414.8 1402.8 5
1 75 1567.2 1402.8 7
1 78 1694.2 1428.2 7
1 81 1440.2 1428.2 5
1 82 1414.8 1428.2 5
1 85 1237 1453.6 10
1 86 1338.6 1453.6 5
1 90 1668.8 1453.6 7
1 91 1694.2 1453.6 7
1 93 1592.6 1479 7
1 97 1414.8 1479 5
1 98 1338.6 1479 5
1 100 1592.6 1504.4 7
1 105 1821.2 1529.8 4
1 108 1922.8 1555.2 4
1 109 1897.4 1555.2 4
1 116 1821.2 1656.8 4
1 121 1757.7 1694.9 4
1 122 1884.7 1733 4
1 124 2075.2 1733 15
1 126 2176.8 1733 15
1 128 2176.8 1783.8 15
1 130 2100.6 1783.8 15
1 133 2100.6 1834.6 15
1 134 2126 1834.6 15
1 141 2100.6 1885.4 1
1 144 2151.4 1910.8 1
1 146 2100.6 1910.8 1
1 147 2100.6 1936.2 1
1 151 2126 1961.6 1
1 152 2100.6 1961.6 1
1 157 1897.4 1987 14
1 170 2350.8 1733 13
1 174 3725.7 1086.5 2
1 175 3652.1 1086.5 2
1 178 3853.2 1148.8 2
1 182 3700.8 1199.6 2
1 186 3952.1 1310.3 8
1 188 3652.1 1310.3 12
1 189 3652.1 1386.5 12
1 190 3728.3 1386.5 12
1 191 3952.1 1386.5 8
2 0 0 0 7
2 1 551.2 996.4 5
2 3 703.6 996.4 5
2 5 627.4 1047.2 5
2 6 551.2 1047.2 5
2 9 957.6 1352 1
2 11 1008.4 1352 1
2 13 1313.2 1123.4 15
2 15 1287.8 996.4 15
2 18 1516.4 996.4 13
2 19 1592.6 996.4 13
2 27 1491 1174.2 9
2 28 1440.2 1174.2 9
2 29 1465.6 1199.6 9
2 36 1440.2 1250.4 9
2 37 1389.4 1250.4 9
2 38 1541.8 1275.8 9
2 39 1160.8 1123.4 15
2 45 1491 1301.2 9
2 51 1516.4 1326.6 9
2 52 1465.6 1326.6 9
2 58 1313.2 1352 10
2 59 1338.6 1352 10
2 66 1338.6 1377.4 10
2 68 1237 1377.4 10
2 80 1541.8 1428.2 3
2 89 1491 1453.6 3
2 94 1567.2 1479 3
2 95 1516.4 1479 3
2 96 1440.2 1479 3
2 101 1618 1504.4 3
2 103 1694.2 1529.8 3
2 110 1872 1555.2 6
2 112 1795.8 1555.2 6
2 115 1795.8 1656.8 6
2 118 1897.4 1656.8 6
2 120 1808.5 1694.9 6
2 123 1999 1733 6
2 129 2126 1783.8 8
2 131 2100.6 1809.2 8
2 136 2236.5 1847.3 8
2 140 2126 1860 8
2 148 2126 1936.2 8
2 150 2227.6 1936.2 8
2 155 1846.6 1987 4
2 158 1948.2 1987 4
2 161 2126 1987 8
2 164 2380 1987 8
2 166 2024.4 1402.8 14
2 167 2151.4 1402.8 14
2 169 2176.8 1707.6 8
2 171 2350.8 1847.3 8
2 177 3802.4 1148.8 11
2 179 3802.4 1174.2 11
2 180 3700.8 1174.2 11
2 181 3605.6 1199.6 11
2 183 3802.4 1199.6 11
2 184 3853.2 1199.6 11
2 185 4028.3 1310.3 12
2 187 3728.3 1310.3 11
2 192 4028.3 1386.5 12
2 193 3853.2 1123.4 11
2 194 3952.1 1086.5 2
2 195 4028.3 1086.5 2
2 196 4028.3 1010.3 2
2 197 3952.1 1010.3 2
3 4 703.6 1047.2 6
3 10 983 1352 10
3 12 1033.8 1352 10
3 14 1287.8 1098 15
3 20 1592.6 1098 11
3 21 1516.4 1098 11
3 24 1592.6 1148.8 11
3 25 1567.2 1174.2 11
3 26 1541.8 1174.2 11
3 30 1414.8 1225 2
3 34 1592.6 1250.4 5
3 43 1338.6 1301.2 2
3 44 1414.8 1301.2 2
3 46 1541.8 1301.2 5
3 47 1643.4 1301.2 5
3 48 1668.8 1326.6 5
3 50 1567.2 1326.6 5
3 53 1414.8 1326.6 2
3 54 1338.6 1326.6 2
3 56 1237 1326.6 14
3 57 1237 1352 14
3 62 1694.2 1352 5
3 64 1516.4 1377.4 8
3 65 1414.8 1377.4 8
3 69 1357.7 1390.1 14
3 74 1465.6 1402.8 8
3 76 1592.6 1402.8 5
3 77 1618 1402.8 5
3 79 1668.8 1428.2 9
3 83 1338.6 1428.2 14
3 84 1262.4 1428.2 14
3 87 1414.8 1453.6 8
3 88 1465.6 1453.6 8
3 92 1618 1479 9
3 99 1262.4 1479 14
3 102 1668.8 1529.8 9
3 104 1745 1529.8 9
3 106 1846.6 1529.8 4
3 107 1948.2 1529.8 4
3 111 1821.2 1555.2 4
3 113 1770.4 1555.2 4
3 114 1770.4 1656.8 4
3 117 1872 1656.8 4
3 119 1922.8 1656.8 4
3 125 2113.3 1733 1
3 127 2236.5 1733 1
3 132 2126 1809.2 1
3 135 2151.4 1834.6 1
3 137 1999 1847.3 7
3 138 1884.7 1847.3 12
3 139 2100.6 1860 7
3 142 2126 1885.4 7
3 143 2176.8 1885.4 7
3 145 2126 1910.8 7
3 149 2176.8 1936.2 7
3 153 1795.8 1987 12
3 154 1821.2 1987 12
3 156 1872 1987 12
3 159 2056.2 1987 7
3 160 2100.6 1987 7
3 162 2253 1987 13
3 163 2303.8 1987 13
3 165 2405.4 1987 13
3 168 2075.2 1707.6 1
3 172 3652.1 1010.3 3
3 173 3725.7 1010.3 3
3 176 3726.2 1148.8 3
