1 0 0 0 10
1 1 551.2 996.4 2
1 2 627.4 996.4 2
1 3 703.6 996.4 2
1 7 881.4 1352 6
1 12 1033.8 1352 6
1 15 1287.8 996.4 14
1 19 1592.6 996.4 8
1 20 1592.6 1098 8
1 22 1465.6 1098 8
1 23 1567.2 1123.4 8
1 28 1440.2 1174.2 4
1 30 1414.8 1225 4
1 32 1491 1225 4
1 37 1389.4 1250.4 4
1 38 1541.8 1275.8 4
1 40 1160.8 1225 9
1 41 1262.4 1301.2 9
1 44 1414.8 1301.2 4
1 45 1491 1301.2 4
1 50 1567.2 1326.6 4
1 51 1516.4 1326.6 4
1 52 1465.6 1326.6 4
1 56 1237 1326.6 9
1 57 1237 1352 9
1 58 1313.2 1352 9
1 61 1465.6 1352 4
1 63 1618 1377.4 11
1 68 1237 1377.4 9
1 69 1357.7 1390.1 5
1 70 1237 1402.8 9
1 76 1592.6 1402.8 11
1 78 1694.2 1428.2 11
1 80 1541.8 1428.2 11
1 82 1414.8 1428.2 5
1 83 1338.6 1428.2 5
1 84 1262.4 1428.2 9
1 85 1237 1453.6 9
1 88 1465.6 1453.6 5
1 89 1491 1453.6 5
1 91 1694.2 1453.6 11
1 92 1618 1479 11
1 94 1567.2 1479 11
1 97 1414.8 1479 5
1 98 1338.6 1479 5
1 99 1262.4 1479 9
1 104 1745 1529.8 7
1 106 1846.6 1529.8 7
1 112 1795.8 1555.2 7
1 115 1795.8 1656.8 7
1 116 1821.2 1656.8 7
1 125 2113.3 1733 15
1 128 2176.8 1783.8 15
1 136 2236.5 1847.3 15
1 142 2126 1885.4 3
1 145 2126 1910.8 3
1 152 2100.6 1961.6 3
1 157 1897.4 1987 12
1 158 1948.2 1987 12
1 160 2100.6 1987 3
1 161 2126 1987 3
1 162 2253 1987 13
1 163 2303.8 1987 13
1 172 3652.1 1010.3 1
1 174 3725.7 1086.5 1
1 178 3853.2 1148.8 1
1 179 3802.4 1174.2 1
2 6 551.2 1047.2 10
2 14 1287.8 1098 11
2 16 1313.2 996.4 11
2 17 1465.6 996.4 11
2 18 1516.4 996.4 11
2 21 1516.4 1098 9
2 24 1592.6 1148.8 9
2 25 1567.2 1174.2 9
2 26 1541.8 1174.2 9
2 29 1465.6 1199.6 9
2 31 1440.2 1225 9
2 33 1516.4 1225 9
2 34 1592.6 1250.4 5
2 36 1440.2 1250.4 9
2 42 1287.8 1301.2 1
2 43 1338.6 1301.2 1
2 46 1541.8 1301.2 5
2 47 1643.4 1301.2 5
2 49 1618 1326.6 5
2 53 1414.8 1326.6 1
2 54 1338.6 1326.6 1
2 55 1313.2 1326.6 1
2 59 1338.6 1352 1
2 67 1313.2 1377.4 1
2 71 1313.2 1402.8 1
2 72 1338.6 1402.8 1
2 75 1567.2 1402.8 2
2 81 1440.2 1428.2 1
2 87 1414.8 1453.6 1
2 95 1516.4 1479 2
2 100 1592.6 1504.4 2
2 101 1618 1504.4 2
2 102 1668.8 1529.8 2
2 107 1948.2 1529.8 13
2 108 1922.8 1555.2 13
2 109 1897.4 1555.2 13
2 111 1821.2 1555.2 6
2 118 1897.4 1656.8 6
2 119 1922.8 1656.8 6
2 121 1757.7 1694.9 6
2 124 2075.2 1733 8
2 126 2176.8 1733 8
2 127 2236.5 1733 8
2 129 2126 1783.8 8
2 133 2100.6 1834.6 4
2 134 2126 1834.6 4
2 135 2151.4 1834.6 4
2 139 2100.6 1860 4
2 140 2126 1860 4
2 141 2100.6 1885.4 4
2 149 2176.8 1936.2 4
2 150 2227.6 1936.2 4
2 151 2126 1961.6 4
2 153 1795.8 1987 12
2 165 2405.4 1987 14
2 166 2024.4 1402.8 13
2 171 2350.8 1847.3 14
2 176 3726.2 1148.8 7
2 180 3700.8 1174.2 7
2 181 3605.6 1199.6 7
2 183 3802.4 1199.6 7
2 186 3952.1 1310.3 15
2 190 3728.3 1386.5 15
2 193 3853.2 1123.4 3
2 197 3952.1 1010.3 3
3 4 703.6 1047.2 6
3 5 627.4 1047.2 6
3 8 932.2 1352 2
3 9 957.6 1352 2
3 10 983 1352 2
3 11 1008.4 1352 2
3 13 1313.2 1123.4 8
3 27 1491 1174.2 4
3 35 1465.6 1250.4 4
3 39 1160.8 1123.4 8
3 48 1668.8 1326.6 7
3 60 1414.8 1352 4
3 62 1694.2 1352 7
3 64 1516.4 1377.4 4
3 65 1414.8 1377.4 4
3 66 1338.6 1377.4 4
3 73 1414.8 1402.8 4
3 74 1465.6 1402.8 4
3 77 1618 1402.8 7
3 79 1668.8 1428.2 7
3 86 1338.6 1453.6 4
3 90 1668.8 1453.6 7
3 93 1592.6 1479 7
3 96 1440.2 1479 4
3 103 1694.2 1529.8 7
3 105 1821.2 1529.8 10
3 110 1872 1555.2 10
3 113 1770.4 1555.2 10
3 114 1770.4 1656.8 10
3 117 1872 1656.8 10
3 120 1808.5 1694.9 10
3 122 1884.7 1733 10
3 123 1999 1733 5
3 130 2100.6 1783.8 5
3 131 2100.6 1809.2 5
3 132 2126 1809.2 5
3 137 1999 1847.3 5
3 138 1884.7 1847.3 3
3 143 2176.8 1885.4 14
3 144 2151.4 1910.8 14
3 146 2100.6 1910.8 14
3 147 2100.6 1936.2 14
3 148 2126 1936.2 14
3 154 1821.2 1987 3
3 155 1846.6 1987 3
3 156 1872 1987 3
3 159 2056.2 1987 14
3 164 2380 1987 13
3 167 2151.4 1402.8 15
3 168 2075.2 1707.6 5
3 169 2176.8 1707.6 5
3 170 2350.8 1733 13
3 173 3725.7 1010.3 11
3 175 3652.1 1086.5 11
3 177 3802.4 1148.8 11
3 182 3700.8 1199.6 11
3 184 3853.2 1199.6 11
3 185 4028.3 1310.3 12
3 187 3728.3 1310.3 9
3 188 3652.1 1310.3 9
3 189 3652.1 1386.5 9
3 191 3952.1 1386.5 12
3 192 4028.3 1386.5 12
3 194 3952.1 1086.5 1
3 195 4028.3 1086.5 1
3 196 4028.3 1010.3 1
