1 1 551.2 996.4 4
1 10 983 1352 6
1 16 1313.2 996.4 8
1 17 1465.6 996.4 8
1 19 1592.6 996.4 8
1 20 1592.6 1098 10
1 24 1592.6 1148.8 10
1 25 1567.2 1174.2 10
1 31 1440.2 1225 10
1 33 1516.4 1225 10
1 40 1160.8 1225 6
1 41 1262.4 1301.2 11
1 42 1287.8 1301.2 11
1 43 1338.6 1301.2 11
1 48 1668.8 1326.6 1
1 51 1516.4 1326.6 1
1 57 1237 1352 11
1 73 1414.8 1402.8 11
1 74 1465.6 1402.8 1
1 76 1592.6 1402.8 1
1 77 1618 1402.8 1
1 78 1694.2 1428.2 1
1 81 1440.2 1428.2 11
1 83 1338.6 1428.2 11
1 84 1262.4 1428.2 11
1 93 1592.6 1479 1
1 100 1592.6 1504.4 1
1 107 1948.2 1529.8 7
1 111 1821.2 1555.2 7
1 114 1770.4 1656.8 7
1 118 1897.4 1656.8 7
1 119 1922.8 1656.8 7
1 120 1808.5 1694.9 7
1 124 2075.2 1733 15
1 133 2100.6 1834.6 15
1 137 1999 1847.3 15
1 141 2100.6 1885.4 15
1 148 2126 1936.2 3
1 150 2227.6 1936.2 3
1 151 2126 1961.6 3
1 152 2100.6 1961.6 3
1 153 1795.8 1987 13
1 154 1821.2 1987 13
1 155 1846.6 1987 13
1 157 1897.4 1987 13
1 158 1948.2 1987 13
1 160 2100.6 1987 3
1 162 2253 1987 3
1 166 2024.4 1402.8 5
1 167 2151.4 1402.8 5
1 170 2350.8 1733 12
1 173 3725.7 1010.3 9
1 174 3725.7 1086.5 9
1 177 3802.4 1148.8 9
1 178 3853.2 1148.8 9
1 179 3802.4 1174.2 9
1 181 3605.6 1199.6 2
1 184 3853.2 1199.6 9
1 186 3952.1 1310.3 14
1 187 3728.3 1310.3 2
1 191 3952.1 1386.5 14
1 193 3853.2 1123.4 9
1 194 3952.1 1086.5 9
1 197 3952.1 1010.3 9
2 0 0 0 3
2 5 627.4 1047.2 5
2 6 551.2 1047.2 5
2 8 932.2 1352 9
2 9 957.6 1352 9
2 13 1313.2 1123.4 8
2 23 1567.2 1123.4 8
2 26 1541.8 1174.2 8
2 28 1440.2 1174.2 8
2 34 1592.6 1250.4 8
2 36 1440.2 1250.4 8
2 38 1541.8 1275.8 8
2 56 1237 1326.6 6
2 62 1694.2 1352 10
2 68 1237 1377.4 6
2 69 1357.7 1390.1 6
2 72 1338.6 1402.8 6
2 75 1567.2 1402.8 10
2 79 1668.8 1428.2 10
2 82 1414.8 1428.2 6
2 85 1237 1453.6 6
2 87 1414.8 1453.6 6
2 88 1465.6 1453.6 6
2 90 1668.8 1453.6 10
2 94 1567.2 1479 10
2 97 1414.8 1479 6
2 99 1262.4 1479 6
2 102 1668.8 1529.8 10
2 106 1846.6 1529.8 1
2 110 1872 1555.2 1
2 112 1795.8 1555.2 1
2 115 1795.8 1656.8 1
2 116 1821.2 1656.8 1
2 125 2113.3 1733 14
2 128 2176.8 1783.8 14
2 130 2100.6 1783.8 14
2 131 2100.6 1809.2 14
2 132 2126 1809.2 14
2 134 2126 1834.6 14
2 135 2151.4 1834.6 14
2 138 1884.7 1847.3 13
2 140 2126 1860 14
2 144 2151.4 1910.8 7
2 146 2100.6 1910.8 7
2 149 2176.8 1936.2 7
2 156 1872 1987 13
2 159 2056.2 1987 7
2 161 2126 1987 7
2 163 2303.8 1987 4
2 164 2380 1987 4
2 165 2405.4 1987 4
2 168 2075.2 1707.6 14
2 169 2176.8 1707.6 14
2 171 2350.8 1847.3 4
2 172 3652.1 1010.3 2
2 175 3652.1 1086.5 2
2 176 3726.2 1148.8 2
2 180 3700.8 1174.2 2
2 182 3700.8 1199.6 2
2 183 3802.4 1199.6 2
2 185 4028.3 1310.3 11
2 188 3652.1 1310.3 15
2 189 3652.1 1386.5 15
2 190 3728.3 1386.5 15
2 192 4028.3 1386.5 11
2 195 4028.3 1086.5 12
2 196 4028.3 1010.3 12
3 2 627.4 996.4 3
3 3 703.6 996.4 3
3 4 703.6 1047.2 3
3 7 881.4 1352 2
3 11 1008.4 1352 2
3 12 1033.8 1352 2
3 14 1287.8 1098 11
3 15 1287.8 996.4 11
3 18 1516.4 996.4 14
3 21 1516.4 1098 14
3 22 1465.6 1098 14
3 27 1491 1174.2 4
3 29 1465.6 1199.6 4
3 30 1414.8 1225 4
3 32 1491 1225 4
3 35 1465.6 1250.4 4
3 37 1389.4 1250.4 4
3 39 1160.8 1123.4 11
3 44 1414.8 1301.2 10
3 45 1491 1301.2 10
3 46 1541.8 1301.2 12
3 47 1643.4 1301.2 12
3 49 1618 1326.6 12
3 50 1567.2 1326.6 12
3 52 1465.6 1326.6 10
3 53 1414.8 1326.6 10
3 54 1338.6 1326.6 9
3 55 1313.2 1326.6 9
3 58 1313.2 1352 9
3 59 1338.6 1352 9
3 60 1414.8 1352 10
3 61 1465.6 1352 10
3 63 1618 1377.4 12
3 64 1516.4 1377.4 7
3 65 1414.8 1377.4 10
3 66 1338.6 1377.4 9
3 67 1313.2 1377.4 9
3 70 1237 1402.8 9
3 71 1313.2 1402.8 9
3 80 1541.8 1428.2 7
3 86 1338.6 1453.6 9
3 89 1491 1453.6 7
3 91 1694.2 1453.6 8
3 92 1618 1479 8
3 95 1516.4 1479 7
3 96 1440.2 1479 7
3 98 1338.6 1479 9
3 101 1618 1504.4 8
3 103 1694.2 1529.8 8
3 104 1745 1529.8 8
3 105 1821.2 1529.8 6
3 108 1922.8 1555.2 6
3 109 1897.4 1555.2 6
3 113 1770.4 1555.2 6
3 117 1872 1656.8 15
3 121 1757.7 1694.9 15
3 122 1884.7 1733 15
3 123 1999 1733 13
3 126 2176.8 1733 5
3 127 2236.5 1733 5
3 129 2126 1783.8 5
3 136 2236.5 1847.3 5
3 139 2100.6 1860 1
3 142 2126 1885.4 1
3 143 2176.8 1885.4 1
3 145 2126 1910.8 1
3 147 2100.6 1936.2 1
