1 0 0 0 4
1 18 1516.4 996.4 1
1 19 1592.6 996.4 1
1 20 1592.6 1098 1
1 21 1516.4 1098 1
1 23 1567.2 1123.4 1
1 25 1567.2 1174.2 13
1 26 1541.8 1174.2 13
1 27 1491 1174.2 13
1 32 1491 1225 13
1 34 1592.6 1250.4 13
1 38 1541.8 1275.8 13
1 46 1541.8 1301.2 13
1 47 1643.4 1301.2 7
1 48 1668.8 1326.6 7
1 49 1618 1326.6 7
1 62 1694.2 1352 7
1 63 1618 1377.4 7
1 75 1567.2 1402.8 7
1 76 1592.6 1402.8 7
1 77 1618 1402.8 7
1 78 1694.2 1428.2 11
1 79 1668.8 1428.2 11
1 90 1668.8 1453.6 11
1 91 1694.2 1453.6 11
1 92 1618 1479 11
1 102 1668.8 1529.8 11
1 103 1694.2 1529.8 11
1 104 1745 1529.8 5
1 105 1821.2 1529.8 5
1 106 1846.6 1529.8 5
1 107 1948.2 1529.8 10
1 108 1922.8 1555.2 10
1 109 1897.4 1555.2 10
1 110 1872 1555.2 10
1 111 1821.2 1555.2 5
1 112 1795.8 1555.2 5
1 113 1770.4 1555.2 5
1 116 1821.2 1656.8 9
1 117 1872 1656.8 9
1 118 1897.4 1656.8 9
1 119 1922.8 1656.8 9
1 120 1808.5 1694.9 9
1 123 1999 1733 6
1 124 2075.2 1733 6
1 125 2113.3 1733 6
1 126 2176.8 1733 15
1 127 2236.5 1733 15
1 128 2176.8 1783.8 15
1 131 2100.6 1809.2 12
1 132 2126 1809.2 12
1 133 2100.6 1834.6 12
1 135 2151.4 1834.6 12
1 136 2236.5 1847.3 3
1 144 2151.4 1910.8 12
1 166 2024.4 1402.8 8
1 167 2151.4 1402.8 8
1 168 2075.2 1707.6 6
1 169 2176.8 1707.6 15
1 171 2350.8 1847.3 3
1 172 3652.1 1010.3 2
1 175 3652.1 1086.5 2
1 181 3605.6 1199.6 2
1 189 3652.1 1386.5 14
2 4 703.6 1047.2 2
2 5 627.4 1047.2 2
2 6 551.2 1047.2 2
2 7 881.4 1352 7
2 10 983 1352 7
2 12 1033.8 1352 7
2 17 1465.6 996.4 12
2 22 1465.6 1098 12
2 24 1592.6 1148.8 12
2 29 1465.6 1199.6 4
2 31 1440.2 1225 4
2 35 1465.6 1250.4 4
2 37 1389.4 1250.4 4
2 42 1287.8 1301.2 9
2 45 1491 1301.2 4
2 52 1465.6 1326.6 4
2 53 1414.8 1326.6 4
2 57 1237 1352 9
2 59 1338.6 1352 9
2 60 1414.8 1352 4
2 61 1465.6 1352 4
2 66 1338.6 1377.4 9
2 71 1313.2 1402.8 9
2 73 1414.8 1402.8 6
2 74 1465.6 1402.8 6
2 80 1541.8 1428.2 6
2 81 1440.2 1428.2 6
2 82 1414.8 1428.2 6
2 83 1338.6 1428.2 9
2 84 1262.4 1428.2 9
2 86 1338.6 1453.6 9
2 87 1414.8 1453.6 6
2 88 1465.6 1453.6 6
2 89 1491 1453.6 6
2 94 1567.2 1479 6
2 95 1516.4 1479 6
2 96 1440.2 1479 6
2 97 1414.8 1479 6
2 98 1338.6 1479 9
2 114 1770.4 1656.8 3
2 115 1795.8 1656.8 3
2 122 1884.7 1733 3
2 129 2126 1783.8 15
2 130 2100.6 1783.8 15
2 134 2126 1834.6 15
2 140 2126 1860 5
2 141 2100.6 1885.4 5
2 142 2126 1885.4 5
2 143 2176.8 1885.4 5
2 145 2126 1910.8 5
2 146 2100.6 1910.8 5
2 147 2100.6 1936.2 5
2 149 2176.8 1936.2 5
2 152 2100.6 1961.6 5
2 157 1897.4 1987 11
2 165 2405.4 1987 10
2 173 3725.7 1010.3 14
2 174 3725.7 1086.5 14
2 179 3802.4 1174.2 14
2 180 3700.8 1174.2 14
2 183 3802.4 1199.6 14
2 185 4028.3 1310.3 8
2 187 3728.3 1310.3 1
2 188 3652.1 1310.3 1
2 190 3728.3 1386.5 1
2 191 3952.1 1386.5 8
2 195 4028.3 1086.5 13
3 1 551.2 996.4 5
3 2 627.4 996.4 5
3 3 703.6 996.4 5
3 8 932.2 1352 6
3 9 957.6 1352 6
3 11 1008.4 1352 6
3 13 1313.2 1123.4 3
3 14 1287.8 1098 3
3 15 1287.8 996.4 3
3 16 1313.2 996.4 3
3 28 1440.2 1174.2 4
3 30 1414.8 1225 4
3 33 1516.4 1225 4
3 36 1440.2 1250.4 4
3 39 1160.8 1123.4 8
3 40 1160.8 1225 8
3 41 1262.4 1301.2 11
3 43 1338.6 1301.2 11
3 44 1414.8 1301.2 4
3 50 1567.2 1326.6 4
3 51 1516.4 1326.6 4
3 54 1338.6 1326.6 11
3 55 1313.2 1326.6 11
3 56 1237 1326.6 11
3 58 1313.2 1352 11
3 64 1516.4 1377.4 4
3 65 1414.8 1377.4 4
3 67 1313.2 1377.4 11
3 68 1237 1377.4 11
3 69 1357.7 1390.1 11
3 70 1237 1402.8 11
3 72 1338.6 1402.8 11
3 85 1237 1453.6 11
3 93 1592.6 1479 10
3 99 1262.4 1479 11
3 100 1592.6 1504.4 10
3 101 1618 1504.4 10
3 121 1757.7 1694.9 14
3 137 1999 1847.3 13
3 138 1884.7 1847.3 1
3 139 2100.6 1860 13
3 148 2126 1936.2 13
3 150 2227.6 1936.2 7
3 151 2126 1961.6 13
3 153 1795.8 1987 1
3 154 1821.2 1987 1
3 155 1846.6 1987 1
3 156 1872 1987 1
3 158 1948.2 1987 1
3 159 2056.2 1987 13
3 160 2100.6 1987 13
3 161 2126 1987 13
3 162 2253 1987 7
3 163 2303.8 1987 7
3 164 2380 1987 7
3 170 2350.8 1733 15
3 176 3726.2 1148.8 2
3 177 3802.4 1148.8 2
3 178 3853.2 1148.8 2
3 182 3700.8 1199.6 2
3 184 3853.2 1199.6 2
3 186 3952.1 1310.3 12
3 192 4028.3 1386.5 12
3 193 3853.2 1123.4 2
3 194 3952.1 1086.5 9
3 196 4028.3 1010.3 9
3 197 3952.1 1010.3 9
