0 1 36.49 7.49 4
0 2 57.06 9.51 4
0 3 30.22 48.14 3
0 4 5.15 -3.56 4
0 5 34.59 -106.37 2
0 6 57.12 -2.12 4
0 7 16.45 -99.45 2
0 8 5.36 -0.1 4
0 9 28.56 -13.36 4
0 10 8.59 38.48 3
0 11 12.5 45.02 3
0 12 -34.48 138.38 1
0 13 30.23 -9.33 4
0 14 56.18 12.51 4
0 15 36.4 -4.3 4
0 16 40.38 8.17 4
0 17 35.11 -3.5 4
0 18 41.55 8.48 4
0 19 -37.01 174.47 1
0 20 38.17 -0.34 4
0 21 36.42 3.13 4
0 22 36.11 37.14 3
0 23 35.14 -101.42 2
0 24 31.58 35.59 3
0 25 52.18 4.46 4
0 26 61.1 -149.59 2
0 27 39.57 32.41 4
0 28 51.11 4.28 4
0 29 17.08 -61.47 2
0 30 43.37 13.22 4
0 31 29.38 35.01 3
0 32 59.39 17.55 4
0 33 15.18 38.55 3
0 34 -25.14 -57.31 2
0 35 23.58 32.47 3
0 36 37.54 23.44 4
0 37 33.46 -84.31 2
0 38 12.3 -70.01 2
0 39 24.26 54.28 3
0 40 36.55 30.48 4
0 41 26.16 50.38 3
0 42 40.29 50.01 3
0 43 39.11 -76.4 2
0 44 10.48 -74.52 2
0 45 -16.11 -52.3 2
0 46 10.25 45.01 3
0 47 41.18 2.05 4
0 48 32.22 -64.42 2
0 49 41.56 -72.41 2
0 50 40.39 17.57 4
0 51 44.49 20.19 4
0 52 9.21 34.31 3
0 53 32.06 20.16 4
0 54 52.29 13.24 4
0 55 48.27 -4.25 4
0 56 -19.48 3.45 3
0 57 33.49 35.29 3
0 58 54.39 -6.14 4
0 59 35.48 -101.22 2
0 60 4.24 18.31 3
0 61 13.04 -59.3 2
0 62 60.17 5.13 4
0 63 44.48 -68.5 2
0 64 33.14 44.14 3
0 65 45.4 9.24 4
0 66 33.34 -86.45 2
0 67 52.27 -1.45 4
0 68 42.33 9.29 4
0 69 45.48 -108.37 2
0 70 43.28 -1.32 4
0 71 13.21 -16.4 4
0 72 -3.19 29.19 3
0 73 13.55 100.36 1
0 74 12.38 -8.02 4
0 75 55.44 9.09 4
0 76 44.32 11.18 4
0 77 12.57 77.4 1
0 78 -15.41 34.58 3
0 79 27.13 56.22 3
0 80 -27.25 153.05 1
0 81 44.5 -0.43 4
0 82 4.42 -74.09 2
0 83 50.47 -1.51 4
0 84 19.05 72.52 3
0 85 67.16 14.22 4
0 86 42.22 -71 2
0 87 53.03 8.48 4
0 88 41.08 16.47 4
0 89 46.55 7.3 4
0 90 51.31 -2.35 4
0 91 50.54 4.29 4
0 92 -15.52 -47.55 2
0 93 47.35 7.32 4
0 94 48.1 16.13 4
0 95 47.27 19.15 4
0 96 -34.49 -58.32 2
0 97 42.55 -78.38 2
0 98 44.3 26.06 4
0 99 49.27 2.07 4
0 100 -4.15 15.15 3
0 101 39.15 9.04 4
0 102 30.08 31.24 3
0 103 23.11 113.16 1
0 104 33.33 -7.4 4
0 105 -11.54 22.45 3
0 106 4.49 -52.22 2
0 107 52.13 0.11 4
0 108 -35.19 149.12 1
0 109 10.36 -66.59 2
0 110 22.39 88.27 1
0 111 52.5 -1.19 4
0 112 49.01 2.33 4
0 113 43.33 6.57 4
0 114 45.4 -0.19 4
0 115 39.37 19.55 4
0 116 50.52 7.09 4
0 117 41.59 -87.54 2
0 118 41.48 12.36 4
0 119 9.34 -13.37 4
0 120 41.25 -81.51 2
0 121 3.26 -76.25 2
0 122 42.31 8.48 4
0 123 -28.02 145.37 1
0 124 7.11 79.53 1
0 125 40.04 -83.04 2
0 126 33.22 -7.35 4
0 127 48.07 7.22 4
0 128 44.22 28.29 4
0 129 45.4 -0.19 4
0 130 6.21 2.23 3
0 131 55.37 12.39 4
0 132 -33.58 18.36 3
0 133 37.28 15.04 4
0 134 10.27 -75.31 2
0 135 -26.25 146.14 1
0 136 39 17.05 4
0 137 12.12 -68.57 2
0 138 39.09 -84.2 2
0 139 39.03 -84.2 2
0 140 51.24 -3.12 4
0 141 29.11 -81.03 2
0 142 23.46 90.23 1
0 143 14.45 42.59 3
0 144 32.5 -96.51 2
0 145 33.25 36.31 3
0 146 -6.53 39.12 3
0 147 42.34 18.16 4
0 148 -29.58 30.57 3
0 149 38.51 -77.02 2
0 150 28.34 77.07 3
0 151 39.46 -104.53 2
0 152 32.46 -96.24 2
0 153 26.16 50.1 3
0 154 47.16 5.05 4
0 155 33.52 10.47 4
0 156 14.45 -17.3 4
0 157 4.01 9.43 3
0 158 19.08 30.26 3
0 159 25.16 51.34 3
0 160 49.22 0.1 4
0 161 -8.45 115.1 1
0 162 51.08 13.46 4
0 163 -12.25 130.52 1
0 164 42.14 -83.32 2
0 165 42.13 -83.21 2
0 166 53.26 -6.15 4
0 167 51.17 6.45 4
0 168 25.15 55.2 3
0 169 0.03 32.26 3
0 170 45.32 4.18 4
0 171 55.57 -3.22 4
0 172 51.27 5.23 4
0 173 31.48 -106.16 2
0 174 52.5 -1.19 4
0 175 48.19 6.04 4
0 176 40.07 33 4
0 177 40.09 82.4 1
0 178 40.42 -74.1 2
0 179 50.44 -3.25 4
0 180 -34.49 -58.32 2
0 181 64.49 -147.51 2
0 182 37.01 -7.58 4
0 183 -11.35 27.31 3
0 184 59.54 10.37 4
0 185 41.49 12.15 4
0 186 14.35 -61 2
0 187 33.56 45.8 3
0 188 -4.23 15.26 3
0 189 43.49 11.12 4
0 190 8.37 -13.12 4
0 191 41.26 15.32 4
0 192 50.02 8.34 4
0 193 44.12 12.04 4
0 194 -21.13 27.29 3
0 195 28.27 -13.52 4
0 196 53.29 -1 4
0 197 -19.27 29.52 3
0 198 54.23 18.28 4
0 199 60.12 11.05 4
0 200 24.57 10.1 4
0 201 -22.5 -43.15 2
0 202 55.52 -4.26 4
0 203 45.22 5.2 4
0 204 7.09 41.43 3
0 205 44.25 8.5 4
0 206 57.4 18.18 4
0 207 41.54 2.46 4
0 208 37.11 -3.47 4
0 209 47 15.26 4
0 210 51.09 -0.11 4
0 211 14.34 -90.32 2
0 212 46.14 6.07 4
0 213 -2.09 -79.53 2
0 214 52.28 9.42 4
0 215 53.38 10 4
0 216 60.19 24.58 4
0 217 35.2 25.11 4
0 218 30.2 120.51 1
0 219 22.19 114.12 1
0 220 31.4 6.09 4
0 221 35.33 139.46 1
0 222 21.2 -157.55 2
0 223 29.59 -95.28 2
0 224 38.57 -77.27 2
0 225 43.06 -78.57 2
0 226 38.52 1.22 4
0 227 47.34 -97.27 2
0 228 50.21 30.55 4
0 229 -25.44 -54.28 2
0 230 39.44 -86.17 2
0 231 40.59 28.49 4
0 232 38.17 27.1 4
0 233 21.3 39.12 3
0 234 49.13 -2.12 4
0 235 40.38 -73.46 2
0 236 11.33 43.1 3
0 237 -6.09 106.51 1
0 238 -26.08 28.15 3
0 239 -3.22 36.38 3
0 240 45.28 -73.44 2
0 241 12.03 8.31 3
0 242 34.34 69.12 3
0 243 63.59 -22.37 4
0 244 -1.58 30.08 3
0 245 22.34 120.17 1
0 246 24.54 67.09 3
0 247 -6.18 155.43 1
0 248 17.56 -76.48 2
0 249 50.05 19.47 4
0 250 15.36 32.33 3
0 251 27.42 85.22 3
0 252 3.08 101.33 1
0 253 29.13 47.58 3
0 254 -8.51 13.14 3
0 255 10.36 -66.59 2
0 256 36.04 -115.09 2
0 257 33.56 -118.24 2
0 258 53.52 -1.39 4
0 259 48.58 2.27 4
0 260 0.27 9.25 3
0 261 34.52 33.38 3
0 262 43.11 0 4
0 263 59.49 30.17 4
0 264 36.51 -2.22 4
0 265 51.24 12.25 4
0 266 51.25 12.14 4
0 267 6.1 1.15 4
0 268 40.46 -73.52 2
0 269 33.57 -118.24 2
0 270 50.38 5.27 4
0 271 51.09 -0.11 4
0 272 51.28 -0.27 4
0 273 50.34 3.05 4
0 274 -12.01 -77.07 2
0 275 45.27 9.16 4
0 276 38.46 -9.08 4
0 277 46.13 14.28 4
0 278 35.3 12.37 4
0 279 48.14 14.11 4
0 280 51.28 -0.27 4
0 281 6.35 3.2 4
0 282 27.56 -15.23 4
0 283 -16.3 -68.11 2
0 284 53.21 -2.53 4
0 285 6.1 1.15 3
0 286 51.53 -0.22 4
0 287 -25.55 32.34 3
0 288 -15.2 28.27 3
0 289 4.27 114 1
0 290 49.37 6.12 4
0 291 -17.49 25.49 3
0 292 25.41 32.43 3
0 293 45.44 4.56 4
0 294 13 80.11 1
0 295 40.29 -3.34 4
0 296 31.52 -4.13 4
0 297 53.21 -2.16 4
0 298 -3.04 -60 2
0 299 10.34 -71.44 2
0 300 -4.02 39.36 3
0 301 46.22 15.47 4
0 302 39.18 -94.44 2
0 303 28.32 -81.2 2
0 304 23.36 58.17 3
0 305 44.25 8.5 4
0 306 -37.44 144.54 1
0 307 24.31 39.42 3
0 308 -37.41 144.51 1
0 309 19.26 -99.04 2
0 310 12.07 -86.11 2
0 311 2.01 45.19 3
0 312 25.48 -80.17 2
0 313 20.56 -89.41 2
0 314 45.27 9.16 4
0 315 35.45 10.45 4
0 316 39.07 -94.36 2
0 317 35.52 14.29 4
0 318 4.11 73.32 3
0 319 47.45 7.26 4
0 320 55.33 13.22 4
0 321 54.31 -1.25 4
0 322 14.31 121.01 1
0 323 55.58 37.25 4
0 324 43.35 3.58 4
0 325 -25.55 32.34 3
0 326 -8.58 125.13 1
0 327 43.26 5.13 4
0 328 -20.26 57.41 3
0 329 51.21 1.21 4
0 330 44.53 -93.13 2
0 331 53.52 27.33 4
0 332 50.55 5.47 4
0 333 29.59 -90.16 2
0 334 -26.31 31.19 3
0 335 48.08 11.42 4
0 336 -34.5 -56.02 2
0 337 45.38 8.43 4
0 338 49.05 6.08 4
0 339 -17.45 177.27 1
0 340 40.53 14.18 4
0 341 25.02 -77.28 2
0 342 -1.19 36.56 3
0 343 43.4 7.13 4
0 344 55.02 -1.41 4
0 345 45.56 6.06 4
0 346 12.08 15.02 3
0 347 32.56 129.56 1
0 348 35.09 36.17 3
0 349 13.29 2.1 3
0 350 18.06 -15.57 4
0 351 -13 28.39 3
0 352 58.35 16.15 4
0 353 35.45 140.23 1
0 354 47.09 -1.36 4
0 355 49.3 11.05 4
0 356 52.41 1.17 4
0 357 40.38 -73.46 2
0 358 55.28 10.2 4
0 359 46.26 30.41 4
0 360 26.21 127.46 1
0 361 35.26 -97.46 2
0 362 40.54 9.31 4
0 363 41.07 -95.55 2
0 364 41.14 -8.41 4
0 365 41.59 -87.54 2
0 366 51.5 -8.29 4
0 367 28.26 -81.19 2
0 368 35.38 -0.37 4
0 369 48.43 2.23 4
0 370 34.47 135.27 1
0 371 60.12 11.05 4
0 372 51.12 2.52 4
0 373 44.34 26.06 4
0 374 12.21 -1.31 4
0 375 43.26 -5.5 4
0 376 18.34 -72.17 2
0 377 48.43 2.23 4
0 378 40.05 116.36 1
0 379 -31.56 115.58 1
0 380 4.52 7.02 3
0 381 37.08 -76.3 2
0 382 39.52 -75.15 2
0 383 33.26 -112.01 2
0 384 55.52 -4.26 4
0 385 46.35 0.18 4
0 386 40.3 -80.14 2
0 387 -5.15 39.49 3
0 388 39.33 2.44 4
0 389 38.1 13.06 4
0 390 11.33 104.51 1
0 391 36.49 11.58 4
0 392 -9.27 147.13 1
0 393 10.36 -61.21 2
0 394 9.05 -79.23 2
0 395 50.06 14.16 4
0 396 43.41 10.24 4
0 397 42.26 14.11 4
0 398 16.16 -61.32 2
0 399 9.03 -79.24 2
0 400 43.23 -0.25 4
0 401 45.39 12.12 4
0 402 31.37 -8.03 4
0 403 34.03 -6.45 4
0 404 -8.08 -34.55 2
0 405 38.04 15.39 4
0 406 64.08 -21.57 4
0 407 16.54 96.09 1
0 408 49.19 4.03 4
0 409 36.23 28.07 4
0 410 -29.43 -53.42 2
0 411 -22.5 -43.15 2
0 412 45.13 14.35 4
0 413 44.01 12.37 4
0 414 48.04 -1.44 4
0 415 6.14 -10.22 3
0 416 41.49 12.15 4
0 417 14.1 145.15 1
0 418 -32.55 -60.47 2
0 419 51.57 4.26 4
0 420 24.42 46.44 3
0 421 33.37 73.06 3
0 422 6.3 -58.15 2
0 423 15.29 44.13 3
0 424 13.42 -89.07 2
0 425 32.44 -117.11 2
0 426 -23 -47.08 2
0 427 29.32 -98.28 2
0 428 -17.56 31.06 3
0 429 48.31 -24.8 4
0 430 -33.23 -70.47 2
0 431 42.54 -8.25 4
0 432 33.14 44.14 3
0 433 18.26 -69.4 2
0 434 47.27 -122.18 2
0 435 27 14.27 4
0 436 37.33 126.48 1
0 437 51.34 0.42 4
0 438 -4.4 55.31 3
0 439 37.37 -122.23 2
0 440 31.12 121.2 1
0 441 25.21 55.24 3
0 442 16.45 -22.57 4
0 443 1.21 103.54 1
0 444 37.22 -121.56 2
0 445 43.49 18.2 4
0 446 9.58 -84.16 2
0 447 9.59 -84.12 2
0 448 18.26 -66.01 2
0 449 40.31 22.58 4
0 450 41.58 21.38 4
0 451 40.53 -111.57 2
0 452 36.58 -25.1 4
0 453 52.42 -8.55 4
0 454 42.42 23.24 4
0 455 43.32 16.18 4
0 456 -12.54 -38.2 2
0 457 38.45 -90.22 2
0 458 51.33 0.14 4
0 459 59.39 17.55 4
0 460 48.41 9.13 4
0 461 38.54 16.15 4
0 462 58.53 5.38 4
0 463 55.58 37.25 4
0 464 37.26 -5.54 4
0 465 48.32 7.38 4
0 466 52.22 13.3 4
0 467 -33.56 151.1 1
0 468 29.33 52.36 3
0 469 47.48 13 4
0 470 40.31 17.24 4
0 471 41.19 69.24 3
0 472 28.29 -16.2 4
0 473 38.31 -28.43 4
0 474 43.11 0 4
0 475 28.29 -16.2 4
0 476 14.02 -87.14 2
0 477 52.29 13.24 4
0 478 35.41 51.19 3
0 479 41.2 19.47 4
0 480 32.4 13.09 4
0 481 43.37 1.23 4
0 482 32.01 34.53 3
0 483 22.49 5.27 4
0 484 0.23 6.43 3
0 485 35.43 -5.55 4
0 486 -18.48 47.29 3
0 487 33.56 8.06 4
0 488 -24.42 -53.42 2
0 489 25.04 121.33 1
0 490 37.55 12.29 4
0 491 51.23 -2.43 4
0 492 45.12 7.39 4
0 493 45.5 13.28 4
0 494 45.39 12.12 4
0 495 47.26 0.43 4
0 496 36.18 -95.52 2
0 497 36.51 10.14 4
0 498 52.34 13.18 4
0 499 35.33 139.46 1
0 500 35.54 -83.53 2
0 501 40.62 13.11 4
0 502 -0.08 -78.29 2
0 503 12.41 101.01 1
0 504 13.45 -60.57 2
0 505 44.55 4.58 4
0 506 43.14 27.49 4
0 507 45.3 12.21 4
0 508 -23 -47.08 2
0 509 48.07 16.33 4
0 510 39.29 -0.29 4
0 511 41.42 -4.51 4
0 512 45.24 10.53 4
0 513 38.57 -77.27 2
0 514 52.1 20.58 4
0 515 36.45 -6.04 4
0 516 53.19 -113.35 2
0 517 44.53 -63.31 2
0 518 45.41 -74.02 2
0 519 45.19 -75.4 2
0 520 46.48 -71.24 2
0 521 42.16 -82.58 2
0 522 48.57 -54.34 2
0 523 45.28 -73.44 2
0 524 49.11 -123.1 2
0 525 49.55 -97.14 2
0 526 51.07 -114.01 2
0 527 47.37 -52.45 2
0 528 43.41 -79.38 2
0 529 44.06 15.21 4
0 530 45.45 16.04 4
0 531 41.4 -1.03 4
0 532 -6.13 39.13 3
0 533 47.28 8.33 4
0 534 51.33 0.14 4
0 535 24.58 91.53 1
