1 7 16.45 -99.45 2
1 34 -25.14 -57.31 2
1 63 44.48 -68.5 2
1 66 33.34 -86.45 2
1 92 -15.52 -47.55 2
1 117 41.59 -87.54 2
1 139 39.03 -84.2 2
1 141 29.11 -81.03 2
1 164 42.14 -83.32 2
1 201 -22.5 -43.15 2
1 213 -2.09 -79.53 2
1 222 21.2 -157.55 2
1 229 -25.44 -54.28 2
1 248 17.56 -76.48 2
1 255 10.36 -66.59 2
1 256 36.04 -115.09 2
1 302 39.18 -94.44 2
1 312 25.48 -80.17 2
1 313 20.56 -89.41 2
1 316 39.07 -94.36 2
1 365 41.59 -87.54 2
1 376 18.34 -72.17 2
1 399 9.03 -79.24 2
1 434 47.27 -122.18 2
1 447 9.59 -84.12 2
1 448 18.26 -66.01 2
1 476 14.02 -87.14 2
1 527 47.37 -52.45 2
1 521 42.16 -82.58 2
1 528 43.41 -79.38 2
1 520 46.48 -71.24 2
1 525 49.55 -97.14 2
1 2 57.06 9.51 1
1 4 5.15 -3.56 1
1 13 30.23 -9.33 1
1 50 40.39 17.57 1
1 62 60.17 5.13 1
1 67 52.27 -1.45 1
1 74 12.38 -8.02 1
1 85 67.16 14.22 1
1 87 53.03 8.48 1
1 99 49.27 2.07 1
1 107 52.13 0.11 1
1 113 43.33 6.57 1
1 126 33.22 -7.35 1
1 136 39 17.05 1
1 359 46.26 30.41 1
1 156 14.45 -17.3 1
1 160 49.22 0.1 1
1 167 51.17 6.45 1
1 172 51.27 5.23 1
1 174 52.5 -1.19 1
1 175 48.19 6.04 1
1 189 43.49 11.12 1
1 199 60.12 11.05 1
1 200 24.57 10.1 1
1 207 41.54 2.46 1
1 216 60.19 24.58 1
1 228 50.21 30.55 1
1 271 51.09 -0.11 1
1 275 45.27 9.16 1
1 282 27.56 -15.23 1
1 284 53.21 -2.53 1
1 286 51.53 -0.22 1
1 301 46.22 15.47 1
1 305 44.25 8.5 1
1 314 45.27 9.16 1
1 317 35.52 14.29 1
1 320 55.33 13.22 1
1 323 55.58 37.25 1
1 324 43.35 3.58 1
1 329 51.21 1.21 1
1 337 45.38 8.43 1
1 343 43.4 7.13 1
1 344 55.02 -1.41 1
1 350 18.06 -15.57 1
1 355 49.3 11.05 1
1 366 51.5 -8.29 1
1 371 60.12 11.05 1
1 396 43.41 10.24 1
1 405 38.04 15.39 1
1 408 49.19 4.03 1
1 414 48.04 -1.44 1
1 431 42.54 -8.25 1
1 450 41.58 21.38 1
1 452 36.58 -25.1 1
1 453 52.42 -8.55 1
1 483 22.49 5.27 1
1 455 43.32 16.18 1
1 461 38.54 16.15 1
1 462 58.53 5.38 1
1 463 55.58 37.25 1
1 464 37.26 -5.54 1
1 470 40.31 17.24 1
1 477 52.29 13.24 1
1 480 32.4 13.09 1
1 485 35.43 -5.55 1
1 490 37.55 12.29 1
1 73 13.55 100.36 3
1 123 -28.02 145.37 3
1 161 -8.45 115.1 3
1 163 -12.25 130.52 3
1 221 35.33 139.46 3
1 237 -6.09 106.51 3
1 326 -8.58 125.13 3
1 339 -17.45 177.27 3
1 370 34.47 135.27 3
1 417 14.1 145.15 3
1 503 12.41 101.01 3
1 478 35.41 51.19 4
1 8 5.36 -0.1 1
1 84 19.05 72.52 4
1 100 -4.15 15.15 4
1 132 -33.58 18.36 4
1 145 33.25 36.31 4
1 148 -29.58 30.57 4
1 150 28.34 77.07 4
1 187 33.56 45.8 4
1 188 -4.23 15.26 4
1 236 11.33 43.1 4
1 246 24.54 67.09 4
1 260 0.27 9.25 4
1 281 6.35 3.2 1
1 287 -25.55 32.34 4
1 292 25.41 32.43 4
1 311 2.01 45.19 4
1 468 29.33 52.36 4
1 328 -20.26 57.41 4
1 346 12.08 15.02 4
1 471 41.19 69.24 4
1 420 24.42 46.44 4
1 423 15.29 44.13 4
1 438 -4.4 55.31 4
1 482 32.01 34.53 4
2 5 34.59 -106.37 3
2 37 33.46 -84.31 3
2 44 10.48 -74.52 3
2 61 13.04 -59.3 3
2 82 4.42 -74.09 3
2 86 42.22 -71 3
2 109 10.36 -66.59 3
2 125 40.04 -83.04 3
2 138 39.09 -84.2 3
2 144 32.5 -96.51 3
2 152 32.46 -96.24 3
2 173 31.48 -106.16 3
2 178 40.42 -74.1 3
2 180 -34.49 -58.32 3
2 181 64.49 -147.51 3
2 211 14.34 -90.32 3
2 225 43.06 -78.57 3
2 230 39.44 -86.17 3
2 274 -12.01 -77.07 3
2 298 -3.04 -60 3
2 333 29.59 -90.16 3
2 336 -34.5 -56.02 3
2 363 41.07 -95.55 3
2 381 37.08 -76.3 3
2 404 -8.08 -34.55 3
2 418 -32.55 -60.47 3
2 424 13.42 -89.07 3
2 426 -23 -47.08 3
2 427 29.32 -98.28 3
2 444 37.22 -121.56 3
2 513 38.57 -77.27 3
2 516 53.19 -113.35 3
2 517 44.53 -63.31 3
2 523 45.28 -73.44 3
2 53 32.06 20.16 1
2 54 52.29 13.24 1
2 65 45.4 9.24 1
2 88 41.08 16.47 1
2 91 50.54 4.29 1
2 98 44.3 26.06 1
2 114 45.4 -0.19 1
2 119 9.34 -13.37 1
2 122 42.31 8.48 1
2 129 45.4 -0.19 1
2 147 42.34 18.16 1
2 154 47.16 5.05 1
2 162 51.08 13.46 1
2 170 45.32 4.18 1
2 176 40.07 33 1
2 179 50.44 -3.25 1
2 182 37.01 -7.58 1
2 185 41.49 12.15 1
2 192 50.02 8.34 1
2 195 28.27 -13.52 1
2 196 53.29 -1 1
2 205 44.25 8.5 1
2 214 52.28 9.42 1
2 217 35.2 25.11 1
2 220 31.4 6.09 1
2 226 38.52 1.22 1
2 231 40.59 28.49 1
2 232 38.17 27.1 1
2 234 49.13 -2.12 1
2 258 53.52 -1.39 1
2 264 36.51 -2.22 1
2 265 51.24 12.25 1
2 272 51.28 -0.27 1
2 280 51.28 -0.27 1
2 321 54.31 -1.25 1
2 327 43.26 5.13 1
2 335 48.08 11.42 1
2 338 49.05 6.08 1
2 340 40.53 14.18 1
2 345 45.56 6.06 1
2 349 13.29 2.1 4
2 356 52.41 1.17 1
2 369 48.43 2.23 1
2 372 51.12 2.52 1
2 395 50.06 14.16 1
2 400 43.23 -0.25 1
2 406 64.08 -21.57 1
2 409 36.23 28.07 1
2 415 6.14 -10.22 4
2 419 51.57 4.26 1
2 437 51.34 0.42 1
2 449 40.31 22.58 1
2 491 51.23 -2.43 1
2 460 48.41 9.13 1
2 465 48.32 7.38 1
2 469 47.48 13 1
2 514 52.1 20.58 1
2 474 43.11 0 1
2 531 41.4 -1.03 1
2 492 45.12 7.39 1
2 495 47.26 0.43 1
2 498 52.34 13.18 1
2 515 36.45 -6.04 1
2 510 39.29 -0.29 1
2 534 51.33 0.14 1
2 533 47.28 8.33 1
2 12 -34.48 138.38 2
2 110 22.39 88.27 2
2 218 30.2 120.51 2
2 245 22.34 120.17 2
2 247 -6.18 155.43 2
2 252 3.08 101.33 2
2 308 -37.41 144.51 2
2 347 32.56 129.56 2
2 353 35.45 140.23 2
2 379 -31.56 115.58 2
2 440 31.12 121.2 2
2 489 25.04 121.33 2
2 31 29.38 35.01 4
2 39 24.26 54.28 4
2 52 9.21 34.31 4
2 56 -19.48 3.45 4
2 57 33.49 35.29 4
2 64 33.14 44.14 4
2 72 -3.19 29.19 4
2 77 12.57 77.4 2
2 102 30.08 31.24 4
2 124 7.11 79.53 2
2 130 6.21 2.23 4
2 146 -6.53 39.12 4
2 157 4.01 9.43 4
2 168 25.15 55.2 4
2 194 -21.13 27.29 4
2 239 -3.22 36.38 4
2 241 12.03 8.31 4
2 242 34.34 69.12 4
2 244 -1.58 30.08 4
2 250 15.36 32.33 4
2 253 29.13 47.58 4
2 288 -15.2 28.27 4
2 291 -17.49 25.49 4
2 294 13 80.11 2
2 307 24.31 39.42 4
3 26 61.1 -149.59 3
3 43 39.11 -76.4 3
3 48 32.22 -64.42 3
3 69 45.48 -108.37 3
3 97 42.55 -78.38 3
3 106 4.49 -52.22 3
3 121 3.26 -76.25 3
3 137 12.12 -68.57 3
3 149 38.51 -77.02 3
3 186 14.35 -61 3
3 223 29.59 -95.28 3
3 227 47.34 -97.27 3
3 240 45.28 -73.44 3
3 268 40.46 -73.52 3
3 283 -16.3 -68.11 3
3 303 28.32 -81.2 3
3 330 44.53 -93.13 3
3 341 25.02 -77.28 3
3 382 39.52 -75.15 3
3 386 40.3 -80.14 3
3 394 9.05 -79.23 3
3 411 -22.5 -43.15 3
3 524 49.11 -123.1 3
3 422 6.3 -58.15 3
3 430 -33.23 -70.47 3
3 439 37.37 -122.23 3
3 446 9.58 -84.16 3
3 451 40.53 -111.57 3
3 456 -12.54 -38.2 3
3 457 38.45 -90.22 3
3 508 -23 -47.08 3
3 500 35.54 -83.53 3
3 504 13.45 -60.57 3
3 526 51.07 -114.01 3
3 497 36.51 10.14 1
3 507 45.3 12.21 1
3 529 44.06 15.21 1
3 1 36.49 7.49 1
3 9 28.56 -13.36 1
3 14 56.18 12.51 1
3 15 36.4 -4.3 1
3 16 40.38 8.17 1
3 17 35.11 -3.5 1
3 20 38.17 -0.34 1
3 25 52.18 4.46 1
3 27 39.57 32.41 1
3 28 51.11 4.28 1
3 32 59.39 17.55 1
3 58 54.39 -6.14 1
3 68 42.33 9.29 1
3 70 43.28 -1.32 1
3 71 13.21 -16.4 1
3 76 44.32 11.18 1
3 90 51.31 -2.35 1
3 94 48.1 16.13 1
3 112 49.01 2.33 1
3 116 50.52 7.09 1
3 128 44.22 28.29 1
3 155 33.52 10.47 1
3 166 53.26 -6.15 1
3 184 59.54 10.37 1
3 208 37.11 -3.47 1
3 209 47 15.26 1
3 210 51.09 -0.11 1
3 243 63.59 -22.37 1
3 249 50.05 19.47 1
3 262 43.11 0 1
3 266 51.25 12.14 1
3 273 50.34 3.05 1
3 279 48.14 14.11 1
3 293 45.44 4.56 1
3 295 40.29 -3.34 1
3 315 35.45 10.45 1
3 331 53.52 27.33 1
3 352 58.35 16.15 1
3 358 55.28 10.2 1
3 362 40.54 9.31 1
3 364 41.14 -8.41 1
3 375 43.26 -5.5 1
3 388 39.33 2.44 1
3 389 38.1 13.06 1
3 391 36.49 11.58 1
3 397 42.26 14.11 1
3 401 45.39 12.12 1
3 402 31.37 -8.03 1
3 412 45.13 14.35 1
3 413 44.01 12.37 1
3 429 48.31 -24.8 1
3 435 27 14.27 1
3 458 51.33 0.14 1
3 530 45.45 16.04 1
3 473 38.31 -28.43 1
3 506 43.14 27.49 1
3 509 48.07 16.33 1
3 481 43.37 1.23 1
3 487 33.56 8.06 1
3 494 45.39 12.12 1
3 505 44.55 4.58 1
3 512 45.24 10.53 1
3 80 -27.25 153.05 2
3 103 23.11 113.16 2
3 108 -35.19 149.12 2
3 142 23.46 90.23 2
3 219 22.19 114.12 2
3 360 26.21 127.46 2
3 390 11.33 104.51 2
3 392 -9.27 147.13 2
3 407 16.54 96.09 2
3 436 37.33 126.48 2
3 3 30.22 48.14 4
3 22 36.11 37.14 4
3 33 15.18 38.55 4
3 42 40.29 50.01 4
3 78 -15.41 34.58 4
3 79 27.13 56.22 4
3 105 -11.54 22.45 4
3 143 14.45 42.59 4
3 153 26.16 50.1 4
3 158 19.08 30.26 4
3 159 25.16 51.34 4
3 169 0.03 32.26 4
3 177 40.09 82.4 2
3 183 -11.35 27.31 4
3 197 -19.27 29.52 4
3 233 21.3 39.12 4
3 238 -26.08 28.15 4
3 254 -8.51 13.14 4
3 261 34.52 33.38 4
3 285 6.1 1.15 4
3 304 23.36 58.17 4
3 334 -26.31 31.19 4
3 342 -1.19 36.56 4
3 380 4.52 7.02 4
3 387 -5.15 39.49 4
4 23 35.14 -101.42 1
4 29 17.08 -61.47 1
4 38 12.3 -70.01 1
4 45 -16.11 -52.3 1
4 49 41.56 -72.41 1
4 59 35.48 -101.22 1
4 96 -34.49 -58.32 1
4 120 41.25 -81.51 1
4 134 10.27 -75.31 1
4 151 39.46 -104.53 1
4 165 42.13 -83.21 1
4 224 38.57 -77.27 1
4 235 40.38 -73.46 1
4 257 33.56 -118.24 1
4 269 33.57 -118.24 1
4 299 10.34 -71.44 1
4 309 19.26 -99.04 1
4 310 12.07 -86.11 1
4 357 40.38 -73.46 1
4 361 35.26 -97.46 1
4 367 28.26 -81.19 1
4 383 33.26 -112.01 1
4 393 10.36 -61.21 1
4 398 16.16 -61.32 1
4 410 -29.43 -53.42 1
4 425 32.44 -117.11 1
4 433 18.26 -69.4 1
4 488 -24.42 -53.42 1
4 496 36.18 -95.52 1
4 502 -0.08 -78.29 1
4 518 45.41 -74.02 1
4 519 45.19 -75.4 1
4 522 48.57 -54.34 1
4 6 57.12 -2.12 4
4 18 41.55 8.48 4
4 21 36.42 3.13 4
4 30 43.37 13.22 4
4 36 37.54 23.44 4
4 40 36.55 30.48 4
4 47 41.18 2.05 4
4 51 44.49 20.19 4
4 55 48.27 -4.25 4
4 75 55.44 9.09 4
4 81 44.5 -0.43 4
4 83 50.47 -1.51 4
4 89 46.55 7.3 4
4 93 47.35 7.32 4
4 95 47.27 19.15 4
4 101 39.15 9.04 4
4 104 33.33 -7.4 4
4 111 52.5 -1.19 4
4 115 39.37 19.55 4
4 118 41.48 12.36 4
4 127 48.07 7.22 4
4 131 55.37 12.39 4
4 133 37.28 15.04 4
4 140 51.24 -3.12 4
4 171 55.57 -3.22 4
4 190 8.37 -13.12 4
4 191 41.26 15.32 4
4 193 44.12 12.04 4
4 198 54.23 18.28 4
4 202 55.52 -4.26 4
4 203 45.22 5.2 4
4 206 57.4 18.18 4
4 212 46.14 6.07 4
4 215 53.38 10 4
4 259 48.58 2.27 4
4 263 59.49 30.17 4
4 270 50.38 5.27 4
4 276 38.46 -9.08 4
4 277 46.13 14.28 4
4 278 35.3 12.37 4
4 290 49.37 6.12 4
4 296 31.52 -4.13 4
4 297 53.21 -2.16 4
4 319 47.45 7.26 4
4 332 50.55 5.47 4
4 354 47.09 -1.36 4
4 368 35.38 -0.37 4
4 373 44.34 26.06 4
4 374 12.21 -1.31 4
4 377 48.43 2.23 4
4 384 55.52 -4.26 4
4 385 46.35 0.18 4
4 403 34.03 -6.45 4
4 416 41.49 12.15 4
4 442 16.45 -22.57 4
4 445 43.49 18.2 4
4 454 42.42 23.24 4
4 459 59.39 17.55 4
4 466 52.22 13.3 4
4 472 28.29 -16.2 4
4 475 28.29 -16.2 4
4 479 41.2 19.47 4
4 493 45.5 13.28 4
4 501 40.62 13.11 4
4 511 41.42 -4.51 4
4 19 -37.01 174.47 3
4 135 -26.25 146.14 3
4 251 27.42 85.22 2
4 289 4.27 114 3
4 306 -37.44 144.54 3
4 322 14.31 121.01 3
4 378 40.05 116.36 3
4 499 35.33 139.46 3
4 443 1.21 103.54 3
4 467 -33.56 151.1 3
4 535 24.58 91.53 3
4 532 -6.13 39.13 2
4 10 8.59 38.48 2
4 11 12.5 45.02 2
4 24 31.58 35.59 2
4 35 23.58 32.47 2
4 41 26.16 50.38 2
4 46 10.25 45.01 2
4 60 4.24 18.31 2
4 204 7.09 41.43 2
4 300 -4.02 39.36 2
4 267 6.1 1.15 4
4 432 33.14 44.14 2
4 351 -13 28.39 2
4 318 4.11 73.32 2
4 325 -25.55 32.34 2
4 348 35.09 36.17 2
4 486 -18.48 47.29 2
4 421 33.37 73.06 2
4 428 -17.56 31.06 2
4 441 25.21 55.24 2
4 484 0.23 6.43 2
