1 3 2256 1640 7
1 4 2656 1640 7
1 8 3375 1600 7
1 14 4275 1625 4
1 21 4775 1725 4
1 28 5610 1565 4
1 29 6375 1575 5
1 32 6675 1725 5
1 33 6525 1725 5
1 36 7260 1575 5
1 37 7259 1576 5
1 46 7875 1575 1
1 49 8175 1575 1
1 50 8275 1575 1
1 55 8825 1825 1
1 62 6825 1925 5
1 66 6200 1975 5
1 67 6425 2075 5
1 68 6000 1975 5
1 71 5275 1825 4
1 74 5025 1825 4
1 76 5075 1925 4
1 77 5075 2075 4
1 78 4775 1875 4
1 79 4925 1925 4
1 83 4525 2050 4
1 87 3875 1900 4
1 90 3975 2075 4
1 92 2925 2150 7
1 93 4175 2150 4
1 104 6775 2225 5
1 106 7075 2175 5
1 109 7475 2175 5
1 112 7875 2350 1
1 113 8825 2225 1
1 114 8725 2375 1
1 120 8375 2600 1
1 126 7975 2625 1
1 134 5075 2575 4
1 137 4875 2675 4
1 141 3725 2450 2
1 144 2575 2525 7
1 145 2675 2525 7
1 149 2148 2786 7
1 151 2352 2786 7
1 152 2451 2785 7
1 157 3725 2900 2
1 159 4175 2925 2
1 160 4175 2725 2
1 161 4975 2825 6
1 169 7425 2875 3
1 170 7925 2875 3
1 172 7825 2925 3
1 173 7750 2800 3
1 180 8775 2925 1
1 189 7825 3125 3
1 190 7575 3075 3
1 191 7600 3175 3
1 198 5375 3250 6
1 202 5075 3275 6
1 203 4525 3200 6
1 204 4575 3125 6
1 205 4575 3025 6
1 210 4275 3025 2
1 211 3975 3275 2
1 212 3875 3275 2
1 221 4125 3300 2
1 224 4725 3525 6
1 229 5175 3475 6
1 231 5375 3525 6
1 234 5908 3574 6
1 239 6875 3325 3
1 240 6775 3425 3
1 247 7825 3525 3
1 248 7725 3525 3
1 249 7825 3375 3
1 250 7725 3375 3
1 256 8775 3700 3
1 257 8675 3800 3
1 260 8325 3625 3
1 262 8175 3625 3
1 263 8225 3775 3
1 264 8075 3775 3
1 265 8075 3675 3
1 267 7875 3675 3
1 268 7075 3675 3
1 270 6975 3725 3
1 272 6375 3750 6
1 273 5975 3750 6
1 274 5325 3775 6
1 277 5075 3800 6
1 281 4925 3675 6
1 282 4775 3675 6
1 283 4575 3675 6
1 285 4325 3725 2
1 286 3825 3650 2
1 290 3325 3750 2
1 291 3125 3725 2
1 292 2925 3725 2
1 294 2675 3675 2
2 0 2156 1639 3
2 1 2456 1639 3
2 2 2355 1640 3
2 6 2975 1725 3
2 11 3700 1600 4
2 12 3900 1625 4
2 13 3875 1775 4
2 15 4275 1725 4
2 16 4375 1675 4
2 17 4500 1675 4
2 19 4550 1750 4
2 20 4560 1565 4
2 22 4710 1565 4
2 23 4860 1565 4
2 24 5010 1565 4
2 30 6525 1575 7
2 31 6675 1575 7
2 35 7075 1575 7
2 38 7625 1775 7
2 39 7410 1575 7
2 41 7409 1576 7
2 47 7975 1575 7
2 48 8075 1575 7
2 51 8375 1575 7
2 52 8475 1575 7
2 56 7725 1825 7
2 59 7625 1925 7
2 60 7575 2075 7
2 70 5675 1825 6
2 72 5425 1825 6
2 73 5525 1825 6
2 75 4975 2025 4
2 80 4675 1950 4
2 81 4775 1975 4
2 82 4425 2050 4
2 84 4175 1950 4
2 85 4125 2050 4
2 86 4275 2050 4
2 88 3875 2075 4
2 89 3975 1975 4
2 94 4325 2150 4
2 95 4275 2225 4
2 96 4275 2325 4
2 98 4525 2150 4
2 99 4600 2225 4
2 101 4775 2125 4
2 103 5450 2375 6
2 108 7525 2375 7
2 115 8703 2197 2
2 116 8825 2425 2
2 124 8225 2600 2
2 125 8125 2575 2
2 128 5350 2400 6
2 130 5450 2675 6
2 131 5250 2400 6
2 132 5175 2475 6
2 133 5175 2675 6
2 136 5025 2675 6
2 138 4175 2425 4
2 146 2275 2525 3
2 156 3325 2900 5
2 162 5075 2775 6
2 166 6125 2875 6
2 167 6025 2875 6
2 171 7875 2775 2
2 174 8125 2775 2
2 175 8075 2875 2
2 176 8025 2775 2
2 178 7975 2975 2
2 179 8775 2825 2
2 181 8775 3025 2
2 183 8775 3275 2
2 184 8625 3225 2
2 185 8525 3225 2
2 186 8075 3075 2
2 192 7425 3275 1
2 195 7325 3225 1
2 196 6125 3025 6
2 197 6025 3175 6
2 201 5175 3150 6
2 207 4325 3200 5
2 209 4275 3125 5
2 216 3825 3475 5
2 217 3975 3375 5
2 219 4275 3300 5
2 220 4175 3400 5
2 222 4500 3300 5
2 223 4400 3300 5
2 228 4975 3325 5
2 230 5025 3450 5
2 232 5275 3525 6
2 237 6575 3525 1
2 238 6975 3525 1
2 242 7150 3475 1
2 243 7625 3525 1
2 246 7425 3425 1
2 252 8225 3325 2
2 253 8475 3525 2
2 254 8325 3525 2
2 259 8425 3625 2
3 5 2556 1639 5
3 7 3275 1600 5
3 9 3475 1600 5
3 10 3575 1600 5
3 18 4450 1750 7
3 25 5160 1565 7
3 26 5310 1565 7
3 27 5460 1565 7
3 34 6875 1575 4
3 40 7560 1575 4
3 42 7560 1576 4
3 43 7825 1675 4
3 44 7710 1575 4
3 45 7711 1575 4
3 53 8825 1625 3
3 54 8820 1928 3
3 57 7725 1975 4
3 58 7475 1975 4
3 61 7075 1975 4
3 63 6775 2075 4
3 64 6975 2075 4
3 65 6675 1925 4
3 69 6025 2075 7
3 91 2925 1875 5
3 97 4425 2150 7
3 100 4600 2325 7
3 102 5175 2325 7
3 105 7275 2275 4
3 107 7425 2325 4
3 110 7775 2350 4
3 111 7825 2175 4
3 117 8575 2450 3
3 118 8725 2525 3
3 119 8625 2600 3
3 121 8475 2600 3
3 122 7975 2475 3
3 123 8225 2500 3
3 127 7750 2650 3
3 129 5450 2525 7
3 135 4975 2525 7
3 139 4175 2625 2
3 140 3925 2450 5
3 142 3325 2450 5
3 143 2925 2425 5
3 147 2375 2525 1
3 148 2175 2525 1
3 150 2249 2786 1
3 153 2552 2785 1
3 154 2651 2787 1
3 155 2925 2925 1
3 158 3925 2900 2
3 163 5175 2875 2
3 164 5450 2825 2
3 165 5450 2925 2
3 168 7575 2875 6
3 177 8125 2975 3
3 182 8775 3125 3
3 187 7975 3275 3
3 188 7975 3075 3
3 193 7425 3125 6
3 194 7425 3025 6
3 199 5275 3250 2
3 200 5450 3025 2
3 206 4425 3200 2
3 208 4175 3200 2
3 213 2925 3198 1
3 214 2925 3475 1
3 215 3925 3475 2
3 218 4325 3575 2
3 225 4675 3400 2
3 226 4775 3375 2
3 227 5175 3300 2
3 233 6050 3375 6
3 235 6450 3375 6
3 236 6675 3325 6
3 241 7150 3325 6
3 244 7575 3425 6
3 245 7475 3525 6
3 251 8225 3425 3
3 255 8575 3325 3
3 258 8575 3700 3
3 261 8375 3775 3
3 266 7925 3775 6
3 269 7150 3750 6
3 271 6575 3750 6
3 275 5275 3675 2
3 276 5375 3675 2
3 278 5204 3772 2
3 279 4675 3675 2
3 280 4925 3800 2
3 284 4425 3675 2
3 287 3625 3750 1
3 288 3475 3750 1
3 289 3225 3750 1
3 293 2575 3675 1
3 295 2275 3675 1
3 296 2375 3675 1
3 297 2175 3675 1
3 298 4775 3225 2
