1 3 2256 1640 5
1 6 2975 1725 5
1 8 3375 1600 2
1 14 4275 1625 2
1 17 4500 1675 2
1 21 4775 1725 2
1 30 6525 1575 1
1 33 6525 1725 1
1 34 6875 1575 4
1 36 7260 1575 4
1 42 7560 1576 4
1 44 7710 1575 4
1 58 7475 1975 4
1 59 7625 1925 4
1 66 6200 1975 1
1 67 6425 2075 1
1 68 6000 1975 1
1 71 5275 1825 1
1 72 5425 1825 1
1 73 5525 1825 1
1 74 5025 1825 2
1 75 4975 2025 2
1 78 4775 1875 2
1 82 4425 2050 2
1 83 4525 2050 2
1 85 4125 2050 2
1 87 3875 1900 2
1 89 3975 1975 2
1 90 3975 2075 2
1 96 4275 2325 2
1 100 4600 2325 2
1 101 4775 2125 2
1 106 7075 2175 4
1 107 7425 2325 4
1 109 7475 2175 4
1 111 7825 2175 4
1 112 7875 2350 4
1 121 8475 2600 3
1 126 7975 2625 3
1 127 7750 2650 3
1 131 5250 2400 6
1 138 4175 2425 2
1 139 4175 2625 2
1 140 3925 2450 2
1 143 2925 2425 5
1 148 2175 2525 5
1 153 2552 2785 5
1 156 3325 2900 7
1 159 4175 2925 7
1 160 4175 2725 2
1 162 5075 2775 6
1 164 5450 2825 6
1 165 5450 2925 6
1 169 7425 2875 3
1 170 7925 2875 3
1 171 7875 2775 3
1 172 7825 2925 3
1 174 8125 2775 3
1 175 8075 2875 3
1 176 8025 2775 3
1 177 8125 2975 3
1 179 8775 2825 3
1 181 8775 3025 3
1 182 8775 3125 3
1 188 7975 3075 3
1 193 7425 3125 3
1 194 7425 3025 3
1 195 7325 3225 3
1 198 5375 3250 6
1 200 5450 3025 6
1 204 4575 3125 6
1 205 4575 3025 6
1 212 3875 3275 7
1 216 3825 3475 7
1 217 3975 3375 7
1 220 4175 3400 7
1 225 4675 3400 6
1 226 4775 3375 6
1 233 6050 3375 6
1 234 5908 3574 6
1 238 6975 3525 3
1 241 7150 3325 3
1 243 7625 3525 3
1 248 7725 3525 3
1 251 8225 3425 3
1 252 8225 3325 3
1 254 8325 3525 3
1 255 8575 3325 3
1 256 8775 3700 3
1 261 8375 3775 3
1 262 8175 3625 3
1 266 7925 3775 3
1 267 7875 3675 3
1 278 5204 3772 6
1 280 4925 3800 6
1 285 4325 3725 7
1 290 3325 3750 7
1 292 2925 3725 7
1 297 2175 3675 5
1 298 4775 3225 6
2 7 3275 1600 1
2 9 3475 1600 1
2 10 3575 1600 1
2 13 3875 1775 1
2 16 4375 1675 1
2 20 4560 1565 1
2 23 4860 1565 1
2 24 5010 1565 1
2 35 7075 1575 6
2 37 7259 1576 6
2 39 7410 1575 6
2 45 7711 1575 4
2 46 7875 1575 4
2 47 7975 1575 4
2 49 8175 1575 4
2 50 8275 1575 4
2 51 8375 1575 4
2 53 8825 1625 4
2 55 8825 1825 4
2 56 7725 1825 4
2 60 7575 2075 4
2 61 7075 1975 6
2 62 6825 1925 6
2 65 6675 1925 6
2 69 6025 2075 6
2 70 5675 1825 6
2 76 5075 1925 1
2 79 4925 1925 1
2 80 4675 1950 1
2 84 4175 1950 1
2 93 4175 2150 1
2 94 4325 2150 1
2 95 4275 2225 1
2 99 4600 2225 1
2 103 5450 2375 5
2 104 6775 2225 6
2 108 7525 2375 4
2 115 8703 2197 4
2 118 8725 2525 4
2 122 7975 2475 4
2 123 8225 2500 4
2 132 5175 2475 5
2 136 5025 2675 5
2 142 3325 2450 2
2 145 2675 2525 2
2 147 2375 2525 2
2 149 2148 2786 2
2 150 2249 2786 2
2 155 2925 2925 2
2 161 4975 2825 5
2 183 8775 3275 7
2 184 8625 3225 7
2 191 7600 3175 7
2 192 7425 3275 7
2 196 6125 3025 3
2 199 5275 3250 5
2 201 5175 3150 5
2 203 4525 3200 5
2 207 4325 3200 5
2 208 4175 3200 5
2 209 4275 3125 5
2 211 3975 3275 5
2 213 2925 3198 2
2 219 4275 3300 5
2 227 5175 3300 5
2 228 4975 3325 5
2 229 5175 3475 5
2 230 5025 3450 5
2 231 5375 3525 5
2 235 6450 3375 3
2 236 6675 3325 3
2 239 6875 3325 3
2 244 7575 3425 7
2 249 7825 3375 7
2 250 7725 3375 7
2 253 8475 3525 7
2 257 8675 3800 7
2 259 8425 3625 7
2 264 8075 3775 7
2 265 8075 3675 7
2 268 7075 3675 3
2 269 7150 3750 3
2 270 6975 3725 3
2 271 6575 3750 3
2 273 5975 3750 3
2 274 5325 3775 5
2 275 5275 3675 5
2 276 5375 3675 5
2 277 5075 3800 5
2 279 4675 3675 5
2 283 4575 3675 5
2 287 3625 3750 2
2 288 3475 3750 2
2 289 3225 3750 2
2 291 3125 3725 2
2 293 2575 3675 2
2 294 2675 3675 2
2 295 2275 3675 2
2 296 2375 3675 2
3 0 2156 1639 3
3 1 2456 1639 3
3 2 2355 1640 3
3 4 2656 1640 3
3 5 2556 1639 3
3 11 3700 1600 6
3 12 3900 1625 6
3 15 4275 1725 6
3 18 4450 1750 6
3 19 4550 1750 6
3 22 4710 1565 6
3 25 5160 1565 6
3 26 5310 1565 6
3 27 5460 1565 6
3 28 5610 1565 6
3 29 6375 1575 4
3 31 6675 1575 4
3 32 6675 1725 4
3 38 7625 1775 4
3 40 7560 1575 4
3 41 7409 1576 4
3 43 7825 1675 4
3 48 8075 1575 4
3 52 8475 1575 5
3 54 8820 1928 5
3 57 7725 1975 4
3 63 6775 2075 4
3 64 6975 2075 4
3 77 5075 2075 6
3 81 4775 1975 6
3 86 4275 2050 6
3 88 3875 2075 6
3 91 2925 1875 3
3 92 2925 2150 3
3 97 4425 2150 6
3 98 4525 2150 6
3 102 5175 2325 7
3 105 7275 2275 4
3 110 7775 2350 4
3 113 8825 2225 5
3 114 8725 2375 5
3 116 8825 2425 5
3 117 8575 2450 5
3 119 8625 2600 5
3 120 8375 2600 5
3 124 8225 2600 5
3 125 8125 2575 5
3 128 5350 2400 7
3 129 5450 2525 7
3 130 5450 2675 7
3 133 5175 2675 7
3 134 5075 2575 7
3 135 4975 2525 7
3 137 4875 2675 7
3 141 3725 2450 2
3 144 2575 2525 3
3 146 2275 2525 3
3 151 2352 2786 3
3 152 2451 2785 3
3 154 2651 2787 3
3 157 3725 2900 2
3 158 3925 2900 2
3 163 5175 2875 7
3 166 6125 2875 7
3 167 6025 2875 7
3 168 7575 2875 1
3 173 7750 2800 1
3 178 7975 2975 1
3 180 8775 2925 5
3 185 8525 3225 5
3 186 8075 3075 1
3 187 7975 3275 1
3 189 7825 3125 1
3 190 7575 3075 1
3 197 6025 3175 7
3 202 5075 3275 7
3 206 4425 3200 2
3 210 4275 3025 2
3 214 2925 3475 2
3 215 3925 3475 2
3 218 4325 3575 2
3 221 4125 3300 2
3 222 4500 3300 2
3 223 4400 3300 2
3 224 4725 3525 2
3 232 5275 3525 7
3 237 6575 3525 1
3 240 6775 3425 1
3 242 7150 3475 1
3 245 7475 3525 1
3 246 7425 3425 1
3 247 7825 3525 1
3 258 8575 3700 1
3 260 8325 3625 1
3 263 8225 3775 1
3 272 6375 3750 1
3 281 4925 3675 2
3 282 4775 3675 2
3 284 4425 3675 2
3 286 3825 3650 2
