1 0 1025.7 1971.3 4
1 7 1019.79 1953.58 4
1 9 1043.44 1941.77 4
1 18 1037.53 1924.06 4
1 17 1049.35 1924.06 4
1 15 1067.08 1929.96 4
1 23 1031.61 1906.34 4
1 21 984.319 1918.15 4
1 24 996.143 1906.34 4
1 6 1090.73 1953.58 4
1 25 1049.35 1900.44 4
1 4 1096.64 1959.49 4
1 5 1102.56 1953.58 4
1 20 1090.73 1918.15 4
1 345 1776.51 2030.35 8
1 344 1800.15 2030.35 8
1 346 1764.68 2030.35 8
1 321 1776.51 2042.16 8
1 302 1782.42 2048.06 8
1 320 1800.15 2042.16 8
1 347 1752.86 2030.35 8
1 343 1811.98 2030.35 8
1 322 1752.86 2042.16 8
1 330 1746.95 2036.25 8
1 342 1823.8 2030.35 8
1 303 1746.95 2048.06 8
1 229 1599.15 164.357 5
1 205 1605.06 170.262 5
1 207 1593.24 170.262 5
1 206 1605.06 158.452 5
1 227 1610.97 164.357 5
1 208 1593.24 158.452 5
1 231 1587.33 164.357 5
1 230 1599.15 152.547 5
1 203 1616.89 170.262 5
1 228 1610.97 152.547 5
1 209 1581.41 170.262 5
1 204 1616.89 158.452 5
1 232 1587.33 152.547 5
1 210 1581.41 158.452 5
1 225 1622.8 164.357 5
1 233 1575.5 164.357 5
1 226 1622.8 152.547 5
1 201 1628.71 170.262 5
1 234 1575.5 152.547 5
1 202 1628.71 158.452 5
1 211 1569.59 170.262 5
1 212 1569.59 158.452 5
1 378 670.992 170.261 3
1 250 647.346 158.452 3
1 249 647.346 170.262 3
1 377 694.64 170.261 3
1 273 641.434 164.357 3
1 274 641.434 152.547 3
1 252 635.522 158.452 3
1 251 635.522 170.262 3
1 275 629.611 164.357 3
1 276 629.611 152.547 3
1 254 623.699 158.452 3
1 253 623.699 170.262 3
1 398 718.287 158.451 3
1 277 617.787 164.357 3
1 278 617.787 152.547 3
1 256 611.875 158.452 3
1 255 611.875 170.262 3
1 376 730.111 170.261 3
1 279 605.963 164.357 3
1 280 605.963 152.547 3
1 258 600.051 158.452 3
1 257 600.051 170.262 3
1 397 741.934 158.451 3
1 375 741.934 170.261 3
1 281 594.14 164.357 3
1 282 594.14 152.547 3
1 260 588.228 158.452 3
1 48 759.67 1398.51 7
1 45 753.758 1416.22 7
1 50 753.758 1274.5 7
1 42 617.786 1445.75 7
1 49 605.962 1398.51 7
1 47 594.138 1410.32 7
1 51 659.169 1250.88 7
1 87 1161.67 760.765 1
1 83 1167.59 766.67 1
1 94 1173.5 748.955 1
1 90 1179.41 754.861 1
1 77 1185.32 772.576 1
1 82 1191.23 766.67 1
1 65 1132.11 790.29 1
1 95 1132.11 743.05 1
1 96 1120.29 743.05 1
1 69 1114.38 784.386 1
1 62 1114.38 796.196 1
1 81 1214.88 766.67 1
1 66 1108.47 790.29 1
1 73 1096.64 778.481 1
1 76 1232.62 772.576 1
1 86 1232.62 760.765 1
1 158 623.699 2036.25 6
1 179 629.611 2042.16 6
1 181 617.787 2042.16 6
1 157 623.699 2048.06 6
1 180 629.611 2030.35 6
1 156 635.522 2036.25 6
1 182 617.787 2030.35 6
1 160 611.875 2036.25 6
1 155 635.522 2048.06 6
1 159 611.875 2048.06 6
1 177 641.434 2042.16 6
1 178 641.434 2030.35 6
1 183 605.963 2042.16 6
1 184 605.963 2030.35 6
1 154 647.346 2036.25 6
1 153 647.346 2048.06 6
1 162 600.051 2036.25 6
1 161 600.051 2048.06 6
1 185 594.14 2042.16 6
1 186 594.14 2030.35 6
1 164 588.228 2036.25 6
1 163 588.228 2048.06 6
1 146 1528.21 2030.35 2
1 148 1516.38 2030.35 2
1 144 1540.03 2030.35 2
1 124 1522.3 2036.25 2
1 122 1534.12 2036.25 2
1 150 1504.56 2030.35 2
1 126 1510.47 2036.25 2
1 142 1551.85 2030.35 2
1 120 1545.94 2036.25 2
1 145 1528.21 2042.16 2
1 147 1516.38 2042.16 2
1 143 1540.03 2042.16 2
1 128 1498.65 2036.25 2
1 152 1492.74 2030.35 2
1 149 1504.56 2042.16 2
1 123 1522.3 2048.06 2
1 121 1534.12 2048.06 2
1 118 1557.77 2036.25 2
1 141 1551.85 2042.16 2
1 388 1853.36 158.451 9
1 389 1841.54 158.451 9
1 359 1853.36 170.261 9
1 360 1841.54 170.261 9
1 401 1859.27 152.546 9
1 379 1871.09 164.357 9
2 31 1013.88 1876.82 3
2 30 1078.91 1882.72 3
2 12 1132.11 1935.87 3
2 19 1126.2 1918.15 3
2 27 1114.38 1894.53 3
2 348 913.377 2030.35 3
2 1 1161.67 1965.39 3
2 308 907.466 2048.06 3
2 3 1167.59 1959.49 3
2 333 895.642 2036.25 3
2 349 889.73 2030.35 3
2 11 1167.59 1935.87 3
2 309 895.642 2048.06 3
2 323 889.73 2042.16 3
2 301 1829.71 2048.06 9
2 331 1723.3 2036.25 9
2 329 1841.54 2036.25 9
2 304 1723.3 2048.06 9
2 300 1841.54 2048.06 9
2 328 1853.36 2036.25 9
2 299 1853.36 2048.06 9
2 305 1711.47 2048.06 9
2 341 1859.27 2030.35 9
2 332 1699.65 2036.25 9
2 340 1871.09 2030.35 9
2 235 1563.68 164.357 8
2 236 1563.68 152.547 8
2 213 1557.77 170.262 8
2 214 1557.77 158.452 8
2 237 1551.85 164.357 8
2 238 1551.85 152.547 8
2 367 1652.36 170.261 8
2 215 1545.94 170.262 8
2 216 1545.94 158.452 8
2 239 1540.03 164.357 8
2 240 1540.03 152.547 8
2 217 1534.12 170.262 8
2 218 1534.12 158.452 8
2 241 1528.21 164.357 8
2 242 1528.21 152.547 8
2 366 1676 170.261 8
2 219 1522.3 170.262 8
2 220 1522.3 158.452 8
2 243 1516.38 164.357 8
2 244 1516.38 152.547 8
2 221 1510.47 170.262 8
2 259 588.228 170.262 4
2 283 582.316 164.357 4
2 284 582.316 152.547 4
2 262 576.404 158.452 4
2 261 576.404 170.262 4
2 396 765.581 158.451 4
2 374 765.581 170.261 4
2 285 570.492 164.357 4
2 286 570.492 152.547 4
2 386 771.494 164.357 4
2 416 771.494 152.546 4
2 264 564.581 158.452 4
2 263 564.581 170.262 4
2 287 558.669 164.357 4
2 288 558.669 152.547 4
2 415 783.317 152.546 4
2 266 552.757 158.452 4
2 265 552.757 170.262 4
2 289 546.845 164.357 4
2 290 546.845 152.547 4
2 385 795.141 164.357 4
2 414 795.141 152.546 4
2 268 540.933 158.452 4
2 267 540.933 170.262 4
2 373 801.053 170.261 4
2 291 535.022 164.357 4
2 46 1031.61 1410.32 2
2 43 1031.61 1422.13 2
2 40 576.403 1522.52 2
2 54 611.874 1227.26 2
2 53 594.138 1244.98 2
2 56 659.169 1156.4 2
2 44 1108.47 1416.22 2
2 63 1090.73 796.196 1
2 84 1084.82 766.67 1
2 72 1238.53 778.481 1
2 78 1078.91 772.576 1
2 85 1073 766.67 1
2 93 1244.44 748.955 1
2 89 1250.35 754.861 1
2 88 1262.18 754.861 1
2 79 1055.26 772.576 1
2 68 1268.09 784.386 1
2 92 1268.09 748.955 1
2 74 1049.35 778.481 1
2 64 1274 790.29 1
2 60 1037.53 802.101 1
2 70 1031.61 784.386 1
2 99 1037.53 719.43 1
2 187 582.316 2042.16 6
2 188 582.316 2030.35 6
2 318 670.992 2048.06 6
2 166 576.404 2036.25 6
2 165 576.404 2048.06 6
2 189 570.492 2042.16 6
2 190 570.492 2030.35 6
2 168 564.581 2036.25 6
2 167 564.581 2048.06 6
2 191 558.669 2042.16 6
2 192 558.669 2030.35 6
2 317 694.64 2048.06 6
2 170 552.757 2036.25 6
2 169 552.757 2048.06 6
2 193 546.845 2042.16 6
2 194 546.845 2030.35 6
2 172 540.933 2036.25 6
2 171 540.933 2048.06 6
2 195 535.022 2042.16 6
2 196 535.022 2030.35 6
2 338 718.287 2036.25 6
2 140 1563.68 2030.35 7
2 125 1510.47 2048.06 7
2 119 1545.94 2048.06 7
2 151 1492.74 2042.16 7
2 127 1498.65 2048.06 7
2 139 1563.68 2042.16 7
2 117 1557.77 2048.06 7
2 116 1569.59 2036.25 7
2 138 1575.5 2030.35 7
2 115 1569.59 2048.06 7
2 137 1575.5 2042.16 7
2 114 1581.41 2036.25 7
2 136 1587.33 2030.35 7
2 113 1581.41 2048.06 7
2 135 1587.33 2042.16 7
2 112 1593.24 2036.25 7
2 134 1599.15 2030.35 7
2 111 1593.24 2048.06 7
2 361 1829.71 170.261 5
2 400 1871.09 152.546 5
2 402 1823.8 152.546 5
2 387 1877.01 158.451 5
2 358 1877.01 170.261 5
3 350 877.906 2030.35 1
3 16 1179.41 1924.06 8
3 334 871.994 2036.25 1
3 2 1191.23 1959.49 8
3 310 871.994 2048.06 1
3 335 860.171 2036.25 1
3 26 1185.32 1894.53 8
3 311 860.171 2048.06 1
3 351 842.435 2030.35 1
3 312 848.347 2048.06 1
3 352 830.612 2030.35 1
3 8 1232.62 1941.77 8
3 14 1244.44 1929.96 8
3 319 1871.09 2042.16 4
3 327 1877.01 2036.25 4
3 298 1877.01 2048.06 4
3 297 1888.83 2048.06 4
3 306 1676 2048.06 4
3 339 1894.74 2030.35 4
3 307 1652.36 2048.06 4
3 106 1628.71 2036.25 4
3 105 1628.71 2048.06 4
3 32 1735.12 1746.91 4
3 34 1729.21 1741 4
3 222 1510.47 158.452 6
3 245 1504.56 164.357 6
3 246 1504.56 152.547 6
3 392 1699.65 158.451 6
3 223 1498.65 170.262 6
3 224 1498.65 158.452 6
3 247 1492.74 164.357 6
3 248 1492.74 152.547 6
3 365 1711.47 170.261 6
3 364 1723.3 170.261 6
3 391 1723.3 158.451 6
3 363 1746.95 170.261 6
3 390 1746.95 158.451 6
3 382 1752.86 164.357 6
3 407 1752.86 152.546 6
3 406 1764.68 152.546 6
3 381 1776.51 164.357 6
3 405 1776.51 152.546 6
3 362 1782.42 170.261 6
3 102 1610.97 548.184 6
3 292 535.022 152.547 9
3 270 529.109 158.452 9
3 269 529.109 170.262 9
3 293 523.198 164.357 9
3 294 523.198 152.547 9
3 384 818.788 164.357 2
3 413 818.788 152.546 2
3 272 517.286 158.452 9
3 271 517.286 170.262 9
3 295 511.374 164.357 9
3 296 511.374 152.547 9
3 412 830.612 152.546 2
3 411 842.435 152.546 2
3 372 848.347 170.261 2
3 395 860.171 158.451 2
3 371 860.171 170.261 2
3 394 871.994 158.451 2
3 370 871.994 170.261 2
3 410 877.906 152.546 2
3 383 889.73 164.357 2
3 409 889.73 152.546 2
3 393 895.642 158.451 2
3 369 895.642 170.261 2
3 368 907.466 170.261 2
3 408 913.377 152.546 2
3 35 736.022 1741 1
3 33 741.934 1746.91 1
3 41 1149.85 1445.75 8
3 37 529.108 1723.29 7
3 52 1268.09 1244.98 3
3 55 1279.91 1221.36 3
3 91 1025.7 754.861 5
3 80 1019.79 772.576 5
3 97 1019.79 725.335 5
3 67 1013.88 790.29 5
3 61 1315.38 796.196 3
3 100 1002.05 719.43 5
3 98 996.143 725.335 5
3 75 978.407 778.481 5
3 101 1173.5 559.994 5
3 103 1173.5 548.184 5
3 58 1149.85 996.967 3
3 104 1220.79 536.374 5
3 57 1226.7 1002.87 3
3 59 1610.97 973.347 3
3 71 1664.18 778.481 3
3 174 529.109 2036.25 7
3 173 529.109 2048.06 7
3 197 523.198 2042.16 7
3 198 523.198 2030.35 7
3 316 730.111 2048.06 1
3 176 517.286 2036.25 7
3 175 517.286 2048.06 7
3 199 511.374 2042.16 7
3 200 511.374 2030.35 7
3 337 741.934 2036.25 1
3 315 741.934 2048.06 1
3 336 765.581 2036.25 1
3 314 765.581 2048.06 1
3 326 771.494 2042.16 1
3 356 771.494 2030.35 1
3 355 783.317 2030.35 1
3 325 795.141 2042.16 1
3 354 795.141 2030.35 1
3 313 801.053 2048.06 1
3 324 818.788 2042.16 1
3 353 818.788 2030.35 1
3 133 1599.15 2042.16 4
3 110 1605.06 2036.25 4
3 132 1610.97 2030.35 4
3 109 1605.06 2048.06 4
3 131 1610.97 2042.16 4
3 108 1616.89 2036.25 4
3 130 1622.8 2030.35 4
3 107 1616.89 2048.06 4
3 129 1622.8 2042.16 4
3 22 1327.2 1906.34 8
3 28 1315.38 1882.72 8
3 29 1291.73 1882.72 8
3 13 1268.09 1929.96 8
3 36 1522.3 1723.29 8
3 10 1238.53 1935.87 8
3 39 1569.59 1522.52 8
3 38 1185.32 1646.52 8
3 403 1811.98 152.546 6
3 357 1888.83 170.261 6
3 399 1894.74 152.546 6
3 380 1800.15 164.357 6
3 404 1800.15 152.546 6
