1 0 90 0 1
1 3 61.13 -149.53 3
1 5 49.16 -123.07 3
1 6 53.33 -113.28 3
1 10 49.53 -97.09 3
1 13 45.25 -75.42 3
1 14 45.31 -73.34 3
1 16 44.39 -63.36 3
1 21 37.48 -122.24 3
1 23 32.43 -117.09 3
1 24 40.46 -111.53 3
1 26 39.43 -105.01 3
1 27 35.05 -106.4 3
1 28 31.45 -106.29 3
1 29 46.47 -92.06 3
1 30 44.59 -93.13 3
1 31 41.16 -95.57 3
1 32 39.07 -94.39 3
1 35 29.46 -95.22 3
1 39 35.08 -90.03 3
1 44 33.45 -84.23 3
1 55 22.13 -97.51 3
1 57 20.4 -103.2 3
1 58 19.24 -99.09 3
1 60 19.2 -96.4 3
1 64 20.58 -89.37 3
1 65 17.3 -88.12 3
1 66 14.38 -90.31 3
1 67 13.42 -89.12 3
1 68 14.06 -87.13 3
1 69 12.09 -86.17 3
1 70 9.56 -84.05 3
1 71 8.58 -79.32 6
1 75 18 -76.48 3
1 77 18.28 -69.54 6
1 84 5.5 -55.1 6
1 87 10.4 -71.37 6
1 89 6.15 -75.35 6
1 95 -2.1 -79.5 6
1 97 -8.07 -79.02 6
1 101 -16.3 -68.09 6
1 105 -33.27 -70.4 6
1 106 -36.5 -73.03 6
1 108 -51.42 -57.51 6
1 113 -32.57 -60.4 6
1 118 -30.04 -51.11 6
1 119 -27.35 -48.34 6
1 122 -22.54 -43.14 6
1 123 -20.23 -43.3 6
1 126 -15.35 -56.05 6
1 131 -5.47 -35.13 6
1 134 -2.31 -44.16 6
1 135 -1.27 -48.29 6
1 137 -8.46 -63.54 6
1 142 33.39 -7.35 1
1 149 36.22 6.37 1
1 152 32.54 13.11 1
1 153 32.07 20.04 1
1 157 30.03 31.15 1
1 158 24.05 32.53 5
1 159 19.37 37.14 5
1 161 13.11 30.13 7
1 163 15.2 38.53 5
1 167 14.4 -17.26 7
1 178 5.33 -0.13 7
1 179 6.08 1.13 7
1 181 12.22 -1.31 7
1 186 6.27 3.24 7
1 191 4.22 18.35 7
1 192 0.23 9.27 7
1 197 0.3 25.12 7
1 206 -8.48 13.14 7
1 209 -12.49 28.13 7
1 211 -20.09 28.36 7
1 221 -24.45 25.55 7
1 224 -29.12 26.07 7
1 227 -33.58 25.4 7
1 237 37.23 -5.59 1
1 238 36.32 -6.18 1
1 239 36.43 -4.25 1
1 241 37.53 -4.46 1
1 243 39.28 -0.22 1
1 246 40.24 -3.41 1
1 250 38.54 1.26 1
1 251 39.34 2.39 1
1 252 42.3 1.31 1
1 257 43.42 7.23 1
1 258 42.42 9.27 1
1 260 45.26 4.24 1
1 277 51.03 3.43 1
1 282 52.05 5.08 1
1 284 50.23 -4.1 1
1 285 50.43 -1.54 1
1 287 51.29 -3.13 1
1 290 52.3 -1.5 1
1 299 57.1 -2.04 1
1 308 64.11 -51.44 3
1 315 60.1 24.58 1
1 318 58.58 5.45 1
1 319 59.55 10.45 1
1 320 57.43 11.58 1
1 324 57.38 18.18 1
1 333 52.24 9.44 1
1 334 52.07 11.38 1
1 337 50.44 7.05 1
1 339 51.12 6.47 1
1 341 51.28 7.01 1
1 344 51.31 7.28 1
1 345 51.19 9.29 1
1 348 51.19 12.2 1
1 349 50.5 12.55 1
1 354 49.48 9.56 1
1 355 49.27 11.04 1
1 360 46.12 6.09 1
1 362 46.57 7.26 1
1 365 47.16 11.24 1
1 367 48.18 14.18 1
1 370 45.03 7.4 1
1 372 45.27 11 1
1 376 44.29 11.2 1
1 378 43.55 12.28 1
1 386 37.3 15.06 1
1 389 53.24 14.32 1
1 390 54.23 18.4 1
1 393 51.46 19.3 1
1 397 50.16 19 1
1 398 50.03 19.58 1
1 399 51.15 22.35 1
1 401 50.05 14.26 1
1 403 49.12 16.37 1
1 407 47.32 21.38 1
1 408 46.05 18.13 1
1 410 45.45 21.13 1
1 411 46.47 23.36 1
1 412 47.1 27.35 1
1 414 45.39 25.37 1
1 415 44.26 26.06 1
1 428 43.13 27.55 1
1 429 42.3 27.28 1
1 433 37.58 23.43 1
1 436 68.58 33.05 1
1 439 59.25 24.45 1
1 440 56.57 24.06 1
1 441 54.43 20.3 1
1 450 53.12 50.09 5
1 461 58 56.15 5
1 465 55 73.24 5
1 470 41.2 69.18 5
1 475 47.55 106.53 2
1 476 52.03 113.3 2
1 481 50.17 127.32 2
1 482 50.35 137.02 2
1 483 48.27 135.06 2
1 484 46.58 142.42 2
1 491 39.55 41.17 5
1 493 37.01 35.18 1
1 495 34.44 36.43 5
1 504 21.27 39.49 5
1 505 15.23 44.12 5
1 506 14.48 42.57 5
1 514 29.2 47.59 5
1 515 30.3 47.47 5
1 517 35.28 44.28 5
1 521 35.4 51.26 5
1 526 30.17 57.05 5
1 528 34.2 62.12 5
1 530 34.31 69.12 5
1 533 31.25 73.05 5
1 534 30.11 71.29 5
1 535 30.12 67 5
1 538 24.52 67.03 5
1 539 30.19 78.02 5
1 540 28.4 77.13 5
1 545 25.36 85.07 5
1 547 23.02 72.37 5
1 551 17.23 78.29 5
1 553 15.21 75.1 5
1 557 9.56 78.07 5
1 558 6.56 79.51 5
1 559 27.43 85.19 5
1 562 22.2 91.5 5
1 563 22 96.05 2
1 568 21.02 105.51 2
1 572 11.33 104.55 2
1 575 3.1 101.42 2
1 582 -7.48 110.22 4
1 584 -8.39 115.13 4
1 593 -5.4 132.45 4
1 596 10.42 122.34 2
1 603 34.15 108.52 2
1 608 26.06 119.17 2
1 609 30.36 114.17 2
1 610 32.03 118.47 2
1 612 34.48 113.39 2
1 613 36.06 120.19 2
1 614 37.55 112.3 2
1 615 39.08 117.12 2
1 618 41.48 123.27 2
1 619 45.45 126.41 2
1 624 39.43 140.07 2
1 625 38.15 140.53 2
1 626 35.42 139.46 2
1 628 36.34 136.39 2
1 630 34.4 135.3 2
1 631 34.24 132.27 2
1 632 32.48 129.55 2
1 637 -4.12 152.12 4
1 638 -9.3 147.1 4
1 640 -31.56 115.5 4
1 642 -37.49 144.58 4
1 643 -42.53 147.19 4
1 644 -33.52 151.13 4
1 645 -27.28 153.02 4
1 646 -19.16 146.48 4
1 648 -45.52 170.3 4
1 650 -41.18 174.47 4
1 653 -14.16 -170.42 3
1 654 -18.08 178.25 4
1 655 -22.16 166.27 4
1 656 -9.26 159.57 4
1 659 21.19 -157.52 3
1 660 1.52 -157.2 3
1 662 -17.32 -149.34 3
2 1 71.17 -156.47 6
2 2 64.51 -147.43 6
2 4 58.2 -134.27 6
2 7 51.03 -114.05 6
2 8 50.25 -104.39 6
2 9 52.07 -106.38 6
2 11 58.46 -94.1 6
2 12 43.39 -79.23 6
2 15 46.49 -71.14 6
2 18 47.36 -122.2 6
2 19 47.4 -117.23 6
2 22 34.03 -118.15 6
2 25 33.27 -112.05 6
2 33 35.28 -97.32 6
2 34 32.47 -96.48 6
2 36 43.02 -87.55 6
2 37 41.53 -87.38 6
2 38 38.39 -90.25 6
2 40 29.58 -90.07 6
2 48 38.54 -77.01 6
2 49 30.2 -81.4 6
2 50 25.46 -80.12 6
2 51 25.05 -77.21 6
2 52 28.38 -106.05 6
2 53 25.33 -103.26 6
2 54 25.4 -100.19 6
2 56 22.09 -100.59 6
2 59 19.03 -98.12 6
2 61 16.51 -99.55 6
2 62 17.03 -96.43 6
2 72 23.08 -82.22 6
2 73 22.24 -79.58 6
2 74 20.01 -75.49 6
2 76 18.32 -72.2 1
2 82 12.06 -68.56 1
2 85 6.48 -58.1 1
2 86 10.3 -66.56 1
2 88 10.59 -74.48 1
2 90 4.36 -74.05 1
2 91 3.27 -76.31 1
2 92 -0.56 -91.01 1
2 93 -0.13 -78.3 1
2 98 -12.03 -77.03 1
2 99 -13.31 -71.59 1
2 100 -16.24 -71.33 1
2 102 -17.48 -63.1 1
2 104 -23.39 -70.24 1
2 107 -53.09 -70.55 1
2 109 -38.43 -62.17 1
2 110 -38 -57.33 1
2 112 -34.36 -58.27 1
2 114 -31.24 -64.11 1
2 115 -32.53 -68.49 1
2 124 -19.55 -43.56 1
2 125 -20.27 -54.37 1
2 132 -3.43 -38.3 1
2 136 -3.08 -60.01 1
2 143 34.02 -6.51 3
2 150 36.48 10.11 3
2 169 11.51 -15.35 3
2 177 6.41 -1.35 4
2 189 3.45 8.47 4
2 196 -5.54 22.25 4
2 200 0.19 32.25 4
2 205 -6.48 39.17 4
2 208 -11.4 27.28 4
2 210 -15.25 28.17 4
2 214 -19.49 34.52 4
2 215 -25.58 32.35 4
2 216 -15.57 -5.42 4
2 222 -25.45 28.1 4
2 229 -23.21 43.4 4
2 230 -18.55 47.31 4
2 231 -12.16 49.17 4
2 233 -4.38 55.27 4
2 242 38.21 -0.29 3
2 254 43.36 1.26 3
2 255 43.18 5.24 3
2 259 45.5 1.16 3
2 262 45.1 5.43 3
2 265 47.13 -1.33 3
2 274 50.38 5.34 3
2 278 51.13 4.25 3
2 279 51.26 5.28 3
2 283 53.13 6.33 3
2 289 51.3 -0.1 3
2 291 53.25 -2.55 3
2 293 53.23 -1.3 3
2 297 55.53 -4.15 3
2 300 60.09 -1.09 3
2 301 62.01 -6.46 3
2 302 51.54 -8.28 3
2 304 53.2 -6.15 3
2 306 55 -7.19 3
2 309 76.34 -68.47 6
2 310 70.4 23.42 3
2 311 68.26 17.25 3
2 312 65.01 25.28 3
2 314 60.27 22.17 3
2 316 63.25 10.25 3
2 317 60.23 5.2 3
2 321 55.36 13 3
2 322 58.25 15.37 3
2 326 55.24 10.23 3
2 327 55.4 12.35 3
2 328 53.04 8.49 3
2 329 53.33 9.59 3
2 330 54.2 10.08 3
2 331 54.05 12.07 3
2 336 50.47 6.05 3
2 340 51.17 7.17 3
2 342 51.28 7.13 3
2 346 50.58 11.01 3
2 350 51.03 13.44 3
2 353 49.25 8.43 3
2 357 48.46 9.11 3
2 358 49.01 12.06 3
2 359 48.08 11.34 3
2 364 47.23 8.32 3
2 366 47.48 13.02 3
2 369 47.05 15.27 3
2 374 45.4 13.46 3
2 379 39.2 9 3
2 384 40.28 17.15 3
2 388 35.54 14.31 3
2 391 53.08 18 3
2 394 52.15 21 3
2 395 53.09 23.09 3
2 396 51.06 17 3
2 402 49.5 18.17 3
2 405 48.43 21.15 3
2 409 46.15 20.09 3
2 416 44.11 28.39 3
2 418 45.2 14.27 3
2 424 41.59 21.26 3
2 426 42.41 23.19 3
2 431 40.38 22.56 3
2 437 64.34 40.32 3
2 442 54.41 25.19 3
2 446 46.28 30.44 3
2 447 55.45 37.35 3
2 448 56.2 44 3
2 451 51.4 39.1 3
2 454 44.36 33.32 3
2 457 46.21 48.03 3
2 458 41.43 44.49 3
2 459 40.11 44.3 3
2 462 56.51 60.36 2
2 463 67.27 63.58 2
2 464 69.2 88.06 2
2 466 55.02 82.55 2
2 467 56.01 92.5 2
2 468 49.5 73.1 2
2 473 43.48 87.35 2
2 474 52.16 104.2 2
2 477 62.13 129.49 7
2 478 64.45 177.29 7
2 479 53.01 158.39 7
2 480 59.34 150.48 7
2 485 43.1 131.56 7
2 488 39.56 32.52 3
2 490 39.45 37.02 3
2 494 36.12 37.1 3
2 497 33.53 35.3 3
2 498 31.57 35.56 3
2 501 31.46 35.14 3
2 502 24.28 39.36 3
2 507 12.45 45.12 4
2 516 33.21 44.25 3
2 519 38.05 46.18 3
2 543 26.28 80.21 2
2 544 25.2 83 2
2 549 20.3 85.5 2
2 550 18.58 72.5 2
2 552 17.42 83.18 2
2 561 23.43 90.25 2
2 565 18.47 98.59 2
2 569 16.28 107.36 5
2 577 3.35 98.4 5
2 578 -0.57 100.21 5
2 580 -6.1 106.48 5
2 581 -6.54 107.36 5
2 583 -7.15 112.45 5
2 585 -10.1 123.35 5
2 586 -3.2 114.35 5
2 587 1.33 110.2 5
2 588 4.56 114.55 5
2 589 -0.3 117.09 5
2 590 -5.07 119.24 5
2 591 1.29 124.51 5
2 592 -3.43 128.12 5
2 594 7.04 125.36 5
2 595 10.18 123.54 5
2 598 22.17 114.09 7
2 599 22.38 120.17 7
2 600 25.03 121.3 7
2 602 36.03 103.41 2
2 604 30.39 104.04 2
2 611 31.14 121.28 7
2 616 39.55 116.25 7
2 617 38.53 121.35 7
2 620 39.01 125.45 7
2 621 37.33 126.58 7
2 622 35.06 129.03 7
2 623 43.03 141.21 7
2 627 35.1 136.55 7
2 629 35 135.45 7
2 633 31.36 130.33 7
2 634 26.13 127.4 7
2 635 13.28 144.47 7
2 636 -2.32 140.42 5
2 639 -12.28 130.5 5
2 641 -34.55 138.35 5
2 647 -23.42 133.53 5
2 649 -43.32 172.38 5
2 651 -36.52 174.46 5
2 652 -21.08 -175.12 6
2 657 -0.32 166.55 5
2 658 11.35 165.23 7
2 661 -9.45 -139 6
2 663 -25.04 -130.06 1
2 664 -27.07 -109.22 1
2 665 -90 0 4
3 17 47.34 -52.43 2
3 20 38.35 -121.3 2
3 41 42.2 -83.03 2
3 42 40.26 -80 2
3 43 39.06 -84.31 2
3 45 42.21 -71.04 2
3 46 40.43 -74.01 2
3 47 39.57 -75.07 2
3 63 17.59 -92.55 2
3 78 18.28 -66.07 2
3 79 14.36 -61.05 7
3 80 13.06 -59.37 7
3 81 10.39 -61.31 7
3 83 4.56 -52.2 7
3 94 -1.4 -78.38 7
3 96 -3.46 -73.15 7
3 103 -19.35 -65.45 7
3 111 -34.5 -56.12 7
3 116 -26.49 -65.13 7
3 117 -25.16 -57.4 7
3 120 -25.25 -49.15 7
3 121 -23.32 -46.37 7
3 127 -16.4 -49.16 7
3 128 -15.47 -47.55 7
3 129 -12.59 -38.31 7
3 130 -8.03 -34.54 7
3 133 -5.05 -42.49 7
3 138 14.55 -23.31 6
3 139 28.06 -15.24 6
3 140 32.38 -16.54 6
3 141 31.38 -8 6
3 144 34.05 -4.57 5
3 145 35.48 -5.45 5
3 146 35.43 -0.43 5
3 147 36.47 3.03 5
3 148 22.56 5.3 6
3 151 34.44 10.46 5
3 154 31.12 29.54 4
3 155 31.16 32.18 4
3 156 29.58 32.33 4
3 160 15.36 32.32 4
3 162 13.38 25.21 4
3 164 9 38.5 4
3 165 11.36 43.09 4
3 166 18.06 -15.57 6
3 168 13.28 -16.39 6
3 170 16.46 -3.01 6
3 171 12.39 -8 6
3 172 10.23 -9.18 6
3 173 9.31 -13.43 6
3 174 8.3 -13.15 6
3 175 6.18 -10.47 6
3 176 5.19 -4.02 6
3 180 6.29 2.37 6
3 182 13.31 2.07 6
3 183 12 8.3 6
3 184 11.51 13.1 6
3 185 12.07 15.03 6
3 187 6.27 7.27 6
3 188 0.2 6.44 6
3 190 3.52 11.31 6
3 193 -4.16 15.17 1
3 194 -4.18 15.18 1
3 195 0.04 18.16 1
3 198 -3.23 29.22 1
3 199 -1.57 30.04 1
3 201 -1.17 36.49 1
3 202 2.01 45.2 1
3 203 -4.03 39.4 1
3 204 -6.1 39.11 1
3 207 -12.44 15.47 1
3 212 -17.5 31.03 1
3 213 -15.47 35 1
3 217 -37.15 -12.3 1
3 218 -22.59 14.31 1
3 219 -22.34 17.06 1
3 220 -26.38 15.1 1
3 223 -26.15 28 1
3 225 -29.55 30.56 1
3 226 -33 27.55 1
3 228 -33.55 18.22 1
3 232 -20.1 57.3 1
3 234 37.44 -25.4 6
3 235 38.43 -9.08 5
3 236 41.11 -8.36 5
3 240 37.13 -3.41 5
3 244 41.23 2.11 5
3 245 41.38 -0.53 5
3 247 41.39 -4.43 5
3 248 43.15 -2.58 5
3 249 43.22 -8.23 5
3 253 44.5 -0.34 5
3 256 43.42 7.15 5
3 261 45.45 4.51 5
3 263 48.24 -4.29 5
3 264 48.05 -1.41 5
3 266 47.23 0.41 5
3 267 49.3 0.08 5
3 268 48.52 2.2 5
3 269 49.15 4.02 5
3 270 47.19 5.01 5
3 271 48.41 6.12 5
3 272 48.35 7.45 5
3 273 49.36 6.09 5
3 275 50.5 4.2 5
3 276 50.38 3.04 5
3 280 51.55 4.28 5
3 281 52.22 4.54 5
3 286 50.5 -0.08 5
3 288 51.27 -2.35 5
3 292 53.3 -2.15 5
3 294 53.5 -1.35 5
3 295 54.59 -1.35 5
3 296 55.57 -3.13 5
3 298 56.28 -3 5
3 303 52.4 -8.38 5
3 305 54.35 -5.55 5
3 307 64.09 -21.51 5
3 313 61.3 23.45 5
3 323 59.2 18.03 5
3 325 56.09 10.13 5
3 332 51.57 7.37 5
3 335 52.31 13.24 5
3 338 50.56 6.59 5
3 343 51.32 7.13 5
3 347 51.29 11.58 5
3 351 49.14 6.59 5
3 352 50.07 8.4 5
3 356 49.03 8.24 5
3 361 46.31 6.38 5
3 363 47.33 7.35 5
3 368 48.13 16.2 5
3 371 45.28 9.12 5
3 373 45.27 12.21 5
3 375 44.25 8.57 5
3 377 43.46 11.15 5
3 380 41.54 12.29 5
3 381 40.51 14.17 5
3 382 41.27 15.34 5
3 383 41.07 16.52 5
3 385 38.11 15.33 5
3 387 38.07 13.21 5
3 392 52.25 16.55 5
3 400 49.45 13.23 5
3 404 48.09 17.07 5
3 406 47.3 19.05 5
3 413 45.48 24.09 5
3 417 46.03 14.31 5
3 419 45.48 15.58 5
3 420 43.31 16.27 5
3 421 43.52 18.25 5
3 422 44.5 20.3 5
3 423 42.38 18.07 5
3 425 41.2 19.5 5
3 427 42.09 24.45 5
3 430 39.36 19.56 5
3 432 38.15 21.44 5
3 434 35.2 25.09 4
3 435 35.1 33.22 4
3 438 59.55 30.15 5
3 443 53.54 27.34 5
3 444 49.5 24 5
3 445 50.26 30.31 4
3 449 55.45 49.08 4
3 452 50 36.15 4
3 453 48.27 34.59 4
3 455 47.14 39.42 4
3 456 48.44 44.25 4
3 460 40.23 49.51 4
3 469 43.15 76.57 3
3 471 39.4 66.48 4
3 472 38.35 68.48 4
3 486 41.01 28.58 4
3 487 38.25 27.09 4
3 489 38.43 35.3 4
3 492 37.55 40.14 4
3 496 33.3 36.18 4
3 499 32.5 35 4
3 500 32.04 34.46 4
3 503 21.3 39.12 4
3 508 14.32 49.08 4
3 509 23.37 58.35 4
3 510 25.18 55.18 4
3 511 25.17 51.32 4
3 512 26.13 50.35 4
3 513 24.38 46.43 4
3 518 36.2 43.08 4
3 520 37.16 49.36 4
3 522 34.19 47.04 4
3 523 30.2 48.16 4
3 524 32.4 51.38 4
3 525 29.36 52.32 4
3 527 36.18 59.36 4
3 529 31.32 65.3 4
3 531 33.36 73.04 3
3 532 31.35 74.18 3
3 536 27.42 68.52 3
3 537 25.22 68.22 3
3 541 26.17 73.02 3
3 542 26.55 75.49 3
3 546 22.32 88.22 3
3 548 21.09 79.06 3
3 554 12.59 77.35 3
3 555 13.05 80.17 3
3 556 10.49 78.41 3
3 560 27.28 89.39 3
3 564 16.47 96.1 3
3 566 19.52 102.08 3
3 567 17.58 102.36 3
3 570 16.04 108.13 3
3 571 10.45 106.4 3
3 573 13.45 100.31 3
3 574 5.25 100.2 3
3 576 1.17 103.51 3
3 579 -2.55 104.45 3
3 597 14.35 121 3
3 601 29.4 91.09 3
3 605 29.39 106.34 3
3 606 25.05 102.4 3
3 607 23.06 113.16 3
