1 2 41.11 -8.36 5
1 7 37.53 -4.46 5
1 8 38.21 -0.29 5
1 16 38.54 1.26 5
1 17 39.34 2.39 5
1 22 43.42 7.15 6
1 23 43.42 7.23 6
1 31 47.13 -1.33 6
1 32 47.23 0.41 6
1 33 49.3 0.08 6
1 35 49.15 4.02 6
1 40 50.38 5.34 6
1 41 50.5 4.2 6
1 42 50.38 3.04 6
1 49 53.13 6.33 6
1 55 51.3 -0.1 10
1 60 53.5 -1.35 10
1 61 54.59 -1.35 10
1 63 55.53 -4.15 10
1 67 62.01 -6.46 10
1 70 53.2 -6.15 10
1 71 54.35 -5.55 10
1 72 55 -7.19 10
1 73 64.09 -21.51 7
1 75 76.34 -68.47 4
1 78 65.01 25.28 9
1 81 60.1 24.58 9
1 82 63.25 10.25 1
1 85 59.55 10.45 1
1 86 57.43 11.58 1
1 90 57.38 18.18 1
1 91 56.09 10.13 1
1 93 55.4 12.35 1
1 97 54.05 12.07 1
1 98 51.57 7.37 6
1 100 52.07 11.38 8
1 105 51.12 6.47 6
1 108 51.28 7.13 6
1 109 51.32 7.13 6
1 116 51.03 13.44 8
1 121 49.27 11.04 8
1 122 49.03 8.24 6
1 124 49.01 12.06 8
1 126 46.12 6.09 6
1 128 46.57 7.26 6
1 130 47.23 8.32 6
1 133 48.18 14.18 8
1 134 48.13 16.2 8
1 141 44.25 8.57 6
1 144 43.55 12.28 3
1 146 41.54 12.29 3
1 147 40.51 14.17 3
1 151 38.11 15.33 3
1 152 37.3 15.06 3
1 157 53.08 18 8
1 170 48.09 17.07 8
1 174 46.05 18.13 3
1 175 46.15 20.09 3
1 178 47.1 27.35 2
1 183 46.03 14.31 8
1 187 43.52 18.25 3
1 189 42.38 18.07 3
1 190 41.59 21.26 3
1 191 41.2 19.5 3
1 192 42.41 23.19 2
1 199 37.58 23.43 2
1 200 35.2 25.09 2
1 201 35.1 33.22 2
2 0 37.44 -25.4 6
2 1 38.43 -9.08 4
2 3 37.23 -5.59 4
2 5 36.43 -4.25 4
2 6 37.13 -3.41 4
2 9 39.28 -0.22 5
2 11 41.38 -0.53 5
2 13 41.39 -4.43 4
2 15 43.22 -8.23 4
2 18 42.3 1.31 5
2 19 44.5 -0.34 5
2 27 45.45 4.51 3
2 28 45.1 5.43 3
2 29 48.24 -4.29 2
2 36 47.19 5.01 3
2 37 48.41 6.12 3
2 38 48.35 7.45 3
2 39 49.36 6.09 3
2 45 51.26 5.28 3
2 51 50.43 -1.54 2
2 52 50.5 -0.08 2
2 58 53.3 -2.15 2
2 59 53.23 -1.3 2
2 66 60.09 -1.09 2
2 68 51.54 -8.28 2
2 80 60.27 22.17 8
2 89 59.2 18.03 8
2 94 53.04 8.49 9
2 95 53.33 9.59 9
2 96 54.2 10.08 9
2 101 52.31 13.24 9
2 103 50.44 7.05 3
2 110 51.31 7.28 3
2 112 50.58 11.01 9
2 115 50.5 12.55 9
2 118 50.07 8.4 3
2 120 49.48 9.56 3
2 123 48.46 9.11 3
2 129 47.33 7.35 3
2 131 47.16 11.24 3
2 136 45.03 7.4 3
2 140 45.4 13.46 1
2 148 41.27 15.34 10
2 150 40.28 17.15 10
2 155 53.24 14.32 9
2 158 52.25 16.55 9
2 161 53.09 23.09 8
2 164 50.03 19.58 1
2 166 49.45 13.23 9
2 167 50.05 14.26 9
2 169 49.12 16.37 1
2 171 48.43 21.15 1
2 177 46.47 23.36 7
2 179 45.48 24.09 7
2 180 45.39 25.37 7
2 182 44.11 28.39 7
2 184 45.2 14.27 1
2 185 45.48 15.58 1
2 186 43.31 16.27 1
2 188 44.5 20.3 1
2 193 42.09 24.45 7
2 194 43.13 27.55 7
2 195 42.3 27.28 7
2 196 39.36 19.56 10
2 197 40.38 22.56 10
2 198 38.15 21.44 10
3 4 36.32 -6.18 9
3 10 41.23 2.11 10
3 12 40.24 -3.41 9
3 14 43.15 -2.58 9
3 20 43.36 1.26 10
3 21 43.18 5.24 10
3 24 42.42 9.27 4
3 25 45.5 1.16 10
3 26 45.26 4.24 10
3 30 48.05 -1.41 6
3 34 48.52 2.2 10
3 43 51.03 3.43 1
3 44 51.13 4.25 1
3 46 51.55 4.28 1
3 47 52.22 4.54 1
3 48 52.05 5.08 1
3 50 50.23 -4.1 6
3 53 51.29 -3.13 6
3 54 51.27 -2.35 6
3 56 52.3 -1.5 6
3 57 53.25 -2.55 6
3 62 55.57 -3.13 6
3 64 56.28 -3 6
3 65 57.1 -2.04 6
3 69 52.4 -8.38 6
3 74 64.11 -51.44 2
3 76 70.4 23.42 7
3 77 68.26 17.25 7
3 79 61.3 23.45 7
3 83 60.23 5.2 3
3 84 58.58 5.45 3
3 87 55.36 13 3
3 88 58.25 15.37 3
3 92 55.24 10.23 3
3 99 52.24 9.44 1
3 102 50.47 6.05 1
3 104 50.56 6.59 1
3 106 51.17 7.17 1
3 107 51.28 7.01 1
3 111 51.19 9.29 1
3 113 51.29 11.58 1
3 114 51.19 12.2 1
3 117 49.14 6.59 1
3 119 49.25 8.43 1
3 125 48.08 11.34 4
3 127 46.31 6.38 10
3 132 47.48 13.02 4
3 135 47.05 15.27 4
3 137 45.28 9.12 4
3 138 45.27 11 4
3 139 45.27 12.21 4
3 142 44.29 11.2 4
3 143 43.46 11.15 4
3 145 39.2 9 8
3 149 41.07 16.52 8
3 153 38.07 13.21 8
3 154 35.54 14.31 8
3 156 54.23 18.4 5
3 159 51.46 19.3 5
3 160 52.15 21 5
3 162 51.06 17 5
3 163 50.16 19 5
3 165 51.15 22.35 5
3 168 49.5 18.17 5
3 172 47.3 19.05 5
3 173 47.32 21.38 5
3 176 45.45 21.13 5
3 181 44.26 26.06 5
