1 1 37.44 -25.4 5
1 6 36.43 -4.25 4
1 19 42.3 1.31 4
1 25 42.42 9.27 2
1 27 45.26 4.24 2
1 47 51.55 4.28 8
1 52 50.43 -1.54 7
1 59 53.3 -2.15 7
1 64 55.53 -4.15 7
1 75 64.11 -51.44 3
1 81 60.27 22.17 1
1 85 58.58 5.45 8
1 89 58.25 15.37 1
1 95 53.04 8.49 8
1 110 51.32 7.13 8
1 112 51.19 9.29 8
1 114 51.29 11.58 8
1 118 49.14 6.59 8
1 127 46.12 6.09 2
1 136 47.05 15.27 10
1 138 45.28 9.12 2
1 140 45.27 12.21 2
1 144 43.46 11.15 2
1 150 41.07 16.52 6
1 152 38.11 15.33 6
1 154 38.07 13.21 6
1 156 53.24 14.32 10
1 158 53.08 18 10
1 161 52.15 21 10
1 163 51.06 17 10
1 165 50.03 19.58 10
1 170 49.12 16.37 10
1 175 46.05 18.13 10
1 177 45.45 21.13 9
1 181 45.39 25.37 9
1 184 46.03 14.31 10
1 190 42.38 18.07 6
1 196 42.3 27.28 9
1 199 38.15 21.44 6
2 2 38.43 -9.08 1
2 3 41.11 -8.36 1
2 4 37.23 -5.59 1
2 7 37.13 -3.41 1
2 9 38.21 -0.29 1
2 11 41.23 2.11 1
2 13 40.24 -3.41 1
2 15 43.15 -2.58 1
2 17 38.54 1.26 1
2 20 44.5 -0.34 1
2 22 43.18 5.24 8
2 24 43.42 7.23 8
2 26 45.5 1.16 8
2 28 45.45 4.51 8
2 29 45.1 5.43 8
2 35 48.52 2.2 8
2 36 49.15 4.02 8
2 37 47.19 5.01 8
2 38 48.41 6.12 8
2 40 49.36 6.09 8
2 41 50.38 5.34 8
2 42 50.5 4.2 8
2 43 50.38 3.04 8
2 44 51.03 3.43 8
2 45 51.13 4.25 8
2 46 51.26 5.28 8
2 48 52.22 4.54 8
2 50 53.13 6.33 8
2 53 50.5 -0.08 7
2 55 51.27 -2.35 7
2 61 53.5 -1.35 7
2 65 56.28 -3 7
2 69 51.54 -8.28 7
2 74 64.09 -21.51 10
2 76 76.34 -68.47 5
2 78 68.26 17.25 4
2 79 65.01 25.28 4
2 82 60.1 24.58 4
2 83 63.25 10.25 6
2 86 59.55 10.45 6
2 88 55.36 13 6
2 90 59.2 18.03 4
2 92 56.09 10.13 6
2 97 54.2 10.08 6
2 98 54.05 12.07 6
2 99 51.57 7.37 8
2 102 52.31 13.24 2
2 103 50.47 6.05 8
2 104 50.44 7.05 8
2 105 50.56 6.59 8
2 106 51.12 6.47 8
2 107 51.17 7.17 8
2 108 51.28 7.01 8
2 111 51.31 7.28 8
2 113 50.58 11.01 2
2 116 50.5 12.55 2
2 119 50.07 8.4 8
2 120 49.25 8.43 8
2 121 49.48 9.56 8
2 122 49.27 11.04 2
2 123 49.03 8.24 8
2 124 48.46 9.11 8
2 126 48.08 11.34 2
2 129 46.57 7.26 8
2 130 47.33 7.35 8
2 131 47.23 8.32 8
2 132 47.16 11.24 2
2 133 47.48 13.02 2
2 134 48.18 14.18 2
2 137 45.03 7.4 8
2 139 45.27 11 2
2 141 45.4 13.46 2
2 142 44.25 8.57 8
2 145 43.55 12.28 9
2 146 39.2 9 9
2 148 40.51 14.17 9
2 149 41.27 15.34 9
2 153 37.3 15.06 9
2 155 35.54 14.31 9
2 157 54.23 18.4 2
2 160 51.46 19.3 2
2 166 51.15 22.35 3
2 168 50.05 14.26 2
2 169 49.5 18.17 2
2 171 48.09 17.07 2
2 174 47.32 21.38 3
2 176 46.15 20.09 3
2 180 45.48 24.09 3
2 183 44.11 28.39 3
2 186 45.48 15.58 2
2 187 43.31 16.27 9
2 188 43.52 18.25 9
2 193 42.41 23.19 3
2 197 39.36 19.56 9
2 198 40.38 22.56 3
3 5 36.32 -6.18 4
3 8 37.53 -4.46 4
3 10 39.28 -0.22 4
3 12 41.38 -0.53 4
3 14 41.39 -4.43 4
3 16 43.22 -8.23 4
3 18 39.34 2.39 4
3 21 43.36 1.26 4
3 23 43.42 7.15 3
3 30 48.24 -4.29 9
3 31 48.05 -1.41 9
3 32 47.13 -1.33 9
3 33 47.23 0.41 9
3 34 49.3 0.08 9
3 39 48.35 7.45 3
3 49 52.05 5.08 6
3 51 50.23 -4.1 9
3 54 51.29 -3.13 9
3 56 51.3 -0.1 9
3 57 52.3 -1.5 9
3 58 53.25 -2.55 1
3 60 53.23 -1.3 9
3 62 54.59 -1.35 1
3 63 55.57 -3.13 1
3 66 57.1 -2.04 1
3 67 60.09 -1.09 1
3 68 62.01 -6.46 1
3 70 52.4 -8.38 1
3 71 53.2 -6.15 1
3 72 54.35 -5.55 1
3 73 55 -7.19 1
3 77 70.4 23.42 8
3 80 61.3 23.45 8
3 84 60.23 5.2 6
3 87 57.43 11.58 6
3 91 57.38 18.18 7
3 93 55.24 10.23 6
3 94 55.4 12.35 6
3 96 53.33 9.59 6
3 100 52.24 9.44 6
3 101 52.07 11.38 6
3 109 51.28 7.13 6
3 115 51.19 12.2 6
3 117 51.03 13.44 6
3 125 49.01 12.06 3
3 128 46.31 6.38 3
3 135 48.13 16.2 7
3 143 44.29 11.2 3
3 147 41.54 12.29 3
3 151 40.28 17.15 5
3 159 52.25 16.55 7
3 162 53.09 23.09 7
3 164 50.16 19 7
3 167 49.45 13.23 3
3 172 48.43 21.15 7
3 173 47.3 19.05 7
3 178 46.47 23.36 10
3 179 47.1 27.35 10
3 182 44.26 26.06 10
3 185 45.2 14.27 3
3 189 44.5 20.3 5
3 191 41.59 21.26 5
3 192 41.2 19.5 5
3 194 42.09 24.45 10
3 195 43.13 27.55 10
3 200 37.58 23.43 2
3 201 35.2 25.09 2
3 202 35.1 33.22 2
