1 0 37.44 -25.4 10
1 1 38.43 -9.08 5
1 6 37.13 -3.41 5
1 8 38.21 -0.29 5
1 10 41.23 2.11 5
1 15 43.22 -8.23 5
1 16 38.54 1.26 5
1 18 42.3 1.31 5
1 19 44.5 -0.34 5
1 22 43.42 7.15 2
1 23 43.42 7.23 2
1 28 45.1 5.43 2
1 29 48.24 -4.29 6
1 30 48.05 -1.41 6
1 34 48.52 2.2 3
1 35 49.15 4.02 3
1 36 47.19 5.01 3
1 39 49.36 6.09 3
1 41 50.5 4.2 3
1 46 51.55 4.28 3
1 47 52.22 4.54 3
1 48 52.05 5.08 3
1 54 51.27 -2.35 6
1 56 52.3 -1.5 6
1 58 53.3 -2.15 6
1 60 53.5 -1.35 6
1 61 54.59 -1.35 6
1 62 55.57 -3.13 6
1 63 55.53 -4.15 6
1 66 60.09 -1.09 6
1 67 62.01 -6.46 6
1 69 52.4 -8.38 6
1 70 53.2 -6.15 6
1 72 55 -7.19 6
1 75 76.34 -68.47 4
1 76 70.4 23.42 8
1 77 68.26 17.25 8
1 82 63.25 10.25 1
1 84 58.58 5.45 1
1 90 57.38 18.18 9
1 93 55.4 12.35 1
1 94 53.04 8.49 3
1 103 50.44 7.05 3
1 106 51.17 7.17 3
1 114 51.19 12.2 9
1 120 49.48 9.56 2
1 123 48.46 9.11 2
1 130 47.23 8.32 2
1 135 47.05 15.27 9
1 136 45.03 7.4 2
1 138 45.27 11 2
1 139 45.27 12.21 2
1 140 45.4 13.46 2
1 141 44.25 8.57 2
1 150 40.28 17.15 7
1 152 37.3 15.06 7
1 156 54.23 18.4 9
1 157 53.08 18 9
1 168 49.5 18.17 9
1 169 49.12 16.37 9
1 170 48.09 17.07 9
1 171 48.43 21.15 9
1 175 46.15 20.09 7
1 176 45.45 21.13 7
1 185 45.48 15.58 7
1 189 42.38 18.07 7
1 190 41.59 21.26 7
1 193 42.09 24.45 7
2 2 41.11 -8.36 9
2 3 37.23 -5.59 9
2 4 36.32 -6.18 9
2 7 37.53 -4.46 9
2 9 39.28 -0.22 9
2 11 41.38 -0.53 2
2 12 40.24 -3.41 9
2 14 43.15 -2.58 2
2 20 43.36 1.26 2
2 21 43.18 5.24 2
2 24 42.42 9.27 3
2 25 45.5 1.16 2
2 27 45.45 4.51 2
2 31 47.13 -1.33 2
2 32 47.23 0.41 2
2 33 49.3 0.08 5
2 37 48.41 6.12 1
2 45 51.26 5.28 1
2 49 53.13 6.33 1
2 50 50.23 -4.1 5
2 53 51.29 -3.13 5
2 59 53.23 -1.3 5
2 65 57.1 -2.04 5
2 73 64.09 -21.51 6
2 78 65.01 25.28 7
2 79 61.3 23.45 7
2 80 60.27 22.17 7
2 85 59.55 10.45 10
2 86 57.43 11.58 10
2 87 55.36 13 10
2 89 59.2 18.03 7
2 96 54.2 10.08 10
2 97 54.05 12.07 10
2 99 52.24 9.44 1
2 102 50.47 6.05 1
2 104 50.56 6.59 1
2 105 51.12 6.47 1
2 107 51.28 7.01 1
2 111 51.19 9.29 1
2 112 50.58 11.01 1
2 113 51.29 11.58 1
2 117 49.14 6.59 1
2 118 50.07 8.4 1
2 119 49.25 8.43 1
2 127 46.31 6.38 1
2 128 46.57 7.26 1
2 129 47.33 7.35 1
2 131 47.16 11.24 1
2 143 43.46 11.15 3
2 144 43.55 12.28 3
2 149 41.07 16.52 3
2 154 35.54 14.31 3
2 158 52.25 16.55 8
2 159 51.46 19.3 8
2 161 53.09 23.09 8
2 164 50.03 19.58 8
2 172 47.3 19.05 8
2 177 46.47 23.36 8
2 181 44.26 26.06 4
2 184 45.2 14.27 3
2 187 43.52 18.25 3
2 194 43.13 27.55 4
2 195 42.3 27.28 4
2 196 39.36 19.56 3
2 197 40.38 22.56 4
2 200 35.2 25.09 4
2 201 35.1 33.22 4
3 5 36.43 -4.25 3
3 13 41.39 -4.43 3
3 17 39.34 2.39 3
3 26 45.26 4.24 9
3 38 48.35 7.45 9
3 40 50.38 5.34 9
3 42 50.38 3.04 9
3 43 51.03 3.43 9
3 44 51.13 4.25 9
3 51 50.43 -1.54 4
3 52 50.5 -0.08 4
3 55 51.3 -0.1 4
3 57 53.25 -2.55 4
3 64 56.28 -3 4
3 68 51.54 -8.28 4
3 71 54.35 -5.55 4
3 74 64.11 -51.44 5
3 81 60.1 24.58 10
3 83 60.23 5.2 6
3 88 58.25 15.37 6
3 91 56.09 10.13 6
3 92 55.24 10.23 6
3 95 53.33 9.59 6
3 98 51.57 7.37 9
3 100 52.07 11.38 2
3 101 52.31 13.24 2
3 108 51.28 7.13 9
3 109 51.32 7.13 9
3 110 51.31 7.28 9
3 115 50.5 12.55 2
3 116 51.03 13.44 2
3 121 49.27 11.04 2
3 122 49.03 8.24 9
3 124 49.01 12.06 2
3 125 48.08 11.34 2
3 126 46.12 6.09 9
3 132 47.48 13.02 2
3 133 48.18 14.18 2
3 134 48.13 16.2 2
3 137 45.28 9.12 9
3 142 44.29 11.2 1
3 145 39.2 9 1
3 146 41.54 12.29 1
3 147 40.51 14.17 1
3 148 41.27 15.34 1
3 151 38.11 15.33 1
3 153 38.07 13.21 1
3 155 53.24 14.32 2
3 160 52.15 21 10
3 162 51.06 17 2
3 163 50.16 19 10
3 165 51.15 22.35 10
3 166 49.45 13.23 2
3 167 50.05 14.26 2
3 173 47.32 21.38 7
3 174 46.05 18.13 8
3 178 47.1 27.35 7
3 179 45.48 24.09 7
3 180 45.39 25.37 7
3 182 44.11 28.39 7
3 183 46.03 14.31 2
3 186 43.31 16.27 1
3 188 44.5 20.3 8
3 191 41.2 19.5 8
3 192 42.41 23.19 8
3 198 38.15 21.44 8
3 199 37.58 23.43 8
