0 1 37.4394 541.209 6
0 2 612.176 494.317 4
0 3 38.1312 353.148 7
0 4 53.4418 131.485 2
0 5 143.061 631.72 6
0 6 689.945 468.535 4
0 7 112.748 529.418 6
0 8 141.488 504.818 6
0 9 661.051 445.938 4
0 10 98.7899 384.593 7
0 11 697.388 180.396 8
0 12 536.489 287.228 5
0 13 192.407 20.4394 2
0 14 282.787 229.8 9
0 15 240.825 281.514 7
0 16 246.928 322.461 7
0 17 649.731 62.3332 8
0 18 352.966 666.787 1
0 19 633.392 534.94 4
0 20 488.312 437.487 3
0 21 141.404 228.433 2
0 22 17.3633 240.241 2
0 23 397.559 231.359 9
0 24 565.785 282.386 5
0 25 475.898 468.539 3
0 26 322.422 550.317 1
0 27 397.559 74.7588 9
0 28 672.862 432.883 4
0 29 571.219 530.262 4
0 30 104.653 482.822 6
0 31 356.71 67.6477 9
0 32 400.407 253.679 9
0 33 282.304 426.838 7
0 34 58.7767 507.171 6
0 35 189.751 460.382 7
0 36 659.912 226.628 5
0 37 639.031 467.23 4
0 38 415.026 233.305 9
0 39 547.266 161.659 8
0 40 616.655 339.341 5
0 41 494.859 148.122 8
0 42 629.998 433.455 4
0 43 471.101 314.222 3
0 44 138.244 137.168 2
0 45 91.5848 110.02 2
0 46 390.697 423.977 3
0 47 565.162 429.16 4
0 48 54.5249 438.552 6
0 49 334.351 153.797 9
0 50 531.029 612.387 1
0 51 475.735 385.784 3
0 52 228.833 410.446 7
0 53 578.381 321.33 5
0 54 358.917 404.467 3
0 55 486.465 593.043 1
0 56 343.169 509.312 1
0 57 530.363 137.688 8
0 58 498.807 576.21 1
0 59 224.318 312.468 7
0 60 595.836 81.813 8
0 61 661.559 217.046 5
0 62 43.6892 305.472 7
0 63 79.4653 445.964 6
0 64 210.416 130.715 9
0 65 432.264 629.409 1
0 66 623.249 69.1893 8
0 67 436.519 282.936 3
0 68 59.4163 40.128 2
0 69 630.923 230.343 5
0 70 579.327 601.036 4
0 71 117.862 112.98 2
0 72 297.791 166.313 9
0 73 22.7643 455.534 6
0 74 259.71 10.62 9
0 75 342.358 599.388 1
0 76 10.0261 488.931 6
0 77 315.293 273.228 9
0 78 220.704 270.082 7
0 79 192.119 314.184 7
0 80 271.504 225.292 9
0 81 530.732 504.067 4
0 82 42.5331 656.365 6
0 83 396.127 539.465 1
0 84 118.663 508.713 6
0 85 395.691 699.538 1
0 86 559.016 560.887 4
0 87 22.6471 526.247 6
0 88 135.638 325.841 7
0 89 141.451 485.248 6
0 90 396.774 460.756 3
0 91 87.7495 19.617 2
0 92 350.425 420.653 3
0 93 216.701 466.482 7
0 94 130.924 351.149 7
0 95 72.633 645.785 6
0 96 144.6 457.422 6
0 97 212.373 594.922 6
0 98 49.9187 541.435 6
0 99 656.694 558.111 4
0 100 176.594 648.524 6
0 101 500.383 198.743 5
0 102 634.318 612.829 4
0 103 59.7537 551.632 6
0 104 15.2146 143.044 2
0 105 283.005 376.444 7
0 106 146.539 39.4232 2
0 107 101.869 635.099 6
0 108 588.197 580.595 4
0 109 457.263 350.016 3
0 110 537.466 472.584 4
0 111 269.367 367.476 7
0 112 239.905 102.63 9
0 113 88.4678 384.051 7
0 114 658.913 583.958 4
0 115 97.7359 157.456 2
0 116 506.619 233.002 5
0 117 500.257 64.9136 8
0 118 594.405 275.874 5
0 119 66.2308 24.1317 2
0 120 598.416 414.556 4
0 121 172.309 344.396 7
0 122 299.481 251.83 9
0 123 303.838 21.0526 9
0 124 197.897 512.389 6
0 125 56.02 243.066 2
0 126 255.557 448.865 7
0 127 608.426 222.542 5
0 128 70.2723 77.9227 2
0 129 398.23 119.558 9
0 130 635.497 133.323 8
0 131 378.348 272.291 9
0 132 484.803 677.073 1
0 133 278.871 299.931 7
0 134 381.654 360.334 3
0 135 557.607 595.319 4
0 136 249.059 76.6595 9
0 137 562.905 670.038 4
0 138 398.55 392.649 3
0 139 590.894 370.741 5
0 140 558.201 0.419881 8
0 141 461.411 530.525 1
0 142 354.724 685.405 1
0 143 193.661 669.743 6
0 144 352.314 140.327 9
0 145 308.435 115.205 9
0 146 299.588 530.589 1
0 147 334.275 152.149 9
0 148 690.966 134.579 8
0 149 48.0798 270.968 2
0 150 91.6468 166.354 2
