1 6 112.748 529.418 3
1 83 118.663 508.713 3
1 102 59.7537 551.632 3
1 97 49.9187 541.435 3
1 33 58.7767 507.171 3
1 7 141.488 504.818 3
1 29 104.653 482.822 3
1 0 37.4394 541.209 3
1 59 595.836 81.813 8
1 65 623.249 69.1893 8
1 129 635.497 133.323 8
1 56 530.363 137.688 8
1 146 334.275 152.149 5
1 48 334.351 153.797 5
1 71 297.791 166.313 5
1 144 308.435 115.205 5
1 143 352.314 140.327 5
1 128 398.23 119.558 5
1 30 356.71 67.6477 5
1 137 398.55 392.649 7
1 133 381.654 360.334 7
1 108 457.263 350.016 7
1 45 390.697 423.977 7
1 50 475.735 385.784 7
1 1 612.176 494.317 6
1 18 633.392 534.94 6
1 28 571.219 530.262 6
1 85 559.016 560.887 6
1 107 588.197 580.595 6
1 98 656.694 558.111 6
1 36 639.031 467.23 6
1 80 530.732 504.067 6
1 117 594.405 275.874 4
1 23 565.785 282.386 4
1 126 608.426 222.542 4
1 11 536.489 287.228 4
1 52 578.381 321.33 4
1 64 432.264 629.409 2
1 74 342.358 599.388 2
1 82 396.127 539.465 2
1 17 352.966 666.787 2
1 54 486.465 593.043 2
1 120 172.309 344.396 1
1 78 192.119 314.184 1
1 58 224.318 312.468 1
1 93 130.924 351.149 1
1 51 228.833 410.446 1
1 87 135.638 325.841 1
1 15 246.928 322.461 1
1 44 91.5848 110.02 9
1 114 97.7359 157.456 9
1 70 117.862 112.98 9
1 3 53.4418 131.485 9
1 149 91.6468 166.354 9
1 43 138.244 137.168 9
2 88 141.451 485.248 1
2 86 22.6471 526.247 1
2 106 101.869 635.099 1
2 95 144.6 457.422 1
2 62 79.4653 445.964 1
2 4 143.061 631.72 1
2 123 197.897 512.389 1
2 75 10.0261 488.931 1
2 38 547.266 161.659 2
2 16 649.731 62.3332 2
2 147 690.966 134.579 2
2 116 500.257 64.9136 2
2 111 239.905 102.63 7
2 13 282.787 229.8 3
2 79 271.504 225.292 3
2 135 249.059 76.6595 7
2 121 299.481 251.83 3
2 26 397.559 74.7588 7
2 53 358.917 404.467 4
2 42 471.101 314.222 9
2 91 350.425 420.653 4
2 89 396.774 460.756 4
2 66 436.519 282.936 9
2 69 579.327 601.036 6
2 113 658.913 583.958 6
2 109 537.466 472.584 6
2 134 557.607 595.319 6
2 101 634.318 612.829 6
2 41 629.998 433.455 6
2 8 661.051 445.938 6
2 68 630.923 230.343 2
2 39 616.655 339.341 9
2 35 659.912 226.628 2
2 115 506.619 233.002 9
2 25 322.422 550.317 4
2 140 461.411 530.525 4
2 141 354.724 685.405 8
2 84 395.691 699.538 8
2 110 269.367 367.476 3
2 104 283.005 376.444 3
2 14 240.825 281.514 3
2 77 220.704 270.082 3
2 9 98.7899 384.593 1
2 34 189.751 460.382 1
2 132 278.871 299.931 3
2 127 70.2723 77.9227 5
2 103 15.2146 143.044 5
2 67 59.4163 40.128 5
2 118 66.2308 24.1317 5
2 105 146.539 39.4232 5
2 90 87.7495 19.617 5
3 94 72.633 645.785 1
3 47 54.5249 438.552 8
3 72 22.7643 455.534 8
3 96 212.373 594.922 1
3 81 42.5331 656.365 1
3 99 176.594 648.524 1
3 142 193.661 669.743 1
3 40 494.859 148.122 3
3 139 558.201 0.419881 3
3 10 697.388 180.396 3
3 63 210.416 130.715 7
3 22 397.559 231.359 5
3 122 303.838 21.0526 7
3 76 315.293 273.228 5
3 37 415.026 233.305 5
3 73 259.71 10.62 7
3 19 488.312 437.487 6
3 130 378.348 272.291 5
3 24 475.898 468.539 6
3 31 400.407 253.679 5
3 46 565.162 429.16 6
3 5 689.945 468.535 6
3 119 598.416 414.556 6
3 49 531.029 612.387 2
3 27 672.862 432.883 6
3 136 562.905 670.038 2
3 60 661.559 217.046 3
3 138 590.894 370.741 6
3 100 500.383 198.743 3
3 57 498.807 576.21 2
3 55 343.169 509.312 9
3 131 484.803 677.073 2
3 145 299.588 530.589 9
3 112 88.4678 384.051 8
3 92 216.701 466.482 9
3 125 255.557 448.865 9
3 32 282.304 426.838 9
3 2 38.1312 353.148 8
3 61 43.6892 305.472 4
3 20 141.404 228.433 4
3 124 56.02 243.066 4
3 21 17.3633 240.241 4
3 148 48.0798 270.968 4
3 12 192.407 20.4394 7
