1 48 334.351 153.797 4
1 146 334.275 152.149 4
1 143 352.314 140.327 4
1 71 297.791 166.313 4
1 144 308.435 115.205 4
1 128 398.23 119.558 4
1 13 282.787 229.8 4
1 79 271.504 225.292 4
1 1 612.176 494.317 6
1 18 633.392 534.94 6
1 36 639.031 467.23 6
1 28 571.219 530.262 6
1 98 656.694 558.111 6
1 107 588.197 580.595 6
1 6 112.748 529.418 3
1 83 118.663 508.713 3
1 102 59.7537 551.632 3
1 97 49.9187 541.435 3
1 33 58.7767 507.171 3
1 29 104.653 482.822 3
1 7 141.488 504.818 3
1 0 37.4394 541.209 3
1 64 432.264 629.409 2
1 54 486.465 593.043 2
1 82 396.127 539.465 2
1 57 498.807 576.21 2
1 140 461.411 530.525 2
1 74 342.358 599.388 2
1 120 172.309 344.396 7
1 78 192.119 314.184 7
1 51 228.833 410.446 7
1 58 224.318 312.468 7
1 15 246.928 322.461 7
1 93 130.924 351.149 7
1 110 269.367 367.476 7
1 117 594.405 275.874 1
1 23 565.785 282.386 1
1 126 608.426 222.542 1
1 68 630.923 230.343 1
1 11 536.489 287.228 1
1 44 91.5848 110.02 5
1 114 97.7359 157.456 5
1 70 117.862 112.98 5
1 3 53.4418 131.485 5
1 149 91.6468 166.354 5
1 43 138.244 137.168 5
1 59 595.836 81.813 8
1 65 623.249 69.1893 8
1 129 635.497 133.323 8
1 16 649.731 62.3332 8
1 50 475.735 385.784 9
1 137 398.55 392.649 9
1 45 390.697 423.977 9
1 19 488.312 437.487 9
1 89 396.774 460.756 9
2 22 397.559 231.359 6
2 121 299.481 251.83 1
2 30 356.71 67.6477 7
2 37 415.026 233.305 6
2 26 397.559 74.7588 7
2 31 400.407 253.679 6
2 76 315.293 273.228 1
2 111 239.905 102.63 5
2 85 559.016 560.887 3
2 8 661.051 445.938 3
2 113 658.913 583.958 3
2 41 629.998 433.455 3
2 5 689.945 468.535 3
2 88 141.451 485.248 2
2 86 22.6471 526.247 9
2 62 79.4653 445.964 2
2 95 144.6 457.422 2
2 75 10.0261 488.931 9
2 106 101.869 635.099 9
2 47 54.5249 438.552 2
2 4 143.061 631.72 9
2 131 484.803 677.073 4
2 17 352.966 666.787 4
2 84 395.691 699.538 4
2 49 531.029 612.387 3
2 141 354.724 685.405 4
2 87 135.638 325.841 2
2 104 283.005 376.444 1
2 34 189.751 460.382 2
2 14 240.825 281.514 1
2 77 220.704 270.082 1
2 125 255.557 448.865 2
2 92 216.701 466.482 2
2 52 578.381 321.33 8
2 39 616.655 339.341 8
2 35 659.912 226.628 8
2 115 506.619 233.002 6
2 60 661.559 217.046 8
2 127 70.2723 77.9227 5
2 103 15.2146 143.044 5
2 67 59.4163 40.128 5
2 118 66.2308 24.1317 5
2 105 146.539 39.4232 5
2 90 87.7495 19.617 5
2 56 530.363 137.688 7
2 38 547.266 161.659 7
2 116 500.257 64.9136 7
2 24 475.898 468.539 3
2 108 457.263 350.016 6
2 133 381.654 360.334 1
2 53 358.917 404.467 1
3 130 378.348 272.291 5
3 135 249.059 76.6595 6
3 63 210.416 130.715 6
3 122 303.838 21.0526 6
3 66 436.519 282.936 5
3 40 494.859 148.122 1
3 73 259.71 10.62 6
3 80 530.732 504.067 7
3 69 579.327 601.036 3
3 27 672.862 432.883 7
3 101 634.318 612.829 3
3 119 598.416 414.556 7
3 72 22.7643 455.534 4
3 94 72.633 645.785 8
3 96 212.373 594.922 8
3 81 42.5331 656.365 8
3 99 176.594 648.524 8
3 9 98.7899 384.593 4
3 142 193.661 669.743 8
3 25 322.422 550.317 2
3 55 343.169 509.312 2
3 134 557.607 595.319 3
3 145 299.588 530.589 2
3 136 562.905 670.038 3
3 32 282.304 426.838 2
3 132 278.871 299.931 5
3 112 88.4678 384.051 4
3 123 197.897 512.389 2
3 2 38.1312 353.148 4
3 61 43.6892 305.472 9
3 138 590.894 370.741 7
3 100 500.383 198.743 1
3 42 471.101 314.222 5
3 10 697.388 180.396 1
3 20 141.404 228.433 9
3 124 56.02 243.066 9
3 21 17.3633 240.241 9
3 148 48.0798 270.968 9
3 12 192.407 20.4394 6
3 139 558.201 0.419881 1
3 147 690.966 134.579 1
3 91 350.425 420.653 2
3 109 537.466 472.584 7
3 46 565.162 429.16 7
