1 2 38.1312 353.148 6
1 7 141.488 504.818 4
1 8 661.051 445.938 5
1 16 649.731 62.3332 7
1 17 352.966 666.787 9
1 22 397.559 231.359 2
1 23 565.785 282.386 7
1 31 400.407 253.679 2
1 32 282.304 426.838 3
1 33 58.7767 507.171 4
1 35 659.912 226.628 7
1 40 494.859 148.122 7
1 41 629.998 433.455 5
1 42 471.101 314.222 2
1 49 531.029 612.387 5
1 55 343.169 509.312 3
1 60 661.559 217.046 7
1 61 43.6892 305.472 6
1 63 210.416 130.715 8
1 67 59.4163 40.128 1
1 70 117.862 112.98 1
1 71 297.791 166.313 8
1 72 22.7643 455.534 4
1 73 259.71 10.62 8
1 75 10.0261 488.931 4
1 78 192.119 314.184 6
1 81 42.5331 656.365 4
1 82 396.127 539.465 3
1 85 559.016 560.887 5
1 86 22.6471 526.247 4
1 90 87.7495 19.617 1
1 91 350.425 420.653 3
1 93 130.924 351.149 6
1 97 49.9187 541.435 4
1 98 656.694 558.111 5
1 100 500.383 198.743 7
1 105 146.539 39.4232 1
1 108 457.263 350.016 2
1 109 537.466 472.584 5
1 116 500.257 64.9136 7
1 121 299.481 251.83 2
1 122 303.838 21.0526 8
1 124 56.02 243.066 6
1 126 608.426 222.542 7
1 128 398.23 119.558 8
1 130 378.348 272.291 2
1 133 381.654 360.334 2
1 134 557.607 595.319 5
1 141 354.724 685.405 9
1 142 193.661 669.743 9
1 143 352.314 140.327 8
2 0 37.4394 541.209 5
2 1 612.176 494.317 3
2 3 53.4418 131.485 4
2 5 689.945 468.535 3
2 6 112.748 529.418 5
2 9 98.7899 384.593 2
2 11 536.489 287.228 9
2 13 282.787 229.8 8
2 15 246.928 322.461 2
2 18 633.392 534.94 3
2 19 488.312 437.487 7
2 27 672.862 432.883 3
2 28 571.219 530.262 3
2 29 104.653 482.822 5
2 36 639.031 467.23 3
2 37 415.026 233.305 8
2 38 547.266 161.659 6
2 39 616.655 339.341 9
2 45 390.697 423.977 7
2 51 228.833 410.446 2
2 52 578.381 321.33 9
2 58 224.318 312.468 2
2 59 595.836 81.813 6
2 66 436.519 282.936 9
2 68 630.923 230.343 6
2 80 530.732 504.067 3
2 89 396.774 460.756 7
2 94 72.633 645.785 5
2 95 144.6 457.422 5
2 96 212.373 594.922 5
2 101 634.318 612.829 1
2 103 15.2146 143.044 4
2 110 269.367 367.476 2
2 112 88.4678 384.051 2
2 115 506.619 233.002 9
2 118 66.2308 24.1317 4
2 120 172.309 344.396 2
2 123 197.897 512.389 5
2 129 635.497 133.323 6
2 131 484.803 677.073 1
2 136 562.905 670.038 1
2 140 461.411 530.525 7
2 144 308.435 115.205 8
2 145 299.588 530.589 7
2 146 334.275 152.149 8
2 147 690.966 134.579 6
2 148 48.0798 270.968 4
2 149 91.6468 166.354 4
3 4 143.061 631.72 8
3 10 697.388 180.396 4
3 12 192.407 20.4394 7
3 14 240.825 281.514 6
3 20 141.404 228.433 2
3 21 17.3633 240.241 2
3 24 475.898 468.539 1
3 25 322.422 550.317 5
3 26 397.559 74.7588 7
3 30 356.71 67.6477 7
3 34 189.751 460.382 3
3 43 138.244 137.168 2
3 44 91.5848 110.02 2
3 46 565.162 429.16 1
3 47 54.5249 438.552 3
3 48 334.351 153.797 7
3 50 475.735 385.784 1
3 53 358.917 404.467 6
3 54 486.465 593.043 9
3 56 530.363 137.688 4
3 57 498.807 576.21 9
3 62 79.4653 445.964 3
3 64 432.264 629.409 5
3 65 623.249 69.1893 4
3 69 579.327 601.036 9
3 74 342.358 599.388 5
3 76 315.293 273.228 6
3 77 220.704 270.082 6
3 79 271.504 225.292 6
3 83 118.663 508.713 3
3 84 395.691 699.538 5
3 87 135.638 325.841 3
3 88 141.451 485.248 3
3 92 216.701 466.482 3
3 99 176.594 648.524 8
3 102 59.7537 551.632 8
3 104 283.005 376.444 6
3 106 101.869 635.099 8
3 107 588.197 580.595 9
3 111 239.905 102.63 7
3 113 658.913 583.958 9
3 114 97.7359 157.456 2
3 117 594.405 275.874 1
3 119 598.416 414.556 1
3 125 255.557 448.865 3
3 127 70.2723 77.9227 2
3 132 278.871 299.931 6
3 135 249.059 76.6595 7
3 137 398.55 392.649 6
3 138 590.894 370.741 1
3 139 558.201 0.419881 4
