1 1 612.176 494.317 4
1 28 571.219 530.262 4
1 18 633.392 534.94 4
1 36 639.031 467.23 4
1 85 559.016 560.887 4
1 107 588.197 580.595 4
1 98 656.694 558.111 4
1 80 530.732 504.067 4
1 114 97.7359 157.456 2
1 149 91.6468 166.354 2
1 3 53.4418 131.485 2
1 44 91.5848 110.02 2
1 70 117.862 112.98 2
1 43 138.244 137.168 2
1 29 104.653 482.822 5
1 62 79.4653 445.964 5
1 83 118.663 508.713 5
1 33 58.7767 507.171 5
1 88 141.451 485.248 5
1 95 144.6 457.422 5
1 7 141.488 504.818 5
1 6 112.748 529.418 5
1 133 381.654 360.334 9
1 108 457.263 350.016 9
1 137 398.55 392.649 9
1 50 475.735 385.784 9
1 42 471.101 314.222 9
1 45 390.697 423.977 9
1 126 608.426 222.542 7
1 38 547.266 161.659 7
1 68 630.923 230.343 7
1 129 635.497 133.323 7
1 56 530.363 137.688 7
1 60 661.559 217.046 7
1 35 659.912 226.628 7
1 100 500.383 198.743 7
1 4 143.061 631.72 3
1 106 101.869 635.099 3
1 99 176.594 648.524 3
1 64 432.264 629.409 8
1 74 342.358 599.388 8
1 82 396.127 539.465 8
1 17 352.966 666.787 8
1 54 486.465 593.043 8
1 15 246.928 322.461 1
1 58 224.318 312.468 1
1 14 240.825 281.514 1
1 132 278.871 299.931 1
1 78 192.119 314.184 1
1 110 269.367 367.476 1
1 77 220.704 270.082 1
1 144 308.435 115.205 6
1 135 249.059 76.6595 6
1 30 356.71 67.6477 6
1 111 239.905 102.63 6
1 146 334.275 152.149 6
2 109 537.466 472.584 1
2 69 579.327 601.036 1
2 113 658.913 583.958 1
2 41 629.998 433.455 1
2 134 557.607 595.319 1
2 8 661.051 445.938 1
2 46 565.162 429.16 1
2 103 15.2146 143.044 6
2 127 70.2723 77.9227 6
2 124 56.02 243.066 6
2 20 141.404 228.433 6
2 67 59.4163 40.128 6
2 21 17.3633 240.241 6
2 47 54.5249 438.552 4
2 72 22.7643 455.534 4
2 97 49.9187 541.435 4
2 102 59.7537 551.632 4
2 75 10.0261 488.931 4
2 0 37.4394 541.209 4
2 86 22.6471 526.247 4
2 66 436.519 282.936 3
2 53 358.917 404.467 7
2 130 378.348 272.291 2
2 91 350.425 420.653 7
2 31 400.407 253.679 2
2 117 594.405 275.874 3
2 115 506.619 233.002 3
2 59 595.836 81.813 8
2 40 494.859 148.122 3
2 23 565.785 282.386 3
2 10 697.388 180.396 8
2 147 690.966 134.579 8
2 94 72.633 645.785 4
2 142 193.661 669.743 5
2 25 322.422 550.317 5
2 140 461.411 530.525 1
2 141 354.724 685.405 5
2 84 395.691 699.538 5
2 104 283.005 376.444 7
2 120 172.309 344.396 7
2 51 228.833 410.446 7
2 76 315.293 273.228 2
2 121 299.481 251.83 2
2 13 282.787 229.8 2
2 48 334.351 153.797 2
2 143 352.314 140.327 2
2 71 297.791 166.313 2
2 122 303.838 21.0526 9
2 73 259.71 10.62 9
3 5 689.945 468.535 1
3 101 634.318 612.829 9
3 119 598.416 414.556 1
3 27 672.862 432.883 1
3 49 531.029 612.387 9
3 138 590.894 370.741 1
3 136 562.905 670.038 9
3 118 66.2308 24.1317 4
3 105 146.539 39.4232 4
3 90 87.7495 19.617 4
3 148 48.0798 270.968 2
3 61 43.6892 305.472 2
3 9 98.7899 384.593 2
3 112 88.4678 384.051 2
3 34 189.751 460.382 7
3 123 197.897 512.389 7
3 92 216.701 466.482 7
3 2 38.1312 353.148 2
3 89 396.774 460.756 8
3 19 488.312 437.487 8
3 37 415.026 233.305 5
3 22 397.559 231.359 5
3 24 475.898 468.539 8
3 65 623.249 69.1893 3
3 11 536.489 287.228 1
3 16 649.731 62.3332 3
3 52 578.381 321.33 1
3 116 500.257 64.9136 3
3 39 616.655 339.341 1
3 139 558.201 0.419881 3
3 96 212.373 594.922 7
3 81 42.5331 656.365 6
3 57 498.807 576.21 9
3 55 343.169 509.312 7
3 131 484.803 677.073 9
3 145 299.588 530.589 7
3 79 271.504 225.292 5
3 87 135.638 325.841 2
3 32 282.304 426.838 7
3 93 130.924 351.149 2
3 125 255.557 448.865 7
3 26 397.559 74.7588 5
3 63 210.416 130.715 4
3 128 398.23 119.558 5
3 12 192.407 20.4394 4
