1 144 308.435 115.205 5
1 135 249.059 76.6595 5
1 111 239.905 102.63 5
1 30 356.71 67.6477 5
1 122 303.838 21.0526 5
1 44 91.5848 110.02 3
1 70 117.862 112.98 3
1 114 97.7359 157.456 3
1 149 91.6468 166.354 3
1 43 138.244 137.168 3
1 6 112.748 529.418 2
1 102 59.7537 551.632 2
1 83 118.663 508.713 2
1 97 49.9187 541.435 2
1 33 58.7767 507.171 2
1 7 141.488 504.818 2
1 0 37.4394 541.209 2
1 1 612.176 494.317 4
1 28 571.219 530.262 4
1 36 639.031 467.23 4
1 109 537.466 472.584 4
1 18 633.392 534.94 4
1 80 530.732 504.067 4
1 46 565.162 429.16 4
1 41 629.998 433.455 4
1 85 559.016 560.887 4
1 129 635.497 133.323 1
1 38 547.266 161.659 1
1 126 608.426 222.542 1
1 56 530.363 137.688 1
1 59 595.836 81.813 1
1 68 630.923 230.343 1
1 60 661.559 217.046 1
1 112 88.4678 384.051 6
1 9 98.7899 384.593 6
1 93 130.924 351.149 6
1 2 38.1312 353.148 6
1 87 135.638 325.841 6
1 64 432.264 629.409 7
1 82 396.127 539.465 7
1 74 342.358 599.388 7
1 17 352.966 666.787 7
1 84 395.691 699.538 7
1 108 457.263 350.016 9
1 42 471.101 314.222 9
1 66 436.519 282.936 9
1 133 381.654 360.334 9
1 137 398.55 392.649 9
1 50 475.735 385.784 9
1 110 269.367 367.476 8
1 104 283.005 376.444 8
1 15 246.928 322.461 8
1 132 278.871 299.931 8
1 58 224.318 312.468 8
1 51 228.833 410.446 8
1 14 240.825 281.514 8
2 146 334.275 152.149 9
2 48 334.351 153.797 9
2 71 297.791 166.313 9
2 143 352.314 140.327 9
2 73 259.71 10.62 9
2 3 53.4418 131.485 2
2 127 70.2723 77.9227 2
2 103 15.2146 143.044 2
2 67 59.4163 40.128 2
2 105 146.539 39.4232 2
2 29 104.653 482.822 4
2 106 101.869 635.099 4
2 88 141.451 485.248 4
2 86 22.6471 526.247 4
2 4 143.061 631.72 4
2 94 72.633 645.785 4
2 119 598.416 414.556 3
2 8 661.051 445.938 3
2 107 588.197 580.595 5
2 98 656.694 558.111 3
2 27 672.862 432.883 3
2 5 689.945 468.535 3
2 134 557.607 595.319 5
2 69 579.327 601.036 5
2 35 659.912 226.628 6
2 65 623.249 69.1893 6
2 147 690.966 134.579 6
2 10 697.388 180.396 6
2 40 494.859 148.122 1
2 16 649.731 62.3332 6
2 61 43.6892 305.472 7
2 120 172.309 344.396 7
2 95 144.6 457.422 4
2 72 22.7643 455.534 4
2 131 484.803 677.073 5
2 141 354.724 685.405 5
2 49 531.029 612.387 5
2 25 322.422 550.317 8
2 130 378.348 272.291 1
2 31 400.407 253.679 1
2 37 415.026 233.305 1
2 53 358.917 404.467 8
2 22 397.559 231.359 1
2 11 536.489 287.228 1
2 32 282.304 426.838 8
2 78 192.119 314.184 7
2 77 220.704 270.082 7
2 125 255.557 448.865 8
2 121 299.481 251.83 9
2 91 350.425 420.653 8
3 26 397.559 74.7588 5
3 128 398.23 119.558 5
3 12 192.407 20.4394 2
3 90 87.7495 19.617 2
3 118 66.2308 24.1317 2
3 20 141.404 228.433 3
3 63 210.416 130.715 9
3 124 56.02 243.066 3
3 62 79.4653 445.964 4
3 81 42.5331 656.365 8
3 96 212.373 594.922 8
3 99 176.594 648.524 8
3 47 54.5249 438.552 4
3 142 193.661 669.743 8
3 113 658.913 583.958 6
3 138 590.894 370.741 7
3 57 498.807 576.21 6
3 140 461.411 530.525 1
3 54 486.465 593.043 6
3 39 616.655 339.341 7
3 52 578.381 321.33 7
3 117 594.405 275.874 7
3 115 506.619 233.002 7
3 23 565.785 282.386 7
3 116 500.257 64.9136 5
3 139 558.201 0.419881 5
3 148 48.0798 270.968 3
3 34 189.751 460.382 4
3 75 10.0261 488.931 4
3 21 17.3633 240.241 3
3 55 343.169 509.312 1
3 145 299.588 530.589 1
3 136 562.905 670.038 6
3 101 634.318 612.829 6
3 19 488.312 437.487 1
3 76 315.293 273.228 9
3 89 396.774 460.756 1
3 24 475.898 468.539 1
3 100 500.383 198.743 7
3 92 216.701 466.482 4
3 13 282.787 229.8 9
3 79 271.504 225.292 9
3 45 390.697 423.977 1
3 123 197.897 512.389 4
