0 1 2156 1639 5
0 2 2456 1639 5
0 3 2355 1640 5
0 4 2256 1640 5
0 5 2656 1640 5
0 6 2556 1639 5
0 7 2975 1725 5
0 8 3275 1600 2
0 9 3375 1600 2
0 10 3475 1600 2
0 11 3575 1600 2
0 12 3700 1600 2
0 13 3900 1625 2
0 14 3875 1775 2
0 15 4275 1625 2
0 16 4275 1725 2
0 17 4375 1675 2
0 18 4500 1675 2
0 19 4450 1750 2
0 20 4550 1750 2
0 21 4560 1565 2
0 22 4775 1725 2
0 23 4710 1565 2
0 24 4860 1565 2
0 25 5010 1565 2
0 26 5160 1565 2
0 27 5310 1565 2
0 28 5460 1565 2
0 29 5610 1565 2
0 30 6375 1575 4
0 31 6525 1575 4
0 32 6675 1575 4
0 33 6675 1725 4
0 34 6525 1725 4
0 35 6875 1575 4
0 36 7075 1575 1
0 37 7260 1575 4
0 38 7259 1576 4
0 39 7625 1775 1
0 40 7410 1575 1
0 41 7560 1575 4
0 42 7409 1576 1
0 43 7560 1576 1
0 44 7825 1675 1
0 45 7710 1575 1
0 46 7711 1575 4
0 47 7875 1575 4
0 48 7975 1575 1
0 49 8075 1575 1
0 50 8175 1575 1
0 51 8275 1575 4
0 52 8375 1575 4
0 53 8475 1575 1
0 54 8825 1625 1
0 55 8820 1928 1
0 56 8825 1825 1
0 57 7725 1825 4
0 58 7725 1975 4
0 59 7475 1975 4
0 60 7625 1925 4
0 61 7575 2075 1
0 62 7075 1975 4
0 63 6825 1925 4
0 64 6775 2075 4
0 65 6975 2075 4
0 66 6675 1925 4
0 67 6200 1975 4
0 68 6425 2075 4
0 69 6000 1975 2
0 70 6025 2075 2
0 71 5675 1825 4
0 72 5275 1825 2
0 73 5425 1825 2
0 74 5525 1825 2
0 75 5025 1825 2
0 76 4975 2025 2
0 77 5075 1925 2
0 78 5075 2075 2
0 79 4775 1875 2
0 80 4925 1925 2
0 81 4675 1950 2
0 82 4775 1975 2
0 83 4425 2050 2
0 84 4525 2050 2
0 85 4175 1950 2
0 86 4125 2050 2
0 87 4275 2050 2
0 88 3875 1900 2
0 89 3875 2075 2
0 90 3975 1975 5
0 91 3975 2075 2
0 92 2925 1875 5
0 93 2925 2150 5
0 94 4175 2150 5
0 95 4325 2150 2
0 96 4275 2225 2
0 97 4275 2325 5
0 98 4425 2150 2
0 99 4525 2150 2
0 100 4600 2225 2
0 101 4600 2325 2
0 102 4775 2125 2
0 103 5175 2325 2
0 104 5450 2375 2
0 105 6775 2225 4
0 106 7275 2275 4
0 107 7075 2175 4
0 108 7425 2325 4
0 109 7525 2375 4
0 110 7475 2175 1
0 111 7775 2350 4
0 112 7825 2175 1
0 113 7875 2350 1
0 114 8825 2225 1
0 115 8725 2375 1
0 116 8703 2197 1
0 117 8825 2425 1
0 118 8575 2450 1
0 119 8725 2525 1
0 120 8625 2600 1
0 121 8375 2600 1
0 122 8475 2600 1
0 123 7975 2475 1
0 124 8225 2500 1
0 125 8225 2600 1
0 126 8125 2575 1
0 127 7975 2625 1
0 128 7750 2650 1
0 129 5350 2400 2
0 130 5450 2525 2
0 131 5450 2675 3
0 132 5250 2400 2
0 133 5175 2475 2
0 134 5175 2675 2
0 135 5075 2575 3
0 136 4975 2525 3
0 137 5025 2675 2
0 138 4875 2675 2
0 139 4175 2425 5
0 140 4175 2625 5
0 141 3925 2450 2
0 142 3725 2450 2
0 143 3325 2450 5
0 144 2925 2425 5
0 145 2575 2525 5
0 146 2675 2525 5
0 147 2275 2525 5
0 148 2375 2525 5
0 149 2175 2525 5
0 150 2148 2786 5
0 151 2249 2786 5
0 152 2352 2786 5
0 153 2451 2785 5
0 154 2552 2785 5
0 155 2651 2787 5
0 156 2925 2925 5
0 157 3325 2900 5
0 158 3725 2900 5
0 159 3925 2900 5
0 160 4175 2925 3
0 161 4175 2725 3
0 162 4975 2825 3
0 163 5075 2775 3
0 164 5175 2875 3
0 165 5450 2825 3
0 166 5450 2925 3
0 167 6125 2875 4
0 168 6025 2875 4
0 169 7575 2875 1
0 170 7425 2875 1
0 171 7925 2875 1
0 172 7875 2775 1
0 173 7825 2925 1
0 174 7750 2800 1
0 175 8125 2775 1
0 176 8075 2875 1
0 177 8025 2775 1
0 178 8125 2975 1
0 179 7975 2975 1
0 180 8775 2825 1
0 181 8775 2925 1
0 182 8775 3025 1
0 183 8775 3125 1
0 184 8775 3275 1
0 185 8625 3225 1
0 186 8525 3225 1
0 187 8075 3075 1
0 188 7975 3275 1
0 189 7975 3075 1
0 190 7825 3125 1
0 191 7575 3075 1
0 192 7600 3175 1
0 193 7425 3275 4
0 194 7425 3125 4
0 195 7425 3025 1
0 196 7325 3225 1
0 197 6125 3025 4
0 198 6025 3175 3
0 199 5375 3250 3
0 200 5275 3250 3
0 201 5450 3025 3
0 202 5175 3150 3
0 203 5075 3275 3
0 204 4525 3200 3
0 205 4575 3125 3
0 206 4575 3025 3
0 207 4425 3200 3
0 208 4325 3200 3
0 209 4175 3200 3
0 210 4275 3125 3
0 211 4275 3025 3
0 212 3975 3275 3
0 213 3875 3275 3
0 214 2925 3198 5
0 215 2925 3475 5
0 216 3925 3475 3
0 217 3825 3475 5
0 218 3975 3375 5
0 219 4325 3575 3
0 220 4275 3300 3
0 221 4175 3400 3
0 222 4125 3300 3
0 223 4500 3300 3
0 224 4400 3300 3
0 225 4725 3525 3
0 226 4675 3400 3
0 227 4775 3375 3
0 228 5175 3300 3
0 229 4975 3325 3
0 230 5175 3475 3
0 231 5025 3450 3
0 232 5375 3525 3
0 233 5275 3525 3
0 234 6050 3375 3
0 235 5908 3574 4
0 236 6450 3375 4
0 237 6675 3325 1
0 238 6575 3525 4
0 239 6975 3525 4
0 240 6875 3325 4
0 241 6775 3425 1
0 242 7150 3325 1
0 243 7150 3475 4
0 244 7625 3525 1
0 245 7575 3425 1
0 246 7475 3525 1
0 247 7425 3425 1
0 248 7825 3525 1
0 249 7725 3525 1
0 250 7825 3375 1
0 251 7725 3375 1
0 252 8225 3425 1
0 253 8225 3325 1
0 254 8475 3525 1
0 255 8325 3525 1
0 256 8575 3325 1
0 257 8775 3700 1
0 258 8675 3800 1
0 259 8575 3700 1
0 260 8425 3625 1
0 261 8325 3625 1
0 262 8375 3775 1
0 263 8175 3625 1
0 264 8225 3775 1
0 265 8075 3775 1
0 266 8075 3675 1
0 267 7925 3775 1
0 268 7875 3675 1
0 269 7075 3675 1
0 270 7150 3750 1
0 271 6975 3725 4
0 272 6575 3750 1
0 273 6375 3750 4
0 274 5975 3750 3
0 275 5325 3775 3
0 276 5275 3675 3
0 277 5375 3675 3
0 278 5075 3800 3
0 279 5204 3772 3
0 280 4675 3675 3
0 281 4925 3800 3
0 282 4925 3675 3
0 283 4775 3675 3
0 284 4575 3675 3
0 285 4425 3675 3
0 286 4325 3725 3
0 287 3825 3650 3
0 288 3625 3750 3
0 289 3475 3750 3
0 290 3225 3750 3
0 291 3325 3750 3
0 292 3125 3725 5
0 293 2925 3725 5
0 294 2575 3675 5
0 295 2675 3675 5
0 296 2275 3675 5
0 297 2375 3675 5
0 298 2175 3675 5
0 299 4775 3225 3
