1 20 237.167 707.298 4
1 300 236.206 683.44 4
1 14 247.619 698.637 4
1 117 207.262 753.08 4
1 390 165.76 712.313 4
1 29 271.361 736.904 4
1 41 140.141 704.084 4
1 195 172.306 772.747 4
1 315 233.293 789.181 4
1 106 168.354 774.785 4
1 327 189.042 621.271 4
1 25 196.656 613.862 4
1 68 267.929 788.352 4
1 166 176.011 611.721 4
1 246 256.513 606.643 4
1 119 245.176 595.849 4
1 340 257.615 814.539 4
1 63 195.225 821.483 4
1 128 232.085 588.069 4
1 159 165.471 811.813 4
1 75 298.827 796.84 4
1 221 312.678 611.344 4
1 297 91.7265 661.356 4
1 114 326.41 615.676 4
1 136 359.094 688.825 4
1 6 233.569 850.798 4
1 335 225.447 556.169 4
1 383 82.5408 643.565 4
1 163 135.318 579.262 4
1 303 334.192 594.83 4
1 396 349.224 799.328 4
1 116 175.187 551.629 4
1 172 104.725 588.78 4
1 150 101.219 820.45 4
1 215 228.193 537.552 4
1 193 776.794 291.288 3
1 104 801.207 327.664 3
1 32 817.106 281.12 3
1 302 732.088 320.501 3
1 354 800.506 368.529 3
1 170 850.689 321.301 3
1 247 805.435 372.793 3
1 309 747.866 360.265 3
1 333 740.572 359.87 3
1 323 826.839 234.883 3
1 317 818.496 388.539 3
1 60 764.19 227.841 3
1 293 890.36 307.257 3
1 149 875.589 251.226 3
1 369 760.5 411.841 3
1 142 725.65 402.263 3
1 290 786.058 432.582 3
1 234 769.072 182.917 3
1 169 852.354 420.312 3
1 240 789.06 180.381 3
1 93 775.205 181.054 3
1 230 814.209 436.493 3
1 332 752.455 173.084 3
1 98 730.64 446.995 3
1 80 800.35 158.589 3
1 137 901.1 207.153 3
1 176 868.707 180.065 3
1 217 881.955 436.361 3
1 103 700.979 439.308 3
1 219 811.997 466.21 3
1 125 923.029 410.17 3
1 26 913.249 428.902 3
1 260 260.672 213.383 2
1 224 272.482 202.425 2
1 314 257.178 178.95 2
1 286 273.595 173.028 2
1 101 258.125 251.372 2
1 161 310.765 220.815 2
1 382 274.222 258.428 2
1 113 226.997 149.199 2
1 391 256.231 126.549 2
1 312 344.638 230.393 2
1 231 291.053 292.049 2
1 251 203.288 280.22 2
1 342 172.907 173.232 2
1 258 360.033 175.038 2
1 70 156.993 187.479 2
1 87 192.47 292.712 2
1 40 156.444 178.995 2
1 126 153.759 230.999 2
1 89 316.686 311.822 2
1 243 195.262 304.483 2
1 348 382.173 228.74 2
1 184 153.897 253.897 2
1 50 232.874 327.742 2
1 164 257.714 332.927 2
1 78 370.272 274.581 2
1 152 134 228.874 2
1 64 171.854 111.942 2
1 228 399.475 192.268 2
1 365 214.744 82.1886 2
1 155 267.979 69.0196 2
1 237 227.183 343.604 2
1 174 417.205 194.188 2
1 120 368.488 322.474 2
1 374 377.688 314.408 2
1 83 148.737 95.1072 2
1 209 382.491 96.1738 2
1 264 667.645 810.279 1
1 381 738.931 820.767 1
1 121 618.453 808.454 1
1 72 745.996 818.744 1
1 208 636.977 852.552 1
1 138 607.208 778.844 1
1 211 759.957 814.02 1
1 298 616.789 748.507 1
1 1 602.539 801.704 1
1 225 762.214 751.456 1
1 280 775.352 780.347 1
1 384 592.712 764.167 1
1 102 659.297 693.415 1
1 359 603.56 723.736 1
1 353 609.907 714.945 1
1 4 796.042 796.519 1
1 227 783.667 742.083 1
1 79 789.206 738.168 1
1 95 653.011 671.869 1
1 279 808.889 763.527 1
1 259 809.911 758.316 1
1 178 669.764 662.314 1
1 271 683.546 930.491 1
1 107 607.71 673.196 1
1 194 756.586 917.899 1
1 147 541.69 818.375 1
1 386 778.131 902.453 1
1 254 826.909 802.719 1
1 336 782.186 687.569 1
1 329 807.777 879.354 1
1 313 754.786 929.344 1
1 56 699.395 641.832 1
1 59 547.886 870.165 1
1 140 840.931 757.357 1
2 12 83.0742 601.487 2
2 287 49.9968 742.733 2
2 38 306.696 552.626 2
2 185 138.308 544.775 2
2 319 344.937 837.515 1
2 18 55.259 619.092 2
2 316 109.638 555.178 2
2 5 88.9064 838.954 2
2 294 304.468 535.688 2
2 281 178.085 519.553 2
2 16 125.872 536.987 2
2 67 327.208 868.8 1
2 239 25.5217 669.796 2
2 46 279.893 896.021 1
2 71 186.101 903.489 2
2 122 284.623 905.817 1
2 284 236.126 494.214 2
2 8 406.271 601.839 2
2 395 367.23 863.354 1
2 267 93.5555 531.101 2
2 66 132.524 507.626 2
2 97 1.94865 712.335 2
2 100 377.453 863.505 1
2 23 15.771 614.642 2
2 322 123.803 911.149 2
2 252 325.896 907.59 1
2 201 205.641 477.219 2
2 205 295.533 923.189 1
2 213 244.594 473.987 2
2 200 417.302 581.199 2
2 349 407.053 857.824 1
2 153 167.243 943.593 2
2 135 10.2508 829.527 2
2 47 331.283 923.481 1
2 69 792.919 136.517 3
2 385 724.782 471.166 3
2 45 931.464 198.146 3
2 143 882.698 149.994 3
2 130 959.404 382.332 3
2 218 680.574 156.194 3
2 269 746.616 491.772 3
2 74 795.061 496.701 3
2 263 606.972 355.066 3
2 110 692.786 475.055 3
2 182 967.473 235.618 3
2 296 868.559 484.797 3
2 96 628.285 197.058 3
2 11 946.1 432.995 3
2 320 920.634 460.336 3
2 375 961.419 413.034 3
2 85 972.905 220.419 3
2 73 672.67 141.516 3
2 111 615.258 416.034 3
2 282 988.743 256.46 3
2 363 779.11 99.0186 3
2 62 908.764 483.318 3
2 197 904.883 126.216 3
2 42 963.235 442.629 3
2 371 995.853 234.577 3
2 207 889.914 107.701 3
2 324 967.716 166.523 3
2 36 806.139 537.748 3
2 301 974.766 171.802 3
2 81 748.357 537.031 3
2 133 734.709 76.166 3
2 180 424.972 239.973 4
2 339 99.6077 192.347 4
2 144 429.87 229.253 4
2 203 372.177 77.9249 4
2 358 235.387 41.3129 4
2 380 109.524 120.779 4
2 262 176.023 365.196 4
2 318 438.962 136.901 4
2 158 217.245 20.1127 4
2 84 231.984 10.131 4
2 43 460.829 255.503 4
2 37 445.404 306.86 4
2 242 58.1823 207.452 4
2 191 331.085 8.82753 4
2 7 476.864 203.976 4
2 189 190.116 9.77048 4
2 397 127.116 42.9147 4
2 127 476.331 253.181 4
2 177 262.003 425.604 2
2 307 197.287 1.98716 4
2 277 52.5835 271.001 4
2 283 114.258 377.412 2
2 52 126.307 27.0835 4
2 334 494.045 199.61 4
2 86 40.56 259.589 4
2 179 420.178 34.4287 4
2 173 64.3447 87.0233 4
2 90 494.944 163.27 4
2 94 109.477 27.3525 4
2 347 34.4571 282.052 4
2 388 26.8873 163.883 4
2 76 91.6001 378.018 2
2 186 23.8826 240.295 4
2 210 134.598 416.191 2
2 311 21.823 256.845 4
2 376 825.413 709.361 1
2 265 852.864 824.65 1
2 134 844.594 856.238 1
2 99 580.371 933.465 1
2 92 835.669 882.708 1
2 344 537.144 893.849 1
2 109 505.772 795.094 1
2 292 509.984 834.341 1
2 13 861.254 754.12 1
2 331 680.526 979.535 1
2 389 741.314 972.935 1
2 51 870.562 747.862 1
2 256 599.164 619.972 1
2 91 525.118 681.256 1
2 10 593.326 968.644 1
2 131 659.332 989.174 1
2 343 483.206 814.332 1
2 328 500.418 885.256 1
2 253 512.472 906.526 1
2 362 548.665 952.849 1
2 352 891.084 771.611 1
2 326 477.087 834.773 1
2 21 583.448 609.201 1
2 366 560.439 622.937 1
2 249 818.209 629.891 3
2 61 489.34 885.471 1
2 115 756.359 997.073 1
2 357 517.93 649.464 1
2 156 476.475 711.843 1
2 157 456.946 809.262 1
2 361 498.328 926.571 1
2 306 451.636 797.971 1
2 268 818.774 606.902 3
3 0 435.841 587.522 4
3 305 33.0116 545.758 3
3 34 278.353 945.623 4
3 278 152.733 951.553 4
3 270 231.083 960.553 4
3 57 30.6059 881.315 4
3 112 433.068 854.106 4
3 123 347.487 932.543 4
3 183 180.64 963.276 4
3 255 374.105 494.356 3
3 48 33.5356 889.86 4
3 33 332.771 466.52 3
3 154 156.372 445.891 3
3 168 416.783 521.535 3
3 3 444.217 553.301 3
3 44 385.534 487.846 3
3 35 168.54 974.806 4
3 88 24.0393 509.808 3
3 346 286.889 436.077 3
3 341 42.8894 926.489 4
3 285 314.339 438.079 3
3 141 449.959 883.516 4
3 212 44.5069 940.863 4
3 118 127.313 986.134 4
3 160 381.612 457.549 3
3 229 32.4988 938.751 4
3 22 404.171 942.218 4
3 235 175.856 408.861 3
3 308 236.339 400.124 3
3 190 347.579 997.518 4
3 257 327.353 384.372 3
3 378 35.7801 990.366 4
3 236 344.656 388.185 3
3 345 2.99018 973.272 4
3 77 917.898 105.225 1
3 139 682.389 84.7105 1
3 325 763.859 558.636 2
3 171 745.771 57.0821 1
3 266 746.32 56.0444 1
3 165 678.108 546.502 2
3 398 587.637 139.566 1
3 273 709.83 561.077 2
3 367 693.672 555.594 2
3 337 559.929 171.432 1
3 370 626.521 526.724 2
3 105 755.117 581.702 2
3 187 701.018 43.4543 1
3 19 691.414 576.653 2
3 351 534.254 449.898 1
3 216 645.769 36.6176 1
3 291 995.164 77.7478 1
3 364 582.097 75.6071 1
3 214 642.573 589.53 2
3 146 578.122 545.104 2
3 321 950.473 33.9817 1
3 276 886.343 4.94442 1
3 220 963.481 584.969 2
3 226 648.783 603.79 2
3 373 989.579 47.3211 1
3 350 957.659 25.5349 1
3 289 540.007 528.659 2
3 65 599.164 587.5 2
3 232 607.013 13.6116 1
3 181 615.069 4.82106 1
3 148 509.211 164.053 1
3 196 85.7052 33.6732 3
3 82 486.979 88.5907 1
3 198 87.5416 389.28 3
3 238 491.148 328.614 1
3 355 6.5945 196.999 3
3 368 90.496 16.7955 3
3 199 21.9732 102.51 3
3 356 122.621 436.923 3
3 330 6.13562 122.624 3
3 28 49.6047 40.6059 3
3 295 473.917 22.3053 1
3 399 22.8315 355.085 3
3 192 547.387 204.852 1
3 233 92.7453 433.967 3
3 24 20.0806 62.8968 3
3 248 462.037 417.062 3
3 49 511.528 60.4103 1
3 394 72.1925 423.799 3
3 288 6.42906 353.95 3
3 53 25.7158 384.711 3
3 132 475.22 422.92 3
3 151 485.894 5.4797 1
3 393 524.925 53.7248 1
3 54 550.99 317.71 1
3 204 117.937 480.467 3
3 162 2.19756 25.8493 3
3 167 560.389 331.015 1
3 39 555.492 359.315 1
3 245 557.17 378.511 1
3 108 569.788 359.946 1
3 17 563.237 20.7366 1
3 304 561.254 14.0532 1
3 379 620.154 281.819 1
3 338 463.399 711.7 4
3 2 861.563 954.019 2
3 387 885.712 666.382 2
3 222 853.959 621.638 2
3 129 439.629 819.344 4
3 244 543.707 996.057 4
3 372 918.947 876.684 2
3 31 489.418 957.946 4
3 310 430.779 816.476 4
3 223 518.363 989.629 4
3 27 828.34 584.111 2
3 377 827.455 580.479 2
3 202 486.743 625.481 4
3 206 879.339 967.331 2
3 392 927.385 899.534 2
3 274 452.184 663.382 4
3 124 942.046 733.577 2
3 188 951.537 792.325 2
3 250 415.46 823.742 4
3 9 954.573 785.053 2
3 299 414.131 748.199 4
3 261 934.248 685.015 2
3 360 910.373 948.618 2
3 272 431.006 685.786 4
3 58 486.626 987.924 4
3 55 421.545 669.856 4
3 145 980.879 821.977 2
3 275 384.806 812.568 4
3 241 980.725 735.09 2
3 30 979.153 716.97 2
3 175 884.474 559.131 2
3 15 963.227 965.824 2
