1 4 53.4418 131.485 1
1 5 143.061 631.72 1
1 6 689.945 468.535 2
1 9 661.051 445.938 2
1 13 192.407 20.4394 3
1 15 240.825 281.514 1
1 18 352.966 666.787 2
1 21 141.404 228.433 1
1 23 397.559 231.359 3
1 24 565.785 282.386 3
1 25 475.898 468.539 2
1 26 322.422 550.317 2
1 29 571.219 530.262 2
1 30 104.653 482.822 1
1 34 58.7767 507.171 1
1 37 639.031 467.23 2
1 38 415.026 233.305 3
1 40 616.655 339.341 2
1 41 494.859 148.122 3
1 45 91.5848 110.02 1
1 46 390.697 423.977 2
1 47 565.162 429.16 2
1 52 228.833 410.446 1
1 53 578.381 321.33 2
1 55 486.465 593.043 2
1 56 343.169 509.312 2
1 57 530.363 137.688 3
1 59 224.318 312.468 1
1 60 595.836 81.813 3
1 61 661.559 217.046 3
1 62 43.6892 305.472 1
1 63 79.4653 445.964 1
1 68 59.4163 40.128 1
1 70 579.327 601.036 2
1 73 22.7643 455.534 1
1 74 259.71 10.62 3
1 77 315.293 273.228 1
1 78 220.704 270.082 1
1 83 396.127 539.465 2
1 84 118.663 508.713 1
1 89 141.451 485.248 1
1 90 396.774 460.756 2
1 94 130.924 351.149 1
1 95 72.633 645.785 1
1 96 144.6 457.422 1
1 101 500.383 198.743 3
1 103 59.7537 551.632 1
1 104 15.2146 143.044 1
1 105 283.005 376.444 1
1 108 588.197 580.595 2
1 109 457.263 350.016 2
1 110 537.466 472.584 2
1 113 88.4678 384.051 1
1 114 658.913 583.958 2
1 115 97.7359 157.456 1
1 116 506.619 233.002 3
1 117 500.257 64.9136 3
1 120 598.416 414.556 2
1 121 172.309 344.396 1
1 123 303.838 21.0526 3
1 124 197.897 512.389 1
1 126 255.557 448.865 1
1 127 608.426 222.542 3
1 129 398.23 119.558 3
1 133 278.871 299.931 1
1 134 381.654 360.334 2
1 137 562.905 670.038 2
1 138 398.55 392.649 2
1 139 590.894 370.741 2
1 140 558.201 0.419881 3
1 141 461.411 530.525 2
1 143 193.661 669.743 1
1 146 299.588 530.589 2
1 148 690.966 134.579 3
1 150 91.6468 166.354 1
2 1 37.4394 541.209 3
2 2 612.176 494.317 1
2 3 38.1312 353.148 3
2 7 112.748 529.418 3
2 8 141.488 504.818 3
2 10 98.7899 384.593 3
2 11 697.388 180.396 1
2 12 536.489 287.228 1
2 14 282.787 229.8 2
2 16 246.928 322.461 2
2 17 649.731 62.3332 1
2 19 633.392 534.94 1
2 20 488.312 437.487 1
2 22 17.3633 240.241 2
2 27 397.559 74.7588 2
2 28 672.862 432.883 1
2 31 356.71 67.6477 2
2 32 400.407 253.679 2
2 33 282.304 426.838 3
2 35 189.751 460.382 3
2 36 659.912 226.628 1
2 39 547.266 161.659 1
2 42 629.998 433.455 1
2 43 471.101 314.222 1
2 44 138.244 137.168 2
2 48 54.5249 438.552 3
2 49 334.351 153.797 2
2 50 531.029 612.387 1
2 51 475.735 385.784 1
2 54 358.917 404.467 1
2 58 498.807 576.21 1
2 64 210.416 130.715 2
2 65 432.264 629.409 1
2 66 623.249 69.1893 1
2 67 436.519 282.936 1
2 69 630.923 230.343 1
2 71 117.862 112.98 2
2 72 297.791 166.313 2
2 75 342.358 599.388 3
2 76 10.0261 488.931 3
2 79 192.119 314.184 2
2 80 271.504 225.292 2
2 81 530.732 504.067 1
2 82 42.5331 656.365 3
2 85 395.691 699.538 3
2 86 559.016 560.887 1
2 87 22.6471 526.247 3
2 88 135.638 325.841 2
2 91 87.7495 19.617 2
2 92 350.425 420.653 1
2 93 216.701 466.482 3
2 97 212.373 594.922 3
2 98 49.9187 541.435 3
2 99 656.694 558.111 1
2 100 176.594 648.524 3
2 102 634.318 612.829 1
2 106 146.539 39.4232 2
2 107 101.869 635.099 3
2 111 269.367 367.476 3
2 112 239.905 102.63 2
2 118 594.405 275.874 1
2 119 66.2308 24.1317 2
2 122 299.481 251.83 2
2 125 56.02 243.066 2
2 128 70.2723 77.9227 2
2 130 635.497 133.323 1
2 131 378.348 272.291 2
2 132 484.803 677.073 1
2 135 557.607 595.319 1
2 136 249.059 76.6595 2
2 142 354.724 685.405 3
2 144 352.314 140.327 2
2 145 308.435 115.205 2
2 147 334.275 152.149 2
2 149 48.0798 270.968 2
