1 181 64.49 -147.51 2
1 298 -3.04 -60 2
1 516 53.19 -113.35 2
1 519 45.19 -75.4 2
1 164 42.14 -83.32 2
1 201 -22.5 -43.15 2
1 336 -34.5 -56.02 2
1 439 37.37 -122.23 2
1 117 41.59 -87.54 2
1 434 47.27 -122.18 2
1 524 49.11 -123.1 2
1 43 39.11 -76.4 2
1 508 -23 -47.08 2
1 137 12.12 -68.57 2
1 518 45.41 -74.02 2
1 26 61.1 -149.59 2
1 456 -12.54 -38.2 2
1 444 37.22 -121.56 2
1 222 21.2 -157.55 2
1 106 4.49 -52.22 2
1 180 -34.49 -58.32 2
1 404 -8.08 -34.55 2
1 426 -23 -47.08 2
1 44 10.48 -74.52 2
1 526 51.07 -114.01 2
1 520 46.48 -71.24 2
1 224 38.57 -77.27 2
1 120 41.25 -81.51 2
1 410 -29.43 -53.42 2
1 144 32.5 -96.51 2
1 525 49.55 -97.14 2
1 527 47.37 -52.45 2
1 235 40.38 -73.46 2
1 151 39.46 -104.53 2
1 269 33.57 -118.24 2
1 37 33.46 -84.31 2
1 34 -25.14 -57.31 2
1 411 -22.5 -43.15 2
1 517 44.53 -63.31 2
1 213 -2.09 -79.53 2
1 523 45.28 -73.44 2
1 240 45.28 -73.44 2
1 69 45.48 -108.37 2
1 418 -32.55 -60.47 2
1 522 48.57 -54.34 2
1 12 -34.48 138.38 3
1 339 -17.45 177.27 3
1 353 35.45 140.23 3
1 328 -20.26 57.41 1
1 370 34.47 135.27 3
1 80 -27.25 153.05 3
1 471 41.19 69.24 1
1 360 26.21 127.46 3
1 318 4.11 73.32 3
1 308 -37.41 144.51 3
1 247 -6.18 155.43 3
1 246 24.54 67.09 1
1 103 23.11 113.16 3
1 242 34.34 69.12 1
1 378 40.05 116.36 3
1 84 19.05 72.52 3
1 440 31.12 121.2 3
1 123 -28.02 145.37 3
1 73 13.55 100.36 3
1 89 46.55 7.3 1
1 158 19.08 30.26 1
1 301 46.22 15.47 1
1 1 36.49 7.49 1
1 128 44.22 28.29 1
1 212 46.14 6.07 1
1 487 33.56 8.06 1
1 515 36.45 -6.04 1
1 319 47.45 7.26 1
1 291 -17.49 25.49 1
1 220 31.4 6.09 1
1 375 43.26 -5.5 1
1 494 45.39 12.12 1
1 52 9.21 34.31 1
1 232 38.17 27.1 1
1 484 0.23 6.43 1
1 241 12.03 8.31 1
1 46 10.25 45.01 1
1 244 -1.58 30.08 1
1 260 0.27 9.25 1
1 270 50.38 5.27 1
1 261 34.52 33.38 1
1 388 39.33 2.44 1
1 233 21.3 39.12 1
1 35 23.58 32.47 1
1 217 35.2 25.11 1
1 340 40.53 14.18 1
1 345 45.56 6.06 1
1 329 51.21 1.21 1
1 362 40.54 9.31 1
1 16 40.38 8.17 1
1 530 45.45 16.04 1
1 40 36.55 30.48 1
1 160 49.22 0.1 1
1 314 45.27 9.16 1
1 15 36.4 -4.3 1
1 364 41.14 -8.41 1
1 231 40.59 28.49 1
1 506 43.14 27.49 1
1 396 43.41 10.24 1
1 75 55.44 9.09 1
1 505 44.55 4.58 1
1 10 8.59 38.48 1
1 290 49.37 6.12 1
1 185 41.49 12.15 1
1 28 51.11 4.28 1
1 226 38.52 1.22 1
1 88 41.08 16.47 1
1 208 37.11 -3.47 1
1 409 36.23 28.07 1
1 210 51.09 -0.11 1
1 32 59.39 17.55 1
1 285 6.1 1.15 1
1 170 45.32 4.18 1
1 102 30.08 31.24 1
1 203 45.22 5.2 1
1 101 39.15 9.04 1
1 13 30.23 -9.33 1
1 373 44.34 26.06 1
1 359 46.26 30.41 1
1 300 -4.02 39.36 1
1 377 48.43 2.23 1
1 60 4.24 18.31 1
1 155 33.52 10.47 1
1 412 45.13 14.35 1
1 24 31.58 35.59 1
1 278 35.3 12.37 1
1 114 45.4 -0.19 1
1 492 45.12 7.39 1
1 317 35.52 14.29 1
1 402 31.37 -8.03 1
1 423 15.29 44.13 1
1 2 57.06 9.51 1
1 511 41.42 -4.51 1
1 343 43.4 7.13 1
1 190 8.37 -13.12 1
1 405 38.04 15.39 1
1 490 37.55 12.29 1
1 205 44.25 8.5 1
1 416 41.49 12.15 1
1 512 45.24 10.53 1
1 188 -4.23 15.26 1
1 159 25.16 51.34 1
1 395 50.06 14.16 1
1 529 44.06 15.21 1
1 348 35.09 36.17 1
1 214 52.28 9.42 1
1 175 48.19 6.04 1
1 133 37.28 15.04 1
1 21 36.42 3.13 1
1 346 12.08 15.02 1
1 183 -11.35 27.31 1
1 112 49.01 2.33 1
1 228 50.21 30.55 1
1 111 52.5 -1.19 1
1 262 43.11 0 1
1 480 32.4 13.09 1
1 254 -8.51 13.14 1
1 507 45.3 12.21 1
1 281 6.35 3.2 1
1 461 38.54 16.15 1
1 280 51.28 -0.27 1
1 454 42.42 23.24 1
1 458 51.33 0.14 1
1 460 48.41 9.13 1
1 20 38.17 -0.34 1
1 482 32.01 34.53 1
1 157 4.01 9.43 1
1 113 43.33 6.57 1
1 140 51.24 -3.12 1
1 354 47.09 -1.36 1
1 414 48.04 -1.44 1
1 391 36.49 11.58 1
1 401 45.39 12.12 1
1 369 48.43 2.23 1
2 82 4.42 -74.09 3
2 49 41.56 -72.41 3
2 7 16.45 -99.45 3
2 66 33.34 -86.45 3
2 125 40.04 -83.04 3
2 96 -34.49 -58.32 3
2 363 41.07 -95.55 3
2 341 25.02 -77.28 3
2 310 12.07 -86.11 3
2 139 39.03 -84.2 3
2 92 -15.52 -47.55 3
2 256 36.04 -115.09 3
2 382 39.52 -75.15 3
2 38 12.3 -70.01 3
2 424 13.42 -89.07 3
2 257 33.56 -118.24 3
2 230 39.44 -86.17 3
2 427 29.32 -98.28 3
2 138 39.09 -84.2 3
2 496 36.18 -95.52 3
2 451 40.53 -111.57 3
2 48 32.22 -64.42 3
2 97 42.55 -78.38 3
2 513 38.57 -77.27 3
2 376 18.34 -72.17 3
2 86 42.22 -71 3
2 152 32.46 -96.24 3
2 433 18.26 -69.4 3
2 361 35.26 -97.46 3
2 309 19.26 -99.04 3
2 381 37.08 -76.3 3
2 446 9.58 -84.16 3
2 502 -0.08 -78.29 3
2 134 10.27 -75.31 3
2 121 3.26 -76.25 3
2 504 13.45 -60.57 3
2 61 13.04 -59.3 3
2 521 42.16 -82.58 3
2 312 25.48 -80.17 3
2 283 -16.3 -68.11 3
2 109 10.36 -66.59 3
2 274 -12.01 -77.07 3
2 178 40.42 -74.1 3
2 528 43.41 -79.38 3
2 306 -37.44 144.54 2
2 177 40.09 82.4 2
2 19 -37.01 174.47 2
2 443 1.21 103.54 2
2 379 -31.56 115.58 2
2 124 7.11 79.53 2
2 110 22.39 88.27 2
2 294 13 80.11 2
2 237 -6.09 106.51 2
2 417 14.1 145.15 2
2 221 35.33 139.46 2
2 499 35.33 139.46 2
2 347 32.56 129.56 2
2 150 28.34 77.07 2
2 421 33.37 73.06 2
2 108 -35.19 149.12 2
2 161 -8.45 115.1 2
2 407 16.54 96.09 2
2 436 37.33 126.48 2
2 279 48.14 14.11 1
2 455 43.32 16.18 1
2 191 41.26 15.32 1
2 465 48.32 7.38 1
2 501 40.62 13.11 1
2 349 13.29 2.1 1
2 342 -1.19 36.56 1
2 55 48.27 -4.25 1
2 331 53.52 27.33 1
2 509 48.07 16.33 1
2 264 36.51 -2.22 1
2 483 22.49 5.27 1
2 275 45.27 9.16 1
2 204 7.09 41.43 1
2 126 33.22 -7.35 1
2 22 36.11 37.14 1
2 207 41.54 2.46 1
2 533 47.28 8.33 1
2 169 0.03 32.26 1
2 200 24.57 10.1 1
2 324 43.35 3.58 1
2 335 48.08 11.42 1
2 168 25.15 55.2 1
2 187 33.56 45.8 1
2 74 12.38 -8.02 1
2 493 45.5 13.28 1
2 182 37.01 -7.58 1
2 403 34.03 -6.45 1
2 91 50.54 4.29 1
2 374 12.21 -1.31 1
2 194 -21.13 27.29 1
2 368 35.38 -0.37 1
2 495 47.26 0.43 1
2 58 54.39 -6.14 1
2 292 25.41 32.43 1
2 293 45.44 4.56 1
2 9 28.56 -13.36 1
2 534 51.33 0.14 1
2 90 51.31 -2.35 1
2 276 38.46 -9.08 1
2 449 40.31 22.58 1
2 239 -3.22 36.38 1
2 107 52.13 0.11 1
2 445 43.49 18.2 1
2 479 41.2 19.47 1
2 372 51.12 2.52 1
2 351 -13 28.39 1
2 130 6.21 2.23 1
2 145 33.25 36.31 1
2 474 43.11 0 1
2 25 52.18 4.46 1
2 431 42.54 -8.25 1
2 193 44.12 12.04 1
2 305 44.25 8.5 1
2 400 43.23 -0.25 1
2 413 44.01 12.37 1
2 385 46.35 0.18 1
2 469 47.48 13 1
2 105 -11.54 22.45 1
2 209 47 15.26 1
2 481 43.37 1.23 1
2 435 27 14.27 1
2 432 33.14 44.14 1
2 332 50.55 5.47 1
2 380 4.52 7.02 1
2 27 39.57 32.41 1
2 36 37.54 23.44 1
2 397 42.26 14.11 1
2 54 52.29 13.24 1
2 122 42.31 8.48 1
2 67 52.27 -1.45 1
2 118 41.48 12.36 1
2 250 15.36 32.33 1
2 531 41.4 -1.03 1
2 355 49.3 11.05 1
2 295 40.29 -3.34 1
2 189 43.49 11.12 1
2 50 40.39 17.57 1
2 497 36.51 10.14 1
2 510 39.29 -0.29 1
2 437 51.34 0.42 1
2 143 14.45 42.59 1
2 327 43.26 5.13 1
2 296 31.52 -4.13 1
2 277 46.13 14.28 1
2 266 51.25 12.14 1
2 307 24.31 39.42 1
2 288 -15.2 28.27 1
2 76 44.32 11.18 1
2 249 50.05 19.47 1
2 389 38.1 13.06 1
2 78 -15.41 34.58 1
2 198 54.23 18.28 1
2 136 39 17.05 1
2 147 42.34 18.16 1
2 466 52.22 13.3 1
2 4 5.15 -3.56 1
2 253 29.13 47.58 1
2 337 45.38 8.43 1
2 470 40.31 17.24 1
2 477 52.29 13.24 1
2 115 39.37 19.55 1
2 338 49.05 6.08 1
2 273 50.34 3.05 1
2 315 35.45 10.45 1
2 387 -5.15 39.49 1
2 485 35.43 -5.55 1
2 514 52.1 20.58 1
2 192 50.02 8.34 1
2 464 37.26 -5.54 1
2 14 56.18 12.51 1
2 450 41.58 21.38 1
2 267 6.1 1.15 1
2 419 51.57 4.26 1
2 236 11.33 43.1 1
3 63 44.48 -68.5 3
3 225 43.06 -78.57 3
3 299 10.34 -71.44 3
3 457 38.45 -90.22 3
3 399 9.03 -79.24 3
3 330 44.53 -93.13 3
3 45 -16.11 -52.3 3
3 500 35.54 -83.53 3
3 59 35.48 -101.22 3
3 386 40.3 -80.14 3
3 333 29.59 -90.16 3
3 476 14.02 -87.14 3
3 303 28.32 -81.2 3
3 141 29.11 -81.03 3
3 223 29.59 -95.28 3
3 365 41.59 -87.54 3
3 29 17.08 -61.47 3
3 248 17.56 -76.48 3
3 383 33.26 -112.01 3
3 211 14.34 -90.32 3
3 422 6.3 -58.15 3
3 316 39.07 -94.36 3
3 398 16.16 -61.32 3
3 447 9.59 -84.12 3
3 394 9.05 -79.23 3
3 23 35.14 -101.42 3
3 227 47.34 -97.27 3
3 173 31.48 -106.16 3
3 313 20.56 -89.41 3
3 357 40.38 -73.46 3
3 367 28.26 -81.19 3
3 302 39.18 -94.44 3
3 393 10.36 -61.21 3
3 165 42.13 -83.21 3
3 268 40.46 -73.52 3
3 448 18.26 -66.01 3
3 425 32.44 -117.11 3
3 5 34.59 -106.37 3
3 186 14.35 -61 3
3 149 38.51 -77.02 3
3 229 -25.44 -54.28 3
3 255 10.36 -66.59 3
3 430 -33.23 -70.47 3
3 488 -24.42 -53.42 3
3 392 -9.27 147.13 1
3 326 -8.58 125.13 1
3 252 3.08 101.33 1
3 163 -12.25 130.52 1
3 390 11.33 104.51 1
3 77 12.57 77.4 1
3 467 -33.56 151.1 1
3 219 22.19 114.12 1
3 489 25.04 121.33 1
3 142 23.46 90.23 1
3 218 30.2 120.51 1
3 289 4.27 114 1
3 322 14.31 121.01 1
3 245 22.34 120.17 1
3 535 24.58 91.53 1
3 503 12.41 101.01 1
3 251 27.42 85.22 1
3 135 -26.25 146.14 1
3 334 -26.31 31.19 1
3 11 12.5 45.02 1
3 429 48.31 -24.8 2
3 415 6.14 -10.22 2
3 95 47.27 19.15 2
3 93 47.35 7.32 2
3 196 53.29 -1 2
3 234 49.13 -2.12 2
3 243 63.59 -22.37 2
3 420 24.42 46.44 1
3 195 28.27 -13.52 2
3 282 27.56 -15.23 2
3 116 50.52 7.09 2
3 87 53.03 8.48 2
3 62 60.17 5.13 2
3 53 32.06 20.16 2
3 371 60.12 11.05 2
3 215 53.38 10 2
3 68 42.33 9.29 2
3 39 24.26 54.28 1
3 179 50.44 -3.25 2
3 6 57.12 -2.12 2
3 8 5.36 -0.1 2
3 478 35.41 51.19 1
3 65 45.4 9.24 2
3 131 55.37 12.39 2
3 127 48.07 7.22 2
3 344 55.02 -1.41 2
3 325 -25.55 32.34 1
3 272 51.28 -0.27 2
3 64 33.14 44.14 1
3 51 44.49 20.19 2
3 532 -6.13 39.13 1
3 366 51.5 -8.29 2
3 99 49.27 2.07 2
3 263 59.49 30.17 2
3 146 -6.53 39.12 1
3 148 -29.58 30.57 1
3 171 55.57 -3.22 2
3 473 38.31 -28.43 2
3 154 47.16 5.05 2
3 442 16.45 -22.57 2
3 452 36.58 -25.1 2
3 463 55.58 37.25 2
3 197 -19.27 29.52 1
3 72 -3.19 29.19 1
3 199 60.12 11.05 2
3 468 29.33 52.36 1
3 356 52.41 1.17 2
3 323 55.58 37.25 2
3 31 29.38 35.01 2
3 320 55.33 13.22 2
3 350 18.06 -15.57 2
3 119 9.34 -13.37 2
3 176 40.07 33 2
3 167 51.17 6.45 2
3 428 -17.56 31.06 1
3 42 40.29 50.01 1
3 18 41.55 8.48 2
3 384 55.52 -4.26 2
3 56 -19.48 3.45 2
3 71 13.21 -16.4 2
3 47 41.18 2.05 2
3 238 -26.08 28.15 1
3 287 -25.55 32.34 1
3 57 33.49 35.29 2
3 284 53.21 -2.53 2
3 17 35.11 -3.5 2
3 311 2.01 45.19 1
3 174 52.5 -1.19 2
3 453 52.42 -8.55 2
3 70 43.28 -1.32 2
3 129 45.4 -0.19 2
3 162 51.08 13.46 2
3 83 50.47 -1.51 2
3 441 25.21 55.24 1
3 472 28.29 -16.2 2
3 41 26.16 50.38 1
3 166 53.26 -6.15 2
3 286 51.53 -0.22 2
3 271 51.09 -0.11 2
3 462 58.53 5.38 2
3 153 26.16 50.1 1
3 3 30.22 48.14 1
3 172 51.27 5.23 2
3 491 51.23 -2.43 2
3 438 -4.4 55.31 1
3 259 48.58 2.27 2
3 408 49.19 4.03 2
3 321 54.31 -1.25 2
3 202 55.52 -4.26 2
3 206 57.4 18.18 2
3 85 67.16 14.22 2
3 498 52.34 13.18 2
3 79 27.13 56.22 1
3 304 23.36 58.17 1
3 30 43.37 13.22 2
3 184 59.54 10.37 2
3 33 15.18 38.55 1
3 258 53.52 -1.39 2
3 104 33.33 -7.4 2
3 265 51.24 12.25 2
3 156 14.45 -17.3 2
3 216 60.19 24.58 2
3 297 53.21 -2.16 2
3 406 64.08 -21.57 2
3 132 -33.58 18.36 1
3 486 -18.48 47.29 1
3 94 48.1 16.13 2
3 81 44.5 -0.43 2
3 358 55.28 10.2 2
3 352 58.35 16.15 2
3 100 -4.15 15.15 2
3 459 59.39 17.55 2
3 98 44.3 26.06 2
3 475 28.29 -16.2 2
