0 37.4394 541.209 0 0 0 0 0 1 0
0 612.176 494.317 0 1 0 0 0 0 0
0 38.1312 353.148 0 0 0 0 0 1 0
0 53.4418 131.485 0 0 0 1 0 0 0
0 143.061 631.72 0 0 0 0 0 1 0
0 689.945 468.535 0 1 0 0 0 0 0
0 112.748 529.418 0 0 0 0 0 1 0
0 141.488 504.818 0 0 0 0 0 1 0
0 661.051 445.938 0 1 0 0 0 0 0
0 98.7899 384.593 1 0 0 0 0 0 0
0 697.388 180.396 0 0 1 0 0 0 0
0 536.489 287.228 0 1 0 0 0 0 0
0 192.407 20.4394 0 0 0 0 0 0 1
0 282.787 229.8 0 0 0 0 0 0 1
0 240.825 281.514 1 0 0 0 0 0 0
0 246.928 322.461 1 0 0 0 0 0 0
0 649.731 62.3332 0 0 1 0 0 0 0
0 352.966 666.787 0 0 0 0 1 0 0
0 633.392 534.94 0 1 0 0 0 0 0
0 488.312 437.487 0 1 0 0 0 0 0
0 141.404 228.433 1 0 0 0 0 0 0
0 17.3633 240.241 0 0 0 1 0 0 0
0 397.559 231.359 0 0 0 0 0 0 1
0 565.785 282.386 0 1 0 0 0 0 0
0 475.898 468.539 0 1 0 0 0 0 0
0 322.422 550.317 0 0 0 0 1 0 0
0 397.559 74.7588 0 0 0 0 0 0 1
0 672.862 432.883 0 1 0 0 0 0 0
0 571.219 530.262 0 1 0 0 0 0 0
0 104.653 482.822 0 0 0 0 0 1 0
0 356.71 67.6477 0 0 0 0 0 0 1
0 400.407 253.679 0 0 0 0 0 0 1
0 282.304 426.838 1 0 0 0 0 0 0
0 58.7767 507.171 0 0 0 0 0 1 0
0 189.751 460.382 1 0 0 0 0 0 0
0 659.912 226.628 0 0 1 0 0 0 0
0 639.031 467.23 0 1 0 0 0 0 0
0 415.026 233.305 0 0 0 0 0 0 1
0 547.266 161.659 0 0 1 0 0 0 0
0 616.655 339.341 0 1 0 0 0 0 0
0 494.859 148.122 0 0 1 0 0 0 0
0 629.998 433.455 0 1 0 0 0 0 0
0 471.101 314.222 0 0 0 0 0 0 1
0 138.244 137.168 0 0 0 1 0 0 0
0 91.5848 110.02 0 0 0 1 0 0 0
0 390.697 423.977 1 0 0 0 0 0 0
0 565.162 429.16 0 1 0 0 0 0 0
0 54.5249 438.552 0 0 0 0 0 1 0
0 334.351 153.797 0 0 0 0 0 0 1
0 531.029 612.387 0 0 0 0 1 0 0
0 475.735 385.784 0 1 0 0 0 0 0
0 228.833 410.446 1 0 0 0 0 0 0
0 578.381 321.33 0 1 0 0 0 0 0
0 358.917 404.467 1 0 0 0 0 0 0
0 486.465 593.043 0 0 0 0 1 0 0
0 343.169 509.312 0 0 0 0 1 0 0
0 530.363 137.688 0 0 1 0 0 0 0
0 498.807 576.21 0 1 0 0 0 0 0
0 224.318 312.468 1 0 0 0 0 0 0
0 595.836 81.813 0 0 1 0 0 0 0
0 661.559 217.046 0 0 1 0 0 0 0
0 43.6892 305.472 0 0 0 1 0 0 0
0 79.4653 445.964 0 0 0 0 0 1 0
0 210.416 130.715 0 0 0 0 0 0 1
0 432.264 629.409 0 0 0 0 1 0 0
0 623.249 69.1893 0 0 1 0 0 0 0
0 436.519 282.936 0 0 0 0 0 0 1
0 59.4163 40.128 0 0 0 1 0 0 0
0 630.923 230.343 0 0 1 0 0 0 0
0 579.327 601.036 0 1 0 0 0 0 0
0 117.862 112.98 0 0 0 1 0 0 0
0 297.791 166.313 0 0 0 0 0 0 1
0 22.7643 455.534 0 0 0 0 0 1 0
0 259.71 10.62 0 0 0 0 0 0 1
0 342.358 599.388 0 0 0 0 1 0 0
0 10.0261 488.931 0 0 0 0 0 1 0
0 315.293 273.228 0 0 0 0 0 0 1
0 220.704 270.082 1 0 0 0 0 0 0
0 192.119 314.184 1 0 0 0 0 0 0
0 271.504 225.292 0 0 0 0 0 0 1
0 530.732 504.067 0 1 0 0 0 0 0
0 42.5331 656.365 0 0 0 0 0 1 0
0 396.127 539.465 0 0 0 0 1 0 0
0 118.663 508.713 0 0 0 0 0 1 0
0 395.691 699.538 0 0 0 0 1 0 0
0 559.016 560.887 0 1 0 0 0 0 0
0 22.6471 526.247 0 0 0 0 0 1 0
0 135.638 325.841 1 0 0 0 0 0 0
0 141.451 485.248 0 0 0 0 0 1 0
0 396.774 460.756 1 0 0 0 0 0 0
0 87.7495 19.617 0 0 0 1 0 0 0
0 350.425 420.653 1 0 0 0 0 0 0
0 216.701 466.482 1 0 0 0 0 0 0
0 130.924 351.149 1 0 0 0 0 0 0
0 72.633 645.785 0 0 0 0 0 1 0
0 144.6 457.422 0 0 0 0 0 1 0
0 212.373 594.922 0 0 0 0 1 0 0
0 49.9187 541.435 0 0 0 0 0 1 0
0 656.694 558.111 0 1 0 0 0 0 0
0 176.594 648.524 0 0 0 0 0 1 0
0 500.383 198.743 0 0 1 0 0 0 0
0 634.318 612.829 0 1 0 0 0 0 0
0 59.7537 551.632 0 0 0 0 0 1 0
0 15.2146 143.044 0 0 0 1 0 0 0
0 283.005 376.444 1 0 0 0 0 0 0
0 146.539 39.4232 0 0 0 1 0 0 0
0 101.869 635.099 0 0 0 0 0 1 0
0 588.197 580.595 0 1 0 0 0 0 0
0 457.263 350.016 0 1 0 0 0 0 0
0 537.466 472.584 0 1 0 0 0 0 0
0 269.367 367.476 1 0 0 0 0 0 0
0 239.905 102.63 0 0 0 0 0 0 1
0 88.4678 384.051 1 0 0 0 0 0 0
0 658.913 583.958 0 1 0 0 0 0 0
0 97.7359 157.456 0 0 0 1 0 0 0
0 506.619 233.002 0 0 1 0 0 0 0
0 500.257 64.9136 0 0 1 0 0 0 0
0 594.405 275.874 0 1 0 0 0 0 0
0 66.2308 24.1317 0 0 0 1 0 0 0
0 598.416 414.556 0 1 0 0 0 0 0
0 172.309 344.396 1 0 0 0 0 0 0
0 299.481 251.83 0 0 0 0 0 0 1
0 303.838 21.0526 0 0 0 0 0 0 1
0 197.897 512.389 0 0 0 0 0 1 0
0 56.02 243.066 0 0 0 1 0 0 0
0 255.557 448.865 1 0 0 0 0 0 0
0 608.426 222.542 0 0 1 0 0 0 0
0 70.2723 77.9227 0 0 0 1 0 0 0
0 398.23 119.558 0 0 0 0 0 0 1
0 635.497 133.323 0 0 1 0 0 0 0
0 378.348 272.291 0 0 0 0 0 0 1
0 484.803 677.073 0 0 0 0 1 0 0
0 278.871 299.931 1 0 0 0 0 0 0
0 381.654 360.334 1 0 0 0 0 0 0
0 557.607 595.319 0 1 0 0 0 0 0
0 249.059 76.6595 0 0 0 0 0 0 1
0 562.905 670.038 0 0 0 0 1 0 0
0 398.55 392.649 1 0 0 0 0 0 0
0 590.894 370.741 0 1 0 0 0 0 0
0 558.201 0.419881 0 0 1 0 0 0 0
0 461.411 530.525 0 1 0 0 0 0 0
0 354.724 685.405 0 0 0 0 1 0 0
0 193.661 669.743 0 0 0 0 0 1 0
0 352.314 140.327 0 0 0 0 0 0 1
0 308.435 115.205 0 0 0 0 0 0 1
0 299.588 530.589 0 0 0 0 1 0 0
0 334.275 152.149 0 0 0 0 0 0 1
0 690.966 134.579 0 0 1 0 0 0 0
0 48.0798 270.968 0 0 0 1 0 0 0
0 91.6468 166.354 0 0 0 1 0 0 0
