1 3 53.4418 131.485 3
1 4 143.061 631.72 5
1 6 112.748 529.418 5
1 9 98.7899 384.593 5
1 16 649.731 62.3332 7
1 18 633.392 534.94 6
1 30 356.71 67.6477 4
1 31 400.407 253.679 4
1 34 189.751 460.382 5
1 37 415.026 233.305 4
1 39 616.655 339.341 1
1 40 494.859 148.122 7
1 41 629.998 433.455 1
1 43 138.244 137.168 3
1 44 91.5848 110.02 3
1 45 390.697 423.977 2
1 48 334.351 153.797 4
1 49 531.029 612.387 6
1 50 475.735 385.784 1
1 52 578.381 321.33 1
1 56 530.363 137.688 7
1 60 661.559 217.046 7
1 67 59.4163 40.128 3
1 73 259.71 10.62 3
1 74 342.358 599.388 2
1 75 10.0261 488.931 5
1 77 220.704 270.082 4
1 80 530.732 504.067 6
1 83 118.663 508.713 5
1 86 22.6471 526.247 5
1 89 396.774 460.756 2
1 93 130.924 351.149 5
1 97 49.9187 541.435 5
1 98 656.694 558.111 6
1 104 283.005 376.444 2
1 110 269.367 367.476 2
1 112 88.4678 384.051 5
1 121 299.481 251.83 4
1 127 70.2723 77.9227 3
1 128 398.23 119.558 4
1 130 378.348 272.291 4
1 131 484.803 677.073 6
1 134 557.607 595.319 6
1 135 249.059 76.6595 3
1 138 590.894 370.741 1
1 139 558.201 0.419881 7
1 143 352.314 140.327 4
1 144 308.435 115.205 4
1 145 299.588 530.589 2
1 146 334.275 152.149 4
1 147 690.966 134.579 7
2 5 689.945 468.535 7
2 7 141.488 504.818 2
2 11 536.489 287.228 3
2 12 192.407 20.4394 1
2 14 240.825 281.514 5
2 15 246.928 322.461 5
2 19 488.312 437.487 4
2 20 141.404 228.433 5
2 23 565.785 282.386 3
2 24 475.898 468.539 4
2 26 397.559 74.7588 3
2 28 571.219 530.262 7
2 36 639.031 467.23 7
2 38 547.266 161.659 3
2 46 565.162 429.16 7
2 47 54.5249 438.552 2
2 54 486.465 593.043 6
2 59 595.836 81.813 3
2 68 630.923 230.343 3
2 69 579.327 601.036 7
2 70 117.862 112.98 1
2 72 22.7643 455.534 2
2 84 395.691 699.538 6
2 85 559.016 560.887 7
2 88 141.451 485.248 2
2 90 87.7495 19.617 1
2 91 350.425 420.653 4
2 94 72.633 645.785 2
2 96 212.373 594.922 2
2 100 500.383 198.743 3
2 103 15.2146 143.044 1
2 105 146.539 39.4232 1
2 108 457.263 350.016 4
2 109 537.466 472.584 7
2 111 239.905 102.63 1
2 116 500.257 64.9136 3
2 117 594.405 275.874 3
2 119 598.416 414.556 7
2 120 172.309 344.396 5
2 124 56.02 243.066 5
2 133 381.654 360.334 4
2 136 562.905 670.038 6
2 137 398.55 392.649 4
2 140 461.411 530.525 6
2 141 354.724 685.405 6
2 142 193.661 669.743 2
2 148 48.0798 270.968 5
2 149 91.6468 166.354 1
3 0 37.4394 541.209 1
3 1 612.176 494.317 2
3 2 38.1312 353.148 7
3 8 661.051 445.938 2
3 10 697.388 180.396 3
3 13 282.787 229.8 6
3 17 352.966 666.787 5
3 21 17.3633 240.241 7
3 22 397.559 231.359 6
3 25 322.422 550.317 5
3 27 672.862 432.883 2
3 29 104.653 482.822 1
3 32 282.304 426.838 5
3 33 58.7767 507.171 1
3 35 659.912 226.628 3
3 42 471.101 314.222 6
3 51 228.833 410.446 5
3 53 358.917 404.467 5
3 55 343.169 509.312 5
3 57 498.807 576.21 2
3 58 224.318 312.468 6
3 61 43.6892 305.472 7
3 62 79.4653 445.964 1
3 63 210.416 130.715 4
3 64 432.264 629.409 5
3 65 623.249 69.1893 3
3 66 436.519 282.936 6
3 71 297.791 166.313 6
3 76 315.293 273.228 6
3 78 192.119 314.184 7
3 79 271.504 225.292 6
3 81 42.5331 656.365 1
3 82 396.127 539.465 5
3 87 135.638 325.841 7
3 92 216.701 466.482 5
3 95 144.6 457.422 1
3 99 176.594 648.524 1
3 101 634.318 612.829 2
3 102 59.7537 551.632 1
3 106 101.869 635.099 1
3 107 588.197 580.595 2
3 113 658.913 583.958 2
3 114 97.7359 157.456 4
3 115 506.619 233.002 3
3 118 66.2308 24.1317 4
3 122 303.838 21.0526 4
3 123 197.897 512.389 1
3 125 255.557 448.865 5
3 126 608.426 222.542 3
3 129 635.497 133.323 3
3 132 278.871 299.931 6
