1 132 278.871 299.931 4
1 110 269.367 367.476 4
1 104 283.005 376.444 4
1 15 246.928 322.461 4
1 76 315.293 273.228 4
1 58 224.318 312.468 4
1 14 240.825 281.514 4
1 121 299.481 251.83 4
1 32 282.304 426.838 4
1 1 612.176 494.317 2
1 28 571.219 530.262 2
1 36 639.031 467.23 2
1 109 537.466 472.584 2
1 18 633.392 534.94 2
1 80 530.732 504.067 2
1 46 565.162 429.16 2
1 41 629.998 433.455 2
1 119 598.416 414.556 2
1 114 97.7359 157.456 5
1 149 91.6468 166.354 5
1 3 53.4418 131.485 5
1 44 91.5848 110.02 5
1 70 117.862 112.98 5
1 43 138.244 137.168 5
1 6 112.748 529.418 1
1 83 118.663 508.713 1
1 29 104.653 482.822 1
1 7 141.488 504.818 1
1 33 58.7767 507.171 1
1 88 141.451 485.248 1
1 102 59.7537 551.632 1
1 97 49.9187 541.435 1
1 0 37.4394 541.209 1
1 95 144.6 457.422 1
1 38 547.266 161.659 3
1 126 608.426 222.542 3
1 56 530.363 137.688 3
1 100 500.383 198.743 3
1 68 630.923 230.343 3
1 115 506.619 233.002 3
1 129 635.497 133.323 3
1 40 494.859 148.122 3
1 117 594.405 275.874 3
1 144 308.435 115.205 7
1 146 334.275 152.149 7
1 135 249.059 76.6595 7
1 48 334.351 153.797 7
1 111 239.905 102.63 7
1 71 297.791 166.313 7
1 64 432.264 629.409 6
1 82 396.127 539.465 6
1 54 486.465 593.043 6
1 74 342.358 599.388 6
1 140 461.411 530.525 6
1 57 498.807 576.21 6
2 133 381.654 360.334 6
2 77 220.704 270.082 6
2 53 358.917 404.467 6
2 51 228.833 410.446 6
2 78 192.119 314.184 6
2 91 350.425 420.653 6
2 13 282.787 229.8 6
2 130 378.348 272.291 6
2 125 255.557 448.865 6
2 85 559.016 560.887 7
2 8 661.051 445.938 7
2 107 588.197 580.595 7
2 98 656.694 558.111 7
2 27 672.862 432.883 7
2 5 689.945 468.535 7
2 134 557.607 595.319 7
2 69 579.327 601.036 7
2 103 15.2146 143.044 3
2 127 70.2723 77.9227 3
2 124 56.02 243.066 3
2 20 141.404 228.433 3
2 67 59.4163 40.128 3
2 21 17.3633 240.241 3
2 62 79.4653 445.964 4
2 86 22.6471 526.247 4
2 123 197.897 512.389 4
2 47 54.5249 438.552 4
2 75 10.0261 488.931 4
2 34 189.751 460.382 4
2 72 22.7643 455.534 4
2 106 101.869 635.099 4
2 4 143.061 631.72 4
2 23 565.785 282.386 1
2 60 661.559 217.046 1
2 35 659.912 226.628 1
2 11 536.489 287.228 1
2 59 595.836 81.813 1
2 10 697.388 180.396 1
2 65 623.249 69.1893 1
2 147 690.966 134.579 1
2 143 352.314 140.327 5
2 30 356.71 67.6477 5
2 122 303.838 21.0526 5
2 63 210.416 130.715 5
2 128 398.23 119.558 5
2 17 352.966 666.787 2
2 25 322.422 550.317 2
2 84 395.691 699.538 2
2 131 484.803 677.073 2
2 141 354.724 685.405 2
3 120 172.309 344.396 1
3 137 398.55 392.649 3
3 45 390.697 423.977 3
3 31 400.407 253.679 6
3 22 397.559 231.359 6
3 87 135.638 325.841 1
3 93 130.924 351.149 1
3 108 457.263 350.016 6
3 19 488.312 437.487 3
3 113 658.913 583.958 5
3 138 590.894 370.741 6
3 24 475.898 468.539 3
3 101 634.318 612.829 5
3 39 616.655 339.341 6
3 50 475.735 385.784 6
3 118 66.2308 24.1317 2
3 105 146.539 39.4232 2
3 90 87.7495 19.617 2
3 148 48.0798 270.968 1
3 61 43.6892 305.472 1
3 92 216.701 466.482 1
3 94 72.633 645.785 7
3 96 212.373 594.922 7
3 9 98.7899 384.593 1
3 112 88.4678 384.051 1
3 99 176.594 648.524 7
3 81 42.5331 656.365 7
3 142 193.661 669.743 7
3 2 38.1312 353.148 1
3 52 578.381 321.33 6
3 116 500.257 64.9136 4
3 16 649.731 62.3332 4
3 42 471.101 314.222 6
3 37 415.026 233.305 6
3 66 436.519 282.936 6
3 139 558.201 0.419881 4
3 26 397.559 74.7588 4
3 73 259.71 10.62 2
3 79 271.504 225.292 1
3 12 192.407 20.4394 2
3 55 343.169 509.312 3
3 49 531.029 612.387 5
3 145 299.588 530.589 3
3 89 396.774 460.756 3
3 136 562.905 670.038 5
