1 64 432.264 629.409 4
1 82 396.127 539.465 4
1 54 486.465 593.043 4
1 74 342.358 599.388 4
1 140 461.411 530.525 4
1 57 498.807 576.21 4
1 114 97.7359 157.456 2
1 149 91.6468 166.354 2
1 3 53.4418 131.485 2
1 44 91.5848 110.02 2
1 70 117.862 112.98 2
1 43 138.244 137.168 2
1 1 612.176 494.317 3
1 28 571.219 530.262 3
1 36 639.031 467.23 3
1 109 537.466 472.584 3
1 18 633.392 534.94 3
1 80 530.732 504.067 3
1 46 565.162 429.16 3
1 41 629.998 433.455 3
1 119 598.416 414.556 3
1 38 547.266 161.659 5
1 100 500.383 198.743 5
1 115 506.619 233.002 5
1 126 608.426 222.542 5
1 56 530.363 137.688 5
1 40 494.859 148.122 5
1 68 630.923 230.343 5
1 23 565.785 282.386 5
1 117 594.405 275.874 5
1 11 536.489 287.228 5
1 6 112.748 529.418 1
1 83 118.663 508.713 1
1 29 104.653 482.822 1
1 33 58.7767 507.171 1
1 102 59.7537 551.632 1
1 7 141.488 504.818 1
1 97 49.9187 541.435 1
1 88 141.451 485.248 1
1 0 37.4394 541.209 1
1 110 269.367 367.476 6
1 104 283.005 376.444 6
1 15 246.928 322.461 6
1 51 228.833 410.446 6
1 132 278.871 299.931 6
1 58 224.318 312.468 6
1 32 282.304 426.838 6
1 14 240.825 281.514 6
1 144 308.435 115.205 7
1 71 297.791 166.313 7
1 146 334.275 152.149 7
1 48 334.351 153.797 7
1 143 352.314 140.327 7
1 111 239.905 102.63 7
2 17 352.966 666.787 2
2 25 322.422 550.317 2
2 84 395.691 699.538 2
2 131 484.803 677.073 2
2 141 354.724 685.405 2
2 103 15.2146 143.044 7
2 127 70.2723 77.9227 7
2 124 56.02 243.066 7
2 20 141.404 228.433 7
2 67 59.4163 40.128 7
2 21 17.3633 240.241 7
2 85 559.016 560.887 4
2 8 661.051 445.938 4
2 107 588.197 580.595 4
2 98 656.694 558.111 4
2 27 672.862 432.883 4
2 5 689.945 468.535 4
2 134 557.607 595.319 4
2 69 579.327 601.036 4
2 129 635.497 133.323 5
2 60 661.559 217.046 5
2 35 659.912 226.628 5
2 59 595.836 81.813 5
2 52 578.381 321.33 5
2 42 471.101 314.222 1
2 116 500.257 64.9136 5
2 37 415.026 233.305 1
2 66 436.519 282.936 1
2 86 22.6471 526.247 6
2 62 79.4653 445.964 6
2 95 144.6 457.422 6
2 75 10.0261 488.931 6
2 47 54.5249 438.552 6
2 72 22.7643 455.534 6
2 123 197.897 512.389 6
2 106 101.869 635.099 6
2 4 143.061 631.72 6
2 125 255.557 448.865 1
2 78 192.119 314.184 1
2 120 172.309 344.396 1
2 76 315.293 273.228 1
2 53 358.917 404.467 1
2 91 350.425 420.653 1
2 77 220.704 270.082 1
2 133 381.654 360.334 1
2 135 249.059 76.6595 3
2 30 356.71 67.6477 3
2 63 210.416 130.715 3
2 128 398.23 119.558 3
2 122 303.838 21.0526 3
2 79 271.504 225.292 1
3 55 343.169 509.312 1
3 49 531.029 612.387 3
3 145 299.588 530.589 2
3 89 396.774 460.756 1
3 136 562.905 670.038 3
3 118 66.2308 24.1317 6
3 105 146.539 39.4232 6
3 90 87.7495 19.617 6
3 148 48.0798 270.968 5
3 61 43.6892 305.472 5
3 19 488.312 437.487 1
3 113 658.913 583.958 3
3 138 590.894 370.741 1
3 24 475.898 468.539 1
3 101 634.318 612.829 3
3 39 616.655 339.341 1
3 50 475.735 385.784 1
3 10 697.388 180.396 7
3 65 623.249 69.1893 7
3 147 690.966 134.579 7
3 22 397.559 231.359 4
3 31 400.407 253.679 4
3 16 649.731 62.3332 7
3 108 457.263 350.016 1
3 139 558.201 0.419881 7
3 94 72.633 645.785 2
3 96 212.373 594.922 2
3 9 98.7899 384.593 5
3 112 88.4678 384.051 5
3 81 42.5331 656.365 2
3 99 176.594 648.524 2
3 142 193.661 669.743 2
3 2 38.1312 353.148 5
3 92 216.701 466.482 2
3 34 189.751 460.382 2
3 137 398.55 392.649 1
3 87 135.638 325.841 5
3 93 130.924 351.149 5
3 45 390.697 423.977 1
3 130 378.348 272.291 4
3 26 397.559 74.7588 4
3 13 282.787 229.8 4
3 73 259.71 10.62 6
3 121 299.481 251.83 4
3 12 192.407 20.4394 6
