1 109 537.466 472.584 4
1 80 530.732 504.067 4
1 28 571.219 530.262 4
1 1 612.176 494.317 4
1 46 565.162 429.16 4
1 85 559.016 560.887 4
1 36 639.031 467.23 4
1 119 598.416 414.556 4
1 24 475.898 468.539 4
1 19 488.312 437.487 4
1 18 633.392 534.94 4
1 149 91.6468 166.354 1
1 114 97.7359 157.456 1
1 43 138.244 137.168 1
1 3 53.4418 131.485 1
1 44 91.5848 110.02 1
1 70 117.862 112.98 1
1 20 141.404 228.433 1
1 124 56.02 243.066 1
1 143 352.314 140.327 3
1 146 334.275 152.149 3
1 48 334.351 153.797 3
1 144 308.435 115.205 3
1 128 398.23 119.558 3
1 71 297.791 166.313 3
1 6 112.748 529.418 2
1 83 118.663 508.713 2
1 7 141.488 504.818 2
1 29 104.653 482.822 2
1 88 141.451 485.248 2
1 102 59.7537 551.632 2
1 33 58.7767 507.171 2
1 97 49.9187 541.435 2
1 95 144.6 457.422 2
1 123 197.897 512.389 2
1 126 608.426 222.542 7
1 38 547.266 161.659 7
1 68 630.923 230.343 7
1 129 635.497 133.323 7
1 56 530.363 137.688 7
1 60 661.559 217.046 7
1 35 659.912 226.628 7
1 64 432.264 629.409 6
1 54 486.465 593.043 6
1 74 342.358 599.388 6
1 17 352.966 666.787 6
1 132 278.871 299.931 5
1 110 269.367 367.476 5
1 15 246.928 322.461 5
1 104 283.005 376.444 5
1 58 224.318 312.468 5
1 76 315.293 273.228 5
1 14 240.825 281.514 5
1 121 299.481 251.83 5
2 41 629.998 433.455 2
2 107 588.197 580.595 5
2 134 557.607 595.319 5
2 8 661.051 445.938 2
2 69 579.327 601.036 5
2 98 656.694 558.111 2
2 138 590.894 370.741 2
2 49 531.029 612.387 5
2 27 672.862 432.883 2
2 50 475.735 385.784 2
2 103 15.2146 143.044 6
2 21 17.3633 240.241 6
2 127 70.2723 77.9227 6
2 148 48.0798 270.968 6
2 63 210.416 130.715 1
2 61 43.6892 305.472 6
2 67 59.4163 40.128 6
2 105 146.539 39.4232 1
2 30 356.71 67.6477 1
2 26 397.559 74.7588 1
2 111 239.905 102.63 1
2 79 271.504 225.292 7
2 122 303.838 21.0526 1
2 37 415.026 233.305 3
2 0 37.4394 541.209 4
2 62 79.4653 445.964 4
2 86 22.6471 526.247 4
2 34 189.751 460.382 4
2 4 143.061 631.72 4
2 106 101.869 635.099 4
2 96 212.373 594.922 4
2 47 54.5249 438.552 4
2 75 10.0261 488.931 4
2 100 500.383 198.743 3
2 117 594.405 275.874 3
2 59 595.836 81.813 3
2 115 506.619 233.002 3
2 40 494.859 148.122 3
2 10 697.388 180.396 3
2 23 565.785 282.386 3
2 84 395.691 699.538 5
2 82 396.127 539.465 5
2 131 484.803 677.073 5
2 77 220.704 270.082 7
2 32 282.304 426.838 7
2 78 192.119 314.184 7
2 51 228.833 410.446 7
2 133 381.654 360.334 7
2 53 358.917 404.467 7
2 13 282.787 229.8 7
3 5 689.945 468.535 7
3 113 658.913 583.958 7
3 101 634.318 612.829 7
3 39 616.655 339.341 1
3 89 396.774 460.756 4
3 108 457.263 350.016 1
3 45 390.697 423.977 4
3 136 562.905 670.038 7
3 137 398.55 392.649 1
3 55 343.169 509.312 4
3 87 135.638 325.841 6
3 118 66.2308 24.1317 5
3 90 87.7495 19.617 5
3 93 130.924 351.149 6
3 135 249.059 76.6595 5
3 2 38.1312 353.148 6
3 112 88.4678 384.051 6
3 73 259.71 10.62 5
3 116 500.257 64.9136 3
3 66 436.519 282.936 1
3 12 192.407 20.4394 5
3 42 471.101 314.222 1
3 94 72.633 645.785 2
3 72 22.7643 455.534 6
3 99 176.594 648.524 2
3 81 42.5331 656.365 2
3 9 98.7899 384.593 6
3 142 193.661 669.743 2
3 145 299.588 530.589 4
3 25 322.422 550.317 4
3 147 690.966 134.579 3
3 65 623.249 69.1893 3
3 11 536.489 287.228 1
3 16 649.731 62.3332 3
3 52 578.381 321.33 1
3 139 558.201 0.419881 3
3 57 498.807 576.21 7
3 141 354.724 685.405 4
3 140 461.411 530.525 4
3 91 350.425 420.653 4
3 130 378.348 272.291 1
3 120 172.309 344.396 6
3 125 255.557 448.865 4
3 31 400.407 253.679 1
3 92 216.701 466.482 4
3 22 397.559 231.359 1
