1 1 4 53 2
1 4 9 77 2
1 9 18 61 2
1 10 19 65 2
1 17 30 52 2
1 21 28 147 1
1 26 41 150 1
1 27 38 145 1
1 29 32 143 1
1 35 47 149 1
1 44 86 132 4
1 45 85 115 4
1 53 99 128 4
1 56 110 111 4
1 59 115 117 4
1 64 61 15 3
1 69 64 20 3
1 75 64 30 3
2 5 13 49 1
2 6 13 69 1
2 8 15 75 1
2 12 27 72 1
2 19 32 61 1
2 22 32 149 3
2 36 49 152 3
2 37 50 142 3
2 38 53 144 3
2 41 54 124 3
2 43 63 139 3
2 46 85 96 4
2 47 78 94 4
2 54 101 115 4
2 55 108 111 4
2 62 77 12 2
2 68 58 13 2
2 71 66 23 2
3 3 10 59 3
3 7 12 88 3
3 15 27 55 3
3 20 36 72 3
3 23 35 153 1
3 24 33 154 1
3 25 38 151 1
3 30 34 141 1
3 31 44 156 1
3 34 46 142 1
3 39 52 152 1
3 40 55 155 1
3 57 108 116 4
3 58 111 126 4
3 60 117 115 4
3 61 70 4 2
3 63 83 21 2
3 66 78 16 2
3 67 66 18 2
3 70 69 21 2
3 74 72 31 2
4 2 5 63 4
4 11 22 74 4
4 13 28 76 4
4 14 24 58 4
4 16 28 60 4
4 18 31 60 4
4 28 38 143 3
4 32 44 149 3
4 33 44 143 3
4 42 60 136 3
4 48 74 96 2
4 49 97 122 2
4 50 98 116 2
4 51 98 124 2
4 52 99 119 2
4 65 69 15 1
4 72 61 25 1
4 73 76 27 1
