1 6 13 69 1
1 8 15 75 1
1 15 27 55 1
1 10 19 65 1
1 16 28 60 1
1 19 32 61 1
1 22 32 149 2
1 24 33 154 2
1 33 44 143 2
1 38 53 144 2
1 39 52 152 2
1 42 60 136 2
1 67 66 18 3
1 69 64 20 3
1 72 61 25 3
1 56 110 111 4
1 44 86 132 4
1 46 85 96 4
1 51 98 124 4
1 59 115 117 4
2 2 5 63 2
2 3 10 59 2
2 4 9 77 2
2 13 28 76 2
2 14 24 58 2
2 17 30 52 2
2 21 28 147 1
2 25 38 151 1
2 34 46 142 1
2 36 49 152 1
2 40 55 155 1
2 41 54 124 1
2 62 77 12 4
2 66 78 16 4
2 68 58 13 4
2 73 76 27 4
2 47 78 94 3
2 58 111 126 3
2 49 97 122 3
2 52 99 119 3
2 55 108 111 3
3 9 18 61 4
3 11 22 74 4
3 23 35 153 2
3 27 38 145 2
3 29 32 143 2
3 32 44 149 2
3 43 63 139 2
3 61 70 4 1
3 65 69 15 1
3 74 72 31 1
3 71 66 23 1
3 48 74 96 3
3 50 98 116 3
3 53 99 128 3
3 54 101 115 3
3 60 117 115 3
4 1 4 53 3
4 5 13 49 3
4 7 12 88 3
4 12 27 72 3
4 18 31 60 3
4 20 36 72 3
4 26 41 150 1
4 28 38 143 1
4 30 34 141 1
4 31 44 156 1
4 35 47 149 1
4 37 50 142 1
4 63 83 21 2
4 64 61 15 2
4 70 69 21 2
4 75 64 30 2
4 45 85 115 4
4 57 108 116 4
