1 57 108 116 1
1 67 66 18 2
1 71 66 23 2
1 3 10 59 4
1 10 19 65 4
1 23 35 153 3
1 42 60 136 3
1 26 41 150 3
1 27 38 145 3
1 28 38 143 3
1 39 52 152 3
1 44 86 132 1
1 46 85 96 1
1 51 98 124 1
1 56 110 111 1
1 66 78 16 2
1 69 64 20 2
2 8 15 75 1
2 11 22 74 1
2 12 27 72 1
2 14 24 58 1
2 18 31 60 1
2 34 46 142 3
2 48 74 96 4
2 59 115 117 4
2 61 70 4 2
2 65 69 15 2
2 74 72 31 2
2 75 64 30 2
2 1 4 53 1
2 43 63 139 3
2 29 32 143 3
2 31 44 156 3
2 30 34 141 3
2 36 49 152 3
2 45 85 115 4
2 49 97 122 4
2 60 117 115 4
3 7 12 88 1
3 9 18 61 1
3 15 27 55 1
3 16 28 60 1
3 21 28 147 3
3 40 55 155 3
3 41 54 124 3
3 53 99 128 2
3 70 69 21 4
3 17 30 52 1
3 4 9 77 1
3 24 33 154 3
3 25 38 151 3
3 38 53 144 3
3 58 111 126 2
3 47 78 94 2
3 52 99 119 2
3 55 108 111 2
3 62 77 12 4
3 72 61 25 4
4 5 13 49 1
4 13 28 76 1
4 19 32 61 1
4 20 36 72 1
4 32 44 149 2
4 33 44 143 2
4 37 50 142 2
4 64 61 15 3
4 73 76 27 3
4 2 5 63 1
4 6 13 69 1
4 22 32 149 2
4 35 47 149 2
4 50 98 116 4
4 54 101 115 4
4 68 58 13 3
4 63 83 21 3
