1 1 4 53 2
1 7 12 88 2
1 12 27 72 2
1 16 28 60 2
1 17 30 52 2
1 21 28 147 4
1 24 33 154 4
1 29 32 143 4
1 30 34 141 4
1 36 49 152 4
1 38 53 144 4
1 39 52 152 4
1 40 55 155 4
1 44 86 132 1
1 45 85 115 1
1 50 98 116 1
1 56 110 111 1
1 60 117 115 1
1 61 70 4 3
1 69 64 20 3
1 74 72 31 3
2 4 9 77 4
2 9 18 61 4
2 11 22 74 4
2 14 24 58 4
2 15 27 55 4
2 23 35 153 3
2 28 38 143 3
2 31 44 156 3
2 33 44 143 3
2 34 46 142 3
2 47 78 94 1
2 51 98 124 1
2 52 99 119 1
2 59 115 117 1
2 65 69 15 2
2 68 58 13 2
2 72 61 25 2
2 73 76 27 2
3 2 5 63 3
3 5 13 49 3
3 10 19 65 3
3 13 28 76 3
3 20 36 72 3
3 26 41 150 4
3 32 44 149 4
3 41 54 124 4
3 42 60 136 4
3 43 63 139 4
3 46 85 96 2
3 49 97 122 2
3 54 101 115 2
3 58 111 126 2
3 62 77 12 1
3 63 83 21 1
3 67 66 18 1
3 71 66 23 1
4 3 10 59 3
4 6 13 69 3
4 8 15 75 3
4 18 31 60 3
4 19 32 61 3
4 22 32 149 4
4 25 38 151 4
4 27 38 145 4
4 35 47 149 4
4 37 50 142 4
4 48 74 96 1
4 53 99 128 1
4 55 108 111 1
4 57 108 116 1
4 64 61 15 2
4 66 78 16 2
4 70 69 21 2
4 75 64 30 2
