1 45 85 115 3
1 53 99 128 3
1 69 64 20 2
1 3 10 59 1
1 4 9 77 1
1 48 74 96 3
1 12 27 72 1
1 15 27 55 1
1 16 28 60 1
1 22 32 149 4
1 28 38 143 4
1 31 44 156 4
1 33 44 143 4
1 38 53 144 4
1 50 98 116 3
1 56 110 111 3
1 62 77 12 2
1 71 66 23 2
2 35 47 149 2
2 40 55 155 2
2 47 78 94 1
2 73 76 27 3
2 5 13 49 4
2 7 12 88 4
2 9 18 61 4
2 11 22 74 4
2 18 31 60 4
2 21 28 147 2
2 27 38 145 2
2 32 44 149 2
2 42 60 136 2
2 49 97 122 1
2 55 108 111 1
2 58 111 126 1
2 61 70 4 3
2 65 69 15 3
2 72 61 25 3
3 29 32 143 3
3 36 49 152 3
3 54 101 115 1
3 60 117 115 1
3 64 61 15 2
3 1 4 53 4
3 41 54 124 3
3 8 15 75 4
3 20 36 72 4
3 10 19 65 4
3 17 30 52 4
3 23 35 153 3
3 26 41 150 3
3 37 50 142 3
3 44 86 132 1
3 52 99 119 1
3 74 72 31 2
3 66 78 16 2
3 67 66 18 2
4 39 52 152 1
4 46 85 96 4
4 51 98 124 4
4 57 108 116 4
4 70 69 21 2
4 2 5 63 3
4 14 24 58 3
4 6 13 69 3
4 13 28 76 3
4 19 32 61 3
4 24 33 154 1
4 25 38 151 1
4 30 34 141 1
4 34 46 142 1
4 43 63 139 1
4 59 115 117 4
4 68 58 13 2
4 63 83 21 2
4 75 64 30 2
