1 47 78 94 2
1 44 86 132 2
1 59 115 117 2
1 49 97 122 2
1 55 108 111 2
1 10 19 65 4
1 14 24 58 4
1 24 33 154 1
1 34 46 142 1
1 26 41 150 1
1 29 32 143 1
1 39 52 152 1
1 42 60 136 1
1 63 83 21 3
1 64 61 15 3
1 65 69 15 3
1 75 64 30 3
2 51 98 124 4
2 58 111 126 4
2 48 74 96 4
2 50 98 116 4
2 56 110 111 4
2 3 10 59 1
2 6 13 69 1
2 7 12 88 1
2 12 27 72 1
2 15 27 55 1
2 18 31 60 1
2 27 38 145 2
2 23 35 153 2
2 33 44 143 2
2 38 53 144 2
2 36 49 152 2
2 66 78 16 3
2 69 64 20 3
2 70 69 21 3
3 52 99 119 3
3 54 101 115 3
3 20 36 72 1
3 1 4 53 1
3 4 9 77 1
3 9 18 61 1
3 11 22 74 1
3 17 30 52 1
3 31 44 156 4
3 37 50 142 4
3 22 32 149 4
3 30 34 141 4
3 32 44 149 4
3 43 63 139 4
3 61 70 4 2
3 73 76 27 2
3 67 66 18 2
3 72 61 25 2
4 57 108 116 2
4 60 117 115 2
4 45 85 115 2
4 46 85 96 2
4 53 99 128 2
4 5 13 49 4
4 16 28 60 4
4 2 5 63 4
4 8 15 75 4
4 13 28 76 4
4 19 32 61 4
4 40 55 155 1
4 21 28 147 1
4 28 38 143 1
4 25 38 151 1
4 41 54 124 1
4 35 47 149 1
4 68 58 13 3
4 62 77 12 3
4 74 72 31 3
4 71 66 23 3
