1 1 4 53 4
1 8 15 75 4
1 10 19 65 4
1 15 27 55 4
1 20 36 72 4
1 21 28 147 3
1 25 38 151 3
1 28 38 143 3
1 35 47 149 3
1 40 55 155 3
1 42 60 136 3
1 45 85 115 2
1 52 99 119 2
1 55 108 111 2
1 58 111 126 2
1 62 77 12 1
1 64 61 15 1
1 71 66 23 1
1 74 72 31 1
2 3 10 59 1
2 4 9 77 1
2 13 28 76 1
2 14 24 58 1
2 18 31 60 1
2 24 33 154 3
2 26 41 150 3
2 30 34 141 3
2 34 46 142 3
2 39 52 152 3
2 43 63 139 3
2 46 85 96 2
2 53 99 128 2
2 54 101 115 2
2 59 115 117 2
2 63 83 21 4
2 65 69 15 4
2 68 58 13 4
2 75 64 30 4
3 5 13 49 2
3 6 13 69 2
3 7 12 88 2
3 12 27 72 2
3 16 28 60 2
3 22 32 149 1
3 27 38 145 1
3 31 44 156 1
3 32 44 149 1
3 37 50 142 1
3 44 86 132 3
3 48 74 96 3
3 49 97 122 3
3 57 108 116 3
3 60 117 115 3
3 61 70 4 4
3 67 66 18 4
3 72 61 25 4
3 73 76 27 4
4 2 5 63 3
4 9 18 61 3
4 11 22 74 3
4 17 30 52 3
4 19 32 61 3
4 23 35 153 2
4 29 32 143 2
4 33 44 143 2
4 36 49 152 2
4 38 53 144 2
4 41 54 124 2
4 47 78 94 4
4 50 98 116 4
4 51 98 124 4
4 56 110 111 4
4 66 78 16 1
4 69 64 20 1
4 70 69 21 1
