87 135.638 325.841 1 0
120 172.309 344.396 1 0
93 130.924 351.149 1 0
78 192.119 314.184 1 0
58 224.318 312.468 1 0
9 98.7899 384.593 1 0
112 88.4678 384.051 1 0
77 220.704 270.082 1 0
15 246.928 322.461 1 0
14 240.825 281.514 1 0
20 141.404 228.433 1 0
51 228.833 410.446 1 0
61 43.6892 305.472 1 0
2 38.1312 353.148 1 0
110 269.367 367.476 1 0
148 48.0798 270.968 1 0
132 278.871 299.931 1 0
95 144.6 457.422 1 0
124 56.02 243.066 1 0
34 189.751 460.382 1 0
104 283.005 376.444 1 0
62 79.4653 445.964 1 0
47 54.5249 438.552 1 0
92 216.701 466.482 1 0
79 271.504 225.292 1 0
50 475.735 385.784 0 1
108 457.263 350.016 0 1
19 488.312 437.487 0 1
46 565.162 429.16 0 1
42 471.101 314.222 0 1
138 590.894 370.741 0 1
52 578.381 321.33 0 1
11 536.489 287.228 0 1
119 598.416 414.556 0 1
109 537.466 472.584 0 1
24 475.898 468.539 0 1
23 565.785 282.386 0 1
39 616.655 339.341 0 1
137 398.55 392.649 0 1
66 436.519 282.936 0 1
117 594.405 275.874 0 1
80 530.732 504.067 0 1
41 629.998 433.455 0 1
45 390.697 423.977 0 1
133 381.654 360.334 0 1
115 506.619 233.002 0 1
89 396.774 460.756 0 1
1 612.176 494.317 0 1
36 639.031 467.23 0 1
53 358.917 404.467 0 1
8 661.051 445.938 0 1
125 255.557 448.865 0 1
88 141.451 485.248 0 1
32 282.304 426.838 0 1
29 104.653 482.822 0 1
13 282.787 229.8 0 1
121 299.481 251.83 0 1
21 17.3633 240.241 0 1
76 315.293 273.228 0 1
149 91.6468 166.354 0 1
7 141.488 504.818 0 1
114 97.7359 157.456 0 1
72 22.7643 455.534 0 1
83 118.663 508.713 0 1
123 197.897 512.389 0 1
43 138.244 137.168 0 1
33 58.7767 507.171 0 1
6 112.748 529.418 0 1
63 210.416 130.715 0 1
75 10.0261 488.931 0 1
71 297.791 166.313 0 1
70 117.862 112.98 0 1
3 53.4418 131.485 0 1
44 91.5848 110.02 0 1
103 15.2146 143.044 0 1
140 461.411 530.525 1 0
28 571.219 530.262 1 0
31 400.407 253.679 1 0
27 672.862 432.883 1 0
91 350.425 420.653 1 0
130 378.348 272.291 1 0
37 415.026 233.305 1 0
100 500.383 198.743 1 0
126 608.426 222.542 1 0
22 397.559 231.359 1 0
68 630.923 230.343 1 0
85 559.016 560.887 1 0
5 689.945 468.535 1 0
18 633.392 534.94 1 0
57 498.807 576.21 1 0
82 396.127 539.465 1 0
35 659.912 226.628 1 0
55 343.169 509.312 1 0
60 661.559 217.046 1 0
38 547.266 161.659 1 0
107 588.197 580.595 1 0
54 486.465 593.043 1 0
134 557.607 595.319 1 0
40 494.859 148.122 1 0
98 656.694 558.111 1 0
69 579.327 601.036 1 0
97 49.9187 541.435 1 0
86 22.6471 526.247 1 0
111 239.905 102.63 0 1
102 59.7537 551.632 1 0
0 37.4394 541.209 1 0
145 299.588 530.589 1 0
144 308.435 115.205 0 1
127 70.2723 77.9227 0 1
135 249.059 76.6595 0 1
96 212.373 594.922 1 0
105 146.539 39.4232 0 1
4 143.061 631.72 1 0
67 59.4163 40.128 0 1
106 101.869 635.099 1 0
12 192.407 20.4394 0 1
90 87.7495 19.617 0 1
118 66.2308 24.1317 0 1
99 176.594 648.524 1 0
94 72.633 645.785 1 0
30 356.71 67.6477 0 1
73 259.71 10.62 0 1
122 303.838 21.0526 0 1
142 193.661 669.743 1 0
81 42.5331 656.365 1 0
49 531.029 612.387 1 0
56 530.363 137.688 0 1
113 658.913 583.958 1 0
25 322.422 550.317 1 0
101 634.318 612.829 1 0
64 432.264 629.409 1 0
10 697.388 180.396 0 1
129 635.497 133.323 0 1
74 342.358 599.388 1 0
128 398.23 119.558 0 1
48 334.351 153.797 0 1
143 352.314 140.327 0 1
146 334.275 152.149 0 1
136 562.905 670.038 1 0
147 690.966 134.579 0 1
131 484.803 677.073 1 0
59 595.836 81.813 0 1
116 500.257 64.9136 0 1
26 397.559 74.7588 0 1
65 623.249 69.1893 0 1
17 352.966 666.787 1 0
16 649.731 62.3332 0 1
84 395.691 699.538 1 0
141 354.724 685.405 1 0
139 558.201 0.419881 0 1
