1 50 475.735 385.784 1
1 108 457.263 350.016 1
1 42 471.101 314.222 1
1 138 590.894 370.741 1
1 52 578.381 321.33 1
1 19 488.312 437.487 1
1 46 565.162 429.16 1
1 11 536.489 287.228 1
1 119 598.416 414.556 1
1 23 565.785 282.386 1
1 39 616.655 339.341 1
1 109 537.466 472.584 1
1 24 475.898 468.539 1
1 66 436.519 282.936 1
1 117 594.405 275.874 1
1 137 398.55 392.649 1
1 41 629.998 433.455 1
1 115 506.619 233.002 1
1 80 530.732 504.067 1
1 133 381.654 360.334 1
1 45 390.697 423.977 1
1 89 396.774 460.756 1
1 36 639.031 467.23 1
1 1 612.176 494.317 1
1 8 661.051 445.938 1
1 120 172.309 344.396 2
1 87 135.638 325.841 2
1 93 130.924 351.149 2
1 78 192.119 314.184 2
1 58 224.318 312.468 2
1 9 98.7899 384.593 2
1 15 246.928 322.461 2
1 112 88.4678 384.051 2
1 77 220.704 270.082 2
1 51 228.833 410.446 2
1 14 240.825 281.514 2
1 110 269.367 367.476 2
1 20 141.404 228.433 2
1 95 144.6 457.422 2
1 132 278.871 299.931 2
1 34 189.751 460.382 2
1 104 283.005 376.444 2
1 61 43.6892 305.472 2
1 2 38.1312 353.148 2
1 148 48.0798 270.968 2
1 62 79.4653 445.964 2
1 92 216.701 466.482 2
1 125 255.557 448.865 2
1 124 56.02 243.066 2
1 32 282.304 426.838 2
1 88 141.451 485.248 2
2 53 358.917 404.467 2
2 31 400.407 253.679 2
2 27 672.862 432.883 2
2 37 415.026 233.305 2
2 100 500.383 198.743 2
2 130 378.348 272.291 2
2 126 608.426 222.542 2
2 28 571.219 530.262 2
2 140 461.411 530.525 2
2 91 350.425 420.653 2
2 68 630.923 230.343 2
2 22 397.559 231.359 2
2 85 559.016 560.887 2
2 5 689.945 468.535 2
2 35 659.912 226.628 2
2 18 633.392 534.94 2
2 60 661.559 217.046 2
2 38 547.266 161.659 2
2 57 498.807 576.21 2
2 82 396.127 539.465 2
2 40 494.859 148.122 2
2 107 588.197 580.595 2
2 55 343.169 509.312 2
2 54 486.465 593.043 2
2 56 530.363 137.688 2
2 47 54.5249 438.552 1
2 29 104.653 482.822 1
2 79 271.504 225.292 1
2 121 299.481 251.83 1
2 13 282.787 229.8 1
2 76 315.293 273.228 1
2 7 141.488 504.818 1
2 83 118.663 508.713 1
2 123 197.897 512.389 1
2 21 17.3633 240.241 1
2 72 22.7643 455.534 1
2 149 91.6468 166.354 1
2 114 97.7359 157.456 1
2 6 112.748 529.418 1
2 33 58.7767 507.171 1
2 43 138.244 137.168 1
2 63 210.416 130.715 1
2 75 10.0261 488.931 1
2 71 297.791 166.313 1
2 70 117.862 112.98 1
2 97 49.9187 541.435 1
2 86 22.6471 526.247 1
2 3 53.4418 131.485 1
2 102 59.7537 551.632 1
2 0 37.4394 541.209 1
3 134 557.607 595.319 1
3 98 656.694 558.111 1
3 69 579.327 601.036 1
3 49 531.029 612.387 1
3 113 658.913 583.958 1
3 10 697.388 180.396 2
3 129 635.497 133.323 2
3 25 322.422 550.317 1
3 101 634.318 612.829 1
3 145 299.588 530.589 1
3 64 432.264 629.409 1
3 147 690.966 134.579 2
3 59 595.836 81.813 2
3 116 500.257 64.9136 2
3 136 562.905 670.038 1
3 131 484.803 677.073 1
3 65 623.249 69.1893 2
3 26 397.559 74.7588 2
3 144 308.435 115.205 2
3 16 649.731 62.3332 2
3 30 356.71 67.6477 2
3 84 395.691 699.538 1
3 139 558.201 0.419881 2
3 122 303.838 21.0526 2
3 44 91.5848 110.02 2
3 103 15.2146 143.044 2
3 111 239.905 102.63 2
3 48 334.351 153.797 2
3 146 334.275 152.149 2
3 96 212.373 594.922 1
3 143 352.314 140.327 2
3 135 249.059 76.6595 2
3 127 70.2723 77.9227 2
3 4 143.061 631.72 1
3 105 146.539 39.4232 2
3 106 101.869 635.099 1
3 99 176.594 648.524 1
3 74 342.358 599.388 1
3 67 59.4163 40.128 2
3 94 72.633 645.785 1
3 12 192.407 20.4394 2
3 128 398.23 119.558 2
3 90 87.7495 19.617 2
3 118 66.2308 24.1317 2
3 142 193.661 669.743 1
3 81 42.5331 656.365 1
3 73 259.71 10.62 2
3 17 352.966 666.787 1
3 141 354.724 685.405 1
