1 1 90 0 1
1 2 71.17 -156.47 2
1 6 49.16 -123.07 2
1 8 51.03 -114.05 2
1 10 52.07 -106.38 2
1 17 44.39 -63.36 2
1 18 47.34 -52.43 2
1 19 47.36 -122.2 2
1 21 38.35 -121.3 2
1 24 32.43 -117.09 2
1 25 40.46 -111.53 2
1 26 33.27 -112.05 2
1 27 39.43 -105.01 2
1 31 44.59 -93.13 2
1 36 29.46 -95.22 2
1 38 41.53 -87.38 2
1 44 39.06 -84.31 2
1 45 33.45 -84.23 2
1 49 38.54 -77.01 2
1 50 30.2 -81.4 2
1 52 25.05 -77.21 2
1 53 28.38 -106.05 2
1 54 25.33 -103.26 2
1 57 22.09 -100.59 2
1 59 19.24 -99.09 2
1 64 17.59 -92.55 2
1 65 20.58 -89.37 2
1 71 9.56 -84.05 2
1 72 8.58 -79.32 2
1 73 23.08 -82.22 2
1 74 22.24 -79.58 2
1 76 18 -76.48 2
1 77 18.32 -72.2 2
1 80 14.36 -61.05 2
1 87 10.3 -66.56 2
1 88 10.4 -71.37 2
1 91 4.36 -74.05 2
1 92 3.27 -76.31 2
1 93 -0.56 -91.01 2
1 94 -0.13 -78.3 2
1 96 -2.1 -79.5 2
1 97 -3.46 -73.15 2
1 98 -8.07 -79.02 2
1 100 -13.31 -71.59 2
1 102 -16.3 -68.09 2
1 105 -23.39 -70.24 2
1 109 -51.42 -57.51 2
1 110 -38.43 -62.17 2
1 113 -34.36 -58.27 2
1 116 -32.53 -68.49 2
1 118 -25.16 -57.4 2
1 127 -15.35 -56.05 2
1 128 -16.4 -49.16 2
1 132 -5.47 -35.13 2
1 133 -3.43 -38.3 2
1 134 -5.05 -42.49 2
1 135 -2.31 -44.16 2
1 139 14.55 -23.31 2
1 144 34.02 -6.51 1
1 147 35.43 -0.43 1
1 151 36.48 10.11 1
1 152 34.44 10.46 1
1 154 32.07 20.04 1
1 155 31.12 29.54 1
1 160 19.37 37.14 1
1 162 13.11 30.13 1
1 164 15.2 38.53 1
1 169 13.28 -16.39 2
1 170 11.51 -15.35 2
1 172 12.39 -8 1
1 173 10.23 -9.18 1
1 176 6.18 -10.47 1
1 177 5.19 -4.02 1
1 182 12.22 -1.31 1
1 183 13.31 2.07 1
1 184 12 8.3 1
1 188 6.27 7.27 1
1 189 0.2 6.44 1
1 190 3.45 8.47 1
1 193 0.23 9.27 1
1 195 -4.18 15.18 1
1 200 -1.57 30.04 1
1 201 0.19 32.25 1
1 202 -1.17 36.49 1
1 208 -12.44 15.47 1
1 210 -12.49 28.13 1
1 212 -20.09 28.36 1
1 214 -15.47 35 1
1 215 -19.49 34.52 1
1 216 -25.58 32.35 1
1 217 -15.57 -5.42 1
1 220 -22.34 17.06 1
1 221 -26.38 15.1 1
1 223 -25.45 28.1 1
1 224 -26.15 28 1
1 226 -29.55 30.56 1
1 229 -33.55 18.22 1
1 230 -23.21 43.4 1
1 231 -18.55 47.31 1
1 236 38.43 -9.08 1
1 238 37.23 -5.59 1
1 244 39.28 -0.22 1
1 247 40.24 -3.41 1
1 248 41.39 -4.43 1
1 257 43.42 7.15 1
1 260 45.5 1.16 1
1 268 49.3 0.08 1
1 274 49.36 6.09 1
1 277 50.38 3.04 1
1 284 53.13 6.33 1
1 289 51.27 -2.35 1
1 290 51.3 -0.1 1
1 292 53.25 -2.55 1
1 293 53.3 -2.15 1
1 294 53.23 -1.3 1
1 295 53.5 -1.35 1
1 304 52.4 -8.38 1
1 306 54.35 -5.55 1
1 310 76.34 -68.47 2
1 311 70.4 23.42 1
1 322 55.36 13 1
1 323 58.25 15.37 1
1 324 59.2 18.03 1
1 325 57.38 18.18 1
1 329 53.04 8.49 1
1 330 53.33 9.59 1
1 339 50.56 6.59 1
1 343 51.28 7.13 1
1 344 51.32 7.13 1
1 347 50.58 11.01 1
1 350 50.5 12.55 1
1 353 50.07 8.4 1
1 359 49.01 12.06 1
1 361 46.12 6.09 1
1 366 47.16 11.24 1
1 373 45.27 11 1
1 376 44.25 8.57 1
1 380 39.2 9 1
1 381 41.54 12.29 1
1 388 38.07 13.21 1
1 393 52.25 16.55 1
1 396 53.09 23.09 1
1 399 50.03 19.58 1
1 402 50.05 14.26 1
1 404 49.12 16.37 1
1 407 47.3 19.05 1
1 408 47.32 21.38 1
1 414 45.48 24.09 1
1 421 43.31 16.27 1
1 429 43.13 27.55 1
1 431 39.36 19.56 1
1 432 40.38 22.56 1
1 433 38.15 21.44 1
1 434 37.58 23.43 1
1 438 64.34 40.32 1
1 439 59.55 30.15 1
1 441 56.57 24.06 1
1 444 53.54 27.34 1
1 451 53.12 50.09 1
1 453 50 36.15 1
1 465 69.2 88.06 1
1 466 55 73.24 1
1 469 49.5 73.1 1
1 472 39.4 66.48 1
1 474 43.48 87.35 1
1 475 52.16 104.2 1
1 476 47.55 106.53 1
1 478 62.13 129.49 1
1 479 64.45 177.29 1
1 480 53.01 158.39 1
1 483 50.35 137.02 1
1 484 48.27 135.06 1
1 485 46.58 142.42 1
1 487 41.01 28.58 1
1 491 39.45 37.02 1
1 495 36.12 37.1 1
1 502 31.46 35.14 1
1 508 12.45 45.12 1
1 509 14.32 49.08 1
1 510 23.37 58.35 1
1 512 25.17 51.32 1
1 515 29.2 47.59 1
1 518 35.28 44.28 1
1 521 37.16 49.36 1
1 524 30.2 48.16 1
1 528 36.18 59.36 1
1 532 33.36 73.04 1
1 533 31.35 74.18 1
1 539 24.52 67.03 1
1 545 25.2 83 1
1 547 22.32 88.22 1
1 556 13.05 80.17 1
1 562 23.43 90.25 1
1 563 22.2 91.5 1
1 565 16.47 96.1 1
1 566 18.47 98.59 1
1 570 16.28 107.36 1
1 571 16.04 108.13 1
1 577 1.17 103.51 1
1 579 -0.57 100.21 1
1 586 -10.1 123.35 1
1 587 -3.2 114.35 1
1 588 1.33 110.2 1
1 589 4.56 114.55 1
1 594 -5.4 132.45 1
1 597 10.42 122.34 1
1 603 36.03 103.41 1
1 618 38.53 121.35 1
1 619 41.48 123.27 1
1 621 39.01 125.45 1
1 622 37.33 126.58 1
1 623 35.06 129.03 1
1 625 39.43 140.07 1
1 627 35.42 139.46 1
1 628 35.1 136.55 1
1 633 32.48 129.55 1
1 637 -2.32 140.42 1
1 640 -12.28 130.5 1
1 642 -34.55 138.35 1
1 644 -42.53 147.19 1
1 647 -19.16 146.48 1
1 648 -23.42 133.53 1
1 649 -45.52 170.3 1
2 3 64.51 -147.43 2
2 5 58.2 -134.27 2
2 12 58.46 -94.1 2
2 14 45.25 -75.42 2
2 16 46.49 -71.14 2
2 20 47.4 -117.23 2
2 29 31.45 -106.29 2
2 30 46.47 -92.06 2
2 34 35.28 -97.32 2
2 37 43.02 -87.55 2
2 40 35.08 -90.03 2
2 41 29.58 -90.07 2
2 46 42.21 -71.04 2
2 48 39.57 -75.07 2
2 55 25.4 -100.19 2
2 56 22.13 -97.51 2
2 61 19.2 -96.4 2
2 62 16.51 -99.55 2
2 67 14.38 -90.31 2
2 68 13.42 -89.12 2
2 70 12.09 -86.17 2
2 78 18.28 -69.54 2
2 81 13.06 -59.37 2
2 83 12.06 -68.56 2
2 84 4.56 -52.2 2
2 90 6.15 -75.35 2
2 95 -1.4 -78.38 2
2 106 -33.27 -70.4 2
2 107 -36.5 -73.03 2
2 108 -53.09 -70.55 2
2 111 -38 -57.33 2
2 115 -31.24 -64.11 2
2 119 -30.04 -51.11 2
2 121 -25.25 -49.15 2
2 122 -23.32 -46.37 2
2 126 -20.27 -54.37 2
2 129 -15.47 -47.55 2
2 131 -8.03 -34.54 2
2 138 -8.46 -63.54 2
2 146 35.48 -5.45 1
2 148 36.47 3.03 1
2 149 22.56 5.3 1
2 150 36.22 6.37 1
2 153 32.54 13.11 1
2 156 31.16 32.18 1
2 157 29.58 32.33 1
2 158 30.03 31.15 1
2 161 15.36 32.32 1
2 163 13.38 25.21 1
2 165 9 38.5 1
2 166 11.36 43.09 1
2 168 14.4 -17.26 1
2 174 9.31 -13.43 1
2 175 8.3 -13.15 1
2 178 6.41 -1.35 1
2 179 5.33 -0.13 1
2 181 6.29 2.37 1
2 185 11.51 13.1 1
2 186 12.07 15.03 1
2 187 6.27 3.24 1
2 191 3.52 11.31 1
2 199 -3.23 29.22 1
2 203 2.01 45.2 1
2 204 -4.03 39.4 1
2 207 -8.48 13.14 1
2 213 -17.5 31.03 1
2 219 -22.59 14.31 1
2 227 -33 27.55 1
2 232 -12.16 49.17 1
2 233 -20.1 57.3 1
2 234 -4.38 55.27 1
2 239 36.32 -6.18 1
2 240 36.43 -4.25 1
2 241 37.13 -3.41 1
2 243 38.21 -0.29 1
2 250 43.22 -8.23 1
2 251 38.54 1.26 1
2 253 42.3 1.31 1
2 256 43.18 5.24 1
2 258 43.42 7.23 1
2 259 42.42 9.27 1
2 261 45.26 4.24 1
2 265 48.05 -1.41 1
2 266 47.13 -1.33 1
2 267 47.23 0.41 1
2 271 47.19 5.01 1
2 272 48.41 6.12 1
2 273 48.35 7.45 1
2 281 51.55 4.28 1
2 282 52.22 4.54 1
2 283 52.05 5.08 1
2 285 50.23 -4.1 1
2 297 55.57 -3.13 1
2 298 55.53 -4.15 1
2 303 51.54 -8.28 1
2 308 64.09 -21.51 1
2 312 68.26 17.25 1
2 313 65.01 25.28 1
2 315 60.27 22.17 1
2 318 60.23 5.2 1
2 326 56.09 10.13 1
2 331 54.2 10.08 1
2 335 52.07 11.38 1
2 338 50.44 7.05 1
2 341 51.17 7.17 1
2 348 51.29 11.58 1
2 349 51.19 12.2 1
2 351 51.03 13.44 1
2 352 49.14 6.59 1
2 356 49.27 11.04 1
2 357 49.03 8.24 1
2 360 48.08 11.34 1
2 369 48.13 16.2 1
2 370 47.05 15.27 1
2 372 45.28 9.12 1
2 374 45.27 12.21 1
2 375 45.4 13.46 1
2 377 44.29 11.2 1
2 379 43.55 12.28 1
2 384 41.07 16.52 1
2 385 40.28 17.15 1
2 389 35.54 14.31 1
2 390 53.24 14.32 1
2 392 53.08 18 1
2 395 52.15 21 1
2 398 50.16 19 1
2 400 51.15 22.35 1
2 405 48.09 17.07 1
2 406 48.43 21.15 1
2 411 45.45 21.13 1
2 416 44.26 26.06 1
2 420 45.48 15.58 1
2 424 42.38 18.07 1
2 425 41.59 21.26 1
2 426 41.2 19.5 1
2 428 42.09 24.45 1
2 440 59.25 24.45 1
2 442 54.43 20.3 1
2 446 50.26 30.31 1
2 447 46.28 30.44 1
2 449 56.2 44 1
2 450 55.45 49.08 1
2 454 48.27 34.59 1
2 455 44.36 33.32 1
2 458 46.21 48.03 1
2 459 41.43 44.49 1
2 461 40.23 49.51 1
2 463 56.51 60.36 1
2 471 41.2 69.18 1
2 473 38.35 68.48 1
2 481 59.34 150.48 1
2 482 50.17 127.32 1
2 489 39.56 32.52 1
2 494 37.01 35.18 1
2 503 24.28 39.36 1
2 504 21.3 39.12 1
2 505 21.27 39.49 1
2 507 14.48 42.57 1
2 519 36.2 43.08 1
2 520 38.05 46.18 1
2 523 34.19 47.04 1
2 525 32.4 51.38 1
2 526 29.36 52.32 1
2 529 34.2 62.12 1
2 531 34.31 69.12 1
2 535 30.11 71.29 1
2 538 25.22 68.22 1
2 540 30.19 78.02 1
2 543 26.55 75.49 1
2 544 26.28 80.21 1
2 546 25.36 85.07 1
2 551 18.58 72.5 1
2 552 17.23 78.29 1
2 554 15.21 75.1 1
2 555 12.59 77.35 1
2 559 6.56 79.51 1
2 569 21.02 105.51 1
2 572 10.45 106.4 1
2 574 13.45 100.31 1
2 580 -2.55 104.45 1
2 582 -6.54 107.36 1
2 584 -7.15 112.45 1
2 602 29.4 91.09 1
2 608 23.06 113.16 1
2 614 36.06 120.19 1
2 615 37.55 112.3 1
2 617 39.55 116.25 1
2 620 45.45 126.41 1
2 624 43.03 141.21 1
2 626 38.15 140.53 1
2 629 36.34 136.39 1
2 630 35 135.45 1
2 631 34.4 135.3 1
2 632 34.24 132.27 1
2 634 31.36 130.33 1
2 635 26.13 127.4 1
2 636 13.28 144.47 1
2 638 -4.12 152.12 1
2 639 -9.3 147.1 1
2 641 -31.56 115.5 1
2 643 -37.49 144.58 1
2 645 -33.52 151.13 1
2 646 -27.28 153.02 1
2 650 -43.32 172.38 1
2 651 -41.18 174.47 1
2 652 -36.52 174.46 1
2 653 -21.08 -175.12 2
2 654 -14.16 -170.42 2
2 655 -18.08 178.25 1
2 656 -22.16 166.27 1
2 657 -9.26 159.57 1
2 658 -0.32 166.55 1
2 659 11.35 165.23 1
2 660 21.19 -157.52 2
2 661 1.52 -157.2 2
2 662 -9.45 -139 2
2 663 -17.32 -149.34 2
2 664 -25.04 -130.06 2
2 665 -27.07 -109.22 2
2 666 -90 0 1
3 4 61.13 -149.53 2
3 7 53.33 -113.28 2
3 9 50.25 -104.39 2
3 11 49.53 -97.09 2
3 13 43.39 -79.23 2
3 15 45.31 -73.34 2
3 22 37.48 -122.24 2
3 23 34.03 -118.15 2
3 28 35.05 -106.4 2
3 32 41.16 -95.57 2
3 33 39.07 -94.39 2
3 35 32.47 -96.48 2
3 39 38.39 -90.25 2
3 42 42.2 -83.03 2
3 43 40.26 -80 2
3 47 40.43 -74.01 2
3 51 25.46 -80.12 2
3 58 20.4 -103.2 2
3 60 19.03 -98.12 2
3 63 17.03 -96.43 2
3 66 17.3 -88.12 2
3 69 14.06 -87.13 2
3 75 20.01 -75.49 2
3 79 18.28 -66.07 2
3 82 10.39 -61.31 2
3 85 5.5 -55.1 2
3 86 6.48 -58.1 2
3 89 10.59 -74.48 2
3 99 -12.03 -77.03 2
3 101 -16.24 -71.33 2
3 103 -17.48 -63.1 2
3 104 -19.35 -65.45 2
3 112 -34.5 -56.12 2
3 114 -32.57 -60.4 2
3 117 -26.49 -65.13 2
3 120 -27.35 -48.34 2
3 123 -22.54 -43.14 2
3 124 -20.23 -43.3 2
3 125 -19.55 -43.56 2
3 130 -12.59 -38.31 2
3 136 -1.27 -48.29 2
3 137 -3.08 -60.01 2
3 140 28.06 -15.24 1
3 141 32.38 -16.54 1
3 142 31.38 -8 1
3 143 33.39 -7.35 1
3 145 34.05 -4.57 1
3 159 24.05 32.53 1
3 167 18.06 -15.57 1
3 171 16.46 -3.01 1
3 180 6.08 1.13 1
3 192 4.22 18.35 1
3 194 -4.16 15.17 1
3 196 0.04 18.16 1
3 197 -5.54 22.25 1
3 198 0.3 25.12 1
3 205 -6.1 39.11 1
3 206 -6.48 39.17 1
3 209 -11.4 27.28 1
3 211 -15.25 28.17 1
3 218 -37.15 -12.3 2
3 222 -24.45 25.55 1
3 225 -29.12 26.07 1
3 228 -33.58 25.4 1
3 235 37.44 -25.4 2
3 237 41.11 -8.36 1
3 242 37.53 -4.46 1
3 245 41.23 2.11 1
3 246 41.38 -0.53 1
3 249 43.15 -2.58 1
3 252 39.34 2.39 1
3 254 44.5 -0.34 1
3 255 43.36 1.26 1
3 262 45.45 4.51 1
3 263 45.1 5.43 1
3 264 48.24 -4.29 1
3 269 48.52 2.2 1
3 270 49.15 4.02 1
3 275 50.38 5.34 1
3 276 50.5 4.2 1
3 278 51.03 3.43 1
3 279 51.13 4.25 1
3 280 51.26 5.28 1
3 286 50.43 -1.54 1
3 287 50.5 -0.08 1
3 288 51.29 -3.13 1
3 291 52.3 -1.5 1
3 296 54.59 -1.35 1
3 299 56.28 -3 1
3 300 57.1 -2.04 1
3 301 60.09 -1.09 1
3 302 62.01 -6.46 1
3 305 53.2 -6.15 1
3 307 55 -7.19 1
3 309 64.11 -51.44 2
3 314 61.3 23.45 1
3 316 60.1 24.58 1
3 317 63.25 10.25 1
3 319 58.58 5.45 1
3 320 59.55 10.45 1
3 321 57.43 11.58 1
3 327 55.24 10.23 1
3 328 55.4 12.35 1
3 332 54.05 12.07 1
3 333 51.57 7.37 1
3 334 52.24 9.44 1
3 336 52.31 13.24 1
3 337 50.47 6.05 1
3 340 51.12 6.47 1
3 342 51.28 7.01 1
3 345 51.31 7.28 1
3 346 51.19 9.29 1
3 354 49.25 8.43 1
3 355 49.48 9.56 1
3 358 48.46 9.11 1
3 362 46.31 6.38 1
3 363 46.57 7.26 1
3 364 47.33 7.35 1
3 365 47.23 8.32 1
3 367 47.48 13.02 1
3 368 48.18 14.18 1
3 371 45.03 7.4 1
3 378 43.46 11.15 1
3 382 40.51 14.17 1
3 383 41.27 15.34 1
3 386 38.11 15.33 1
3 387 37.3 15.06 1
3 391 54.23 18.4 1
3 394 51.46 19.3 1
3 397 51.06 17 1
3 401 49.45 13.23 1
3 403 49.5 18.17 1
3 409 46.05 18.13 1
3 410 46.15 20.09 1
3 412 46.47 23.36 1
3 413 47.1 27.35 1
3 415 45.39 25.37 1
3 417 44.11 28.39 1
3 418 46.03 14.31 1
3 419 45.2 14.27 1
3 422 43.52 18.25 1
3 423 44.5 20.3 1
3 427 42.41 23.19 1
3 430 42.3 27.28 1
3 435 35.2 25.09 1
3 436 35.1 33.22 1
3 437 68.58 33.05 1
3 443 54.41 25.19 1
3 445 49.5 24 1
3 448 55.45 37.35 1
3 452 51.4 39.1 1
3 456 47.14 39.42 1
3 457 48.44 44.25 1
3 460 40.11 44.3 1
3 462 58 56.15 1
3 464 67.27 63.58 1
3 467 55.02 82.55 1
3 468 56.01 92.5 1
3 470 43.15 76.57 1
3 477 52.03 113.3 1
3 486 43.1 131.56 1
3 488 38.25 27.09 1
3 490 38.43 35.3 1
3 492 39.55 41.17 1
3 493 37.55 40.14 1
3 496 34.44 36.43 1
3 497 33.3 36.18 1
3 498 33.53 35.3 1
3 499 31.57 35.56 1
3 500 32.5 35 1
3 501 32.04 34.46 1
3 506 15.23 44.12 1
3 511 25.18 55.18 1
3 513 26.13 50.35 1
3 514 24.38 46.43 1
3 516 30.3 47.47 1
3 517 33.21 44.25 1
3 522 35.4 51.26 1
3 527 30.17 57.05 1
3 530 31.32 65.3 1
3 534 31.25 73.05 1
3 536 30.12 67 1
3 537 27.42 68.52 1
3 541 28.4 77.13 1
3 542 26.17 73.02 1
3 548 23.02 72.37 1
3 549 21.09 79.06 1
3 550 20.3 85.5 1
3 553 17.42 83.18 1
3 557 10.49 78.41 1
3 558 9.56 78.07 1
3 560 27.43 85.19 1
3 561 27.28 89.39 1
3 564 22 96.05 1
3 567 19.52 102.08 1
3 568 17.58 102.36 1
3 573 11.33 104.55 1
3 575 5.25 100.2 1
3 576 3.1 101.42 1
3 578 3.35 98.4 1
3 581 -6.1 106.48 1
3 583 -7.48 110.22 1
3 585 -8.39 115.13 1
3 590 -0.3 117.09 1
3 591 -5.07 119.24 1
3 592 1.29 124.51 1
3 593 -3.43 128.12 1
3 595 7.04 125.36 1
3 596 10.18 123.54 1
3 598 14.35 121 1
3 599 22.17 114.09 1
3 600 22.38 120.17 1
3 601 25.03 121.3 1
3 604 34.15 108.52 1
3 605 30.39 104.04 1
3 606 29.39 106.34 1
3 607 25.05 102.4 1
3 609 26.06 119.17 1
3 610 30.36 114.17 1
3 611 32.03 118.47 1
3 612 31.14 121.28 1
3 613 34.48 113.39 1
3 616 39.08 117.12 1
