0 1 90 0 1
0 2 71.17 -156.47 2
0 3 64.51 -147.43 2
0 4 61.13 -149.53 2
0 5 58.2 -134.27 2
0 6 49.16 -123.07 2
0 7 53.33 -113.28 2
0 8 51.03 -114.05 2
0 9 50.25 -104.39 2
0 10 52.07 -106.38 2
0 11 49.53 -97.09 2
0 12 58.46 -94.1 2
0 13 43.39 -79.23 2
0 14 45.25 -75.42 2
0 15 45.31 -73.34 2
0 16 46.49 -71.14 2
0 17 44.39 -63.36 2
0 18 47.34 -52.43 2
0 19 47.36 -122.2 2
0 20 47.4 -117.23 2
0 21 38.35 -121.3 2
0 22 37.48 -122.24 2
0 23 34.03 -118.15 2
0 24 32.43 -117.09 2
0 25 40.46 -111.53 2
0 26 33.27 -112.05 2
0 27 39.43 -105.01 2
0 28 35.05 -106.4 2
0 29 31.45 -106.29 2
0 30 46.47 -92.06 2
0 31 44.59 -93.13 2
0 32 41.16 -95.57 2
0 33 39.07 -94.39 2
0 34 35.28 -97.32 2
0 35 32.47 -96.48 2
0 36 29.46 -95.22 2
0 37 43.02 -87.55 2
0 38 41.53 -87.38 2
0 39 38.39 -90.25 2
0 40 35.08 -90.03 2
0 41 29.58 -90.07 2
0 42 42.2 -83.03 2
0 43 40.26 -80 2
0 44 39.06 -84.31 2
0 45 33.45 -84.23 2
0 46 42.21 -71.04 2
0 47 40.43 -74.01 2
0 48 39.57 -75.07 2
0 49 38.54 -77.01 2
0 50 30.2 -81.4 2
0 51 25.46 -80.12 2
0 52 25.05 -77.21 2
0 53 28.38 -106.05 2
0 54 25.33 -103.26 2
0 55 25.4 -100.19 2
0 56 22.13 -97.51 2
0 57 22.09 -100.59 2
0 58 20.4 -103.2 2
0 59 19.24 -99.09 2
0 60 19.03 -98.12 2
0 61 19.2 -96.4 2
0 62 16.51 -99.55 2
0 63 17.03 -96.43 2
0 64 17.59 -92.55 2
0 65 20.58 -89.37 2
0 66 17.3 -88.12 2
0 67 14.38 -90.31 2
0 68 13.42 -89.12 2
0 69 14.06 -87.13 2
0 70 12.09 -86.17 2
0 71 9.56 -84.05 2
0 72 8.58 -79.32 2
0 73 23.08 -82.22 2
0 74 22.24 -79.58 2
0 75 20.01 -75.49 2
0 76 18 -76.48 2
0 77 18.32 -72.2 2
0 78 18.28 -69.54 2
0 79 18.28 -66.07 2
0 80 14.36 -61.05 2
0 81 13.06 -59.37 2
0 82 10.39 -61.31 2
0 83 12.06 -68.56 2
0 84 4.56 -52.2 2
0 85 5.5 -55.1 2
0 86 6.48 -58.1 2
0 87 10.3 -66.56 2
0 88 10.4 -71.37 2
0 89 10.59 -74.48 2
0 90 6.15 -75.35 2
0 91 4.36 -74.05 2
0 92 3.27 -76.31 2
0 93 -0.56 -91.01 2
0 94 -0.13 -78.3 2
0 95 -1.4 -78.38 2
0 96 -2.1 -79.5 2
0 97 -3.46 -73.15 2
0 98 -8.07 -79.02 2
0 99 -12.03 -77.03 2
0 100 -13.31 -71.59 2
0 101 -16.24 -71.33 2
0 102 -16.3 -68.09 2
0 103 -17.48 -63.1 2
0 104 -19.35 -65.45 2
0 105 -23.39 -70.24 2
0 106 -33.27 -70.4 2
0 107 -36.5 -73.03 2
0 108 -53.09 -70.55 2
0 109 -51.42 -57.51 2
0 110 -38.43 -62.17 2
0 111 -38 -57.33 2
0 112 -34.5 -56.12 2
0 113 -34.36 -58.27 2
0 114 -32.57 -60.4 2
0 115 -31.24 -64.11 2
0 116 -32.53 -68.49 2
0 117 -26.49 -65.13 2
0 118 -25.16 -57.4 2
0 119 -30.04 -51.11 2
0 120 -27.35 -48.34 2
0 121 -25.25 -49.15 2
0 122 -23.32 -46.37 2
0 123 -22.54 -43.14 2
0 124 -20.23 -43.3 2
0 125 -19.55 -43.56 2
0 126 -20.27 -54.37 2
0 127 -15.35 -56.05 2
0 128 -16.4 -49.16 2
0 129 -15.47 -47.55 2
0 130 -12.59 -38.31 2
0 131 -8.03 -34.54 2
0 132 -5.47 -35.13 2
0 133 -3.43 -38.3 2
0 134 -5.05 -42.49 2
0 135 -2.31 -44.16 2
0 136 -1.27 -48.29 2
0 137 -3.08 -60.01 2
0 138 -8.46 -63.54 2
0 139 14.55 -23.31 2
0 140 28.06 -15.24 2
0 141 32.38 -16.54 2
0 142 31.38 -8 2
0 143 33.39 -7.35 1
0 144 34.02 -6.51 1
0 145 34.05 -4.57 2
0 146 35.48 -5.45 2
0 147 35.43 -0.43 2
0 148 36.47 3.03 2
0 149 22.56 5.3 2
0 150 36.22 6.37 1
0 151 36.48 10.11 1
0 152 34.44 10.46 2
0 153 32.54 13.11 1
0 154 32.07 20.04 1
0 155 31.12 29.54 1
0 156 31.16 32.18 1
0 157 29.58 32.33 1
0 158 30.03 31.15 1
0 159 24.05 32.53 1
0 160 19.37 37.14 1
0 161 15.36 32.32 1
0 162 13.11 30.13 1
0 163 13.38 25.21 1
0 164 15.2 38.53 1
0 165 9 38.5 1
0 166 11.36 43.09 1
0 167 18.06 -15.57 2
0 168 14.4 -17.26 2
0 169 13.28 -16.39 2
0 170 11.51 -15.35 2
0 171 16.46 -3.01 2
0 172 12.39 -8 2
0 173 10.23 -9.18 2
0 174 9.31 -13.43 2
0 175 8.3 -13.15 2
0 176 6.18 -10.47 2
0 177 5.19 -4.02 2
0 178 6.41 -1.35 1
0 179 5.33 -0.13 1
0 180 6.08 1.13 1
0 181 6.29 2.37 2
0 182 12.22 -1.31 1
0 183 13.31 2.07 2
0 184 12 8.3 2
0 185 11.51 13.1 2
0 186 12.07 15.03 2
0 187 6.27 3.24 1
0 188 6.27 7.27 2
0 189 0.2 6.44 2
0 190 3.45 8.47 1
0 191 3.52 11.31 2
0 192 4.22 18.35 1
0 193 0.23 9.27 1
0 194 -4.16 15.17 2
0 195 -4.18 15.18 2
0 196 0.04 18.16 2
0 197 -5.54 22.25 1
0 198 0.3 25.12 1
0 199 -3.23 29.22 1
0 200 -1.57 30.04 1
0 201 0.19 32.25 1
0 202 -1.17 36.49 1
0 203 2.01 45.2 1
0 204 -4.03 39.4 1
0 205 -6.1 39.11 1
0 206 -6.48 39.17 1
0 207 -8.48 13.14 1
0 208 -12.44 15.47 2
0 209 -11.4 27.28 1
0 210 -12.49 28.13 1
0 211 -15.25 28.17 1
0 212 -20.09 28.36 1
0 213 -17.5 31.03 1
0 214 -15.47 35 1
0 215 -19.49 34.52 1
0 216 -25.58 32.35 1
0 217 -15.57 -5.42 1
0 218 -37.15 -12.3 2
0 219 -22.59 14.31 2
0 220 -22.34 17.06 2
0 221 -26.38 15.1 2
0 222 -24.45 25.55 1
0 223 -25.45 28.1 1
0 224 -26.15 28 1
0 225 -29.12 26.07 1
0 226 -29.55 30.56 1
0 227 -33 27.55 1
0 228 -33.58 25.4 1
0 229 -33.55 18.22 1
0 230 -23.21 43.4 1
0 231 -18.55 47.31 1
0 232 -12.16 49.17 1
0 233 -20.1 57.3 1
0 234 -4.38 55.27 1
0 235 37.44 -25.4 2
0 236 38.43 -9.08 2
0 237 41.11 -8.36 2
0 238 37.23 -5.59 1
0 239 36.32 -6.18 1
0 240 36.43 -4.25 1
0 241 37.13 -3.41 2
0 242 37.53 -4.46 1
0 243 38.21 -0.29 1
0 244 39.28 -0.22 1
0 245 41.23 2.11 2
0 246 41.38 -0.53 2
0 247 40.24 -3.41 1
0 248 41.39 -4.43 2
0 249 43.15 -2.58 2
0 250 43.22 -8.23 2
0 251 38.54 1.26 1
0 252 39.34 2.39 1
0 253 42.3 1.31 1
0 254 44.5 -0.34 2
0 255 43.36 1.26 1
0 256 43.18 5.24 1
0 257 43.42 7.15 2
0 258 43.42 7.23 1
0 259 42.42 9.27 1
0 260 45.5 1.16 1
0 261 45.26 4.24 1
0 262 45.45 4.51 2
0 263 45.1 5.43 1
0 264 48.24 -4.29 2
0 265 48.05 -1.41 2
0 266 47.13 -1.33 1
0 267 47.23 0.41 2
0 268 49.3 0.08 2
0 269 48.52 2.2 2
0 270 49.15 4.02 2
0 271 47.19 5.01 2
0 272 48.41 6.12 2
0 273 48.35 7.45 2
0 274 49.36 6.09 2
0 275 50.38 5.34 1
0 276 50.5 4.2 2
0 277 50.38 3.04 2
0 278 51.03 3.43 1
0 279 51.13 4.25 1
0 280 51.26 5.28 1
0 281 51.55 4.28 2
0 282 52.22 4.54 2
0 283 52.05 5.08 1
0 284 53.13 6.33 1
0 285 50.23 -4.1 1
0 286 50.43 -1.54 1
0 287 50.5 -0.08 2
0 288 51.29 -3.13 1
0 289 51.27 -2.35 2
0 290 51.3 -0.1 1
0 291 52.3 -1.5 1
0 292 53.25 -2.55 1
0 293 53.3 -2.15 2
0 294 53.23 -1.3 1
0 295 53.5 -1.35 2
0 296 54.59 -1.35 2
0 297 55.57 -3.13 2
0 298 55.53 -4.15 1
0 299 56.28 -3 2
0 300 57.1 -2.04 1
0 301 60.09 -1.09 1
0 302 62.01 -6.46 1
0 303 51.54 -8.28 1
0 304 52.4 -8.38 2
0 305 53.2 -6.15 1
0 306 54.35 -5.55 2
0 307 55 -7.19 1
0 308 64.09 -21.51 2
0 309 64.11 -51.44 2
0 310 76.34 -68.47 2
0 311 70.4 23.42 1
0 312 68.26 17.25 1
0 313 65.01 25.28 1
0 314 61.3 23.45 2
0 315 60.27 22.17 1
0 316 60.1 24.58 1
0 317 63.25 10.25 1
0 318 60.23 5.2 1
0 319 58.58 5.45 1
0 320 59.55 10.45 1
0 321 57.43 11.58 1
0 322 55.36 13 1
0 323 58.25 15.37 1
0 324 59.2 18.03 2
0 325 57.38 18.18 1
0 326 56.09 10.13 2
0 327 55.24 10.23 1
0 328 55.4 12.35 1
0 329 53.04 8.49 1
0 330 53.33 9.59 1
0 331 54.2 10.08 1
0 332 54.05 12.07 1
0 333 51.57 7.37 2
0 334 52.24 9.44 1
0 335 52.07 11.38 1
0 336 52.31 13.24 2
0 337 50.47 6.05 1
0 338 50.44 7.05 1
0 339 50.56 6.59 2
0 340 51.12 6.47 1
0 341 51.17 7.17 1
0 342 51.28 7.01 1
0 343 51.28 7.13 1
0 344 51.32 7.13 2
0 345 51.31 7.28 1
0 346 51.19 9.29 1
0 347 50.58 11.01 1
0 348 51.29 11.58 2
0 349 51.19 12.2 1
0 350 50.5 12.55 1
0 351 51.03 13.44 1
0 352 49.14 6.59 2
0 353 50.07 8.4 2
0 354 49.25 8.43 1
0 355 49.48 9.56 1
0 356 49.27 11.04 1
0 357 49.03 8.24 2
0 358 48.46 9.11 1
0 359 49.01 12.06 1
0 360 48.08 11.34 1
0 361 46.12 6.09 1
0 362 46.31 6.38 2
0 363 46.57 7.26 1
0 364 47.33 7.35 2
0 365 47.23 8.32 1
0 366 47.16 11.24 1
0 367 47.48 13.02 1
0 368 48.18 14.18 1
0 369 48.13 16.2 2
0 370 47.05 15.27 1
0 371 45.03 7.4 1
0 372 45.28 9.12 2
0 373 45.27 11 1
0 374 45.27 12.21 2
0 375 45.4 13.46 1
0 376 44.25 8.57 2
0 377 44.29 11.2 1
0 378 43.46 11.15 2
0 379 43.55 12.28 1
0 380 39.2 9 1
0 381 41.54 12.29 2
0 382 40.51 14.17 2
0 383 41.27 15.34 2
0 384 41.07 16.52 2
0 385 40.28 17.15 1
0 386 38.11 15.33 2
0 387 37.3 15.06 1
0 388 38.07 13.21 2
0 389 35.54 14.31 1
0 390 53.24 14.32 1
0 391 54.23 18.4 1
0 392 53.08 18 1
0 393 52.25 16.55 2
0 394 51.46 19.3 1
0 395 52.15 21 1
0 396 53.09 23.09 1
0 397 51.06 17 1
0 398 50.16 19 1
0 399 50.03 19.58 1
0 400 51.15 22.35 1
0 401 49.45 13.23 2
0 402 50.05 14.26 1
0 403 49.5 18.17 1
0 404 49.12 16.37 1
0 405 48.09 17.07 2
0 406 48.43 21.15 1
0 407 47.3 19.05 2
0 408 47.32 21.38 1
0 409 46.05 18.13 1
0 410 46.15 20.09 1
0 411 45.45 21.13 1
0 412 46.47 23.36 1
0 413 47.1 27.35 1
0 414 45.48 24.09 2
0 415 45.39 25.37 1
0 416 44.26 26.06 1
0 417 44.11 28.39 1
0 418 46.03 14.31 2
0 419 45.2 14.27 1
0 420 45.48 15.58 2
0 421 43.31 16.27 2
0 422 43.52 18.25 2
0 423 44.5 20.3 2
0 424 42.38 18.07 2
0 425 41.59 21.26 1
0 426 41.2 19.5 2
0 427 42.41 23.19 1
0 428 42.09 24.45 2
0 429 43.13 27.55 1
0 430 42.3 27.28 1
0 431 39.36 19.56 2
0 432 40.38 22.56 1
0 433 38.15 21.44 2
0 434 37.58 23.43 1
0 435 35.2 25.09 2
0 436 35.1 33.22 1
0 437 68.58 33.05 1
0 438 64.34 40.32 1
0 439 59.55 30.15 1
0 440 59.25 24.45 1
0 441 56.57 24.06 1
0 442 54.43 20.3 1
0 443 54.41 25.19 1
0 444 53.54 27.34 2
0 445 49.5 24 2
0 446 50.26 30.31 1
0 447 46.28 30.44 1
0 448 55.45 37.35 1
0 449 56.2 44 1
0 450 55.45 49.08 1
0 451 53.12 50.09 1
0 452 51.4 39.1 1
0 453 50 36.15 1
0 454 48.27 34.59 1
0 455 44.36 33.32 1
0 456 47.14 39.42 1
0 457 48.44 44.25 1
0 458 46.21 48.03 1
0 459 41.43 44.49 1
0 460 40.11 44.3 1
0 461 40.23 49.51 1
0 462 58 56.15 1
0 463 56.51 60.36 1
0 464 67.27 63.58 1
0 465 69.2 88.06 1
0 466 55 73.24 1
0 467 55.02 82.55 1
0 468 56.01 92.5 1
0 469 49.5 73.1 1
0 470 43.15 76.57 1
0 471 41.2 69.18 1
0 472 39.4 66.48 1
0 473 38.35 68.48 1
0 474 43.48 87.35 1
0 475 52.16 104.2 1
0 476 47.55 106.53 1
0 477 52.03 113.3 1
0 478 62.13 129.49 1
0 479 64.45 177.29 1
0 480 53.01 158.39 1
0 481 59.34 150.48 1
0 482 50.17 127.32 1
0 483 50.35 137.02 1
0 484 48.27 135.06 1
0 485 46.58 142.42 1
0 486 43.1 131.56 1
0 487 41.01 28.58 1
0 488 38.25 27.09 1
0 489 39.56 32.52 1
0 490 38.43 35.3 1
0 491 39.45 37.02 1
0 492 39.55 41.17 1
0 493 37.55 40.14 1
0 494 37.01 35.18 1
0 495 36.12 37.1 1
0 496 34.44 36.43 1
0 497 33.3 36.18 1
0 498 33.53 35.3 1
0 499 31.57 35.56 1
0 500 32.5 35 1
0 501 32.04 34.46 1
0 502 31.46 35.14 1
0 503 24.28 39.36 1
0 504 21.3 39.12 1
0 505 21.27 39.49 1
0 506 15.23 44.12 1
0 507 14.48 42.57 1
0 508 12.45 45.12 1
0 509 14.32 49.08 1
0 510 23.37 58.35 1
0 511 25.18 55.18 1
0 512 25.17 51.32 1
0 513 26.13 50.35 1
0 514 24.38 46.43 1
0 515 29.2 47.59 1
0 516 30.3 47.47 1
0 517 33.21 44.25 1
0 518 35.28 44.28 1
0 519 36.2 43.08 1
0 520 38.05 46.18 1
0 521 37.16 49.36 1
0 522 35.4 51.26 1
0 523 34.19 47.04 1
0 524 30.2 48.16 1
0 525 32.4 51.38 1
0 526 29.36 52.32 1
0 527 30.17 57.05 1
0 528 36.18 59.36 1
0 529 34.2 62.12 1
0 530 31.32 65.3 1
0 531 34.31 69.12 1
0 532 33.36 73.04 1
0 533 31.35 74.18 1
0 534 31.25 73.05 1
0 535 30.11 71.29 1
0 536 30.12 67 1
0 537 27.42 68.52 1
0 538 25.22 68.22 1
0 539 24.52 67.03 1
0 540 30.19 78.02 1
0 541 28.4 77.13 1
0 542 26.17 73.02 1
0 543 26.55 75.49 1
0 544 26.28 80.21 1
0 545 25.2 83 1
0 546 25.36 85.07 1
0 547 22.32 88.22 1
0 548 23.02 72.37 1
0 549 21.09 79.06 1
0 550 20.3 85.5 1
0 551 18.58 72.5 1
0 552 17.23 78.29 1
0 553 17.42 83.18 1
0 554 15.21 75.1 1
0 555 12.59 77.35 1
0 556 13.05 80.17 1
0 557 10.49 78.41 1
0 558 9.56 78.07 1
0 559 6.56 79.51 1
0 560 27.43 85.19 1
0 561 27.28 89.39 1
0 562 23.43 90.25 1
0 563 22.2 91.5 1
0 564 22 96.05 1
0 565 16.47 96.1 1
0 566 18.47 98.59 1
0 567 19.52 102.08 1
0 568 17.58 102.36 1
0 569 21.02 105.51 1
0 570 16.28 107.36 1
0 571 16.04 108.13 1
0 572 10.45 106.4 1
0 573 11.33 104.55 1
0 574 13.45 100.31 1
0 575 5.25 100.2 1
0 576 3.1 101.42 1
0 577 1.17 103.51 1
0 578 3.35 98.4 1
0 579 -0.57 100.21 1
0 580 -2.55 104.45 1
0 581 -6.1 106.48 1
0 582 -6.54 107.36 1
0 583 -7.48 110.22 1
0 584 -7.15 112.45 1
0 585 -8.39 115.13 1
0 586 -10.1 123.35 1
0 587 -3.2 114.35 1
0 588 1.33 110.2 1
0 589 4.56 114.55 1
0 590 -0.3 117.09 1
0 591 -5.07 119.24 1
0 592 1.29 124.51 1
0 593 -3.43 128.12 1
0 594 -5.4 132.45 1
0 595 7.04 125.36 1
0 596 10.18 123.54 1
0 597 10.42 122.34 1
0 598 14.35 121 1
0 599 22.17 114.09 1
0 600 22.38 120.17 1
0 601 25.03 121.3 1
0 602 29.4 91.09 1
0 603 36.03 103.41 1
0 604 34.15 108.52 1
0 605 30.39 104.04 1
0 606 29.39 106.34 1
0 607 25.05 102.4 1
0 608 23.06 113.16 1
0 609 26.06 119.17 1
0 610 30.36 114.17 1
0 611 32.03 118.47 1
0 612 31.14 121.28 1
0 613 34.48 113.39 1
0 614 36.06 120.19 1
0 615 37.55 112.3 1
0 616 39.08 117.12 1
0 617 39.55 116.25 1
0 618 38.53 121.35 1
0 619 41.48 123.27 1
0 620 45.45 126.41 1
0 621 39.01 125.45 1
0 622 37.33 126.58 1
0 623 35.06 129.03 1
0 624 43.03 141.21 1
0 625 39.43 140.07 1
0 626 38.15 140.53 1
0 627 35.42 139.46 1
0 628 35.1 136.55 1
0 629 36.34 136.39 1
0 630 35 135.45 1
0 631 34.4 135.3 1
0 632 34.24 132.27 1
0 633 32.48 129.55 1
0 634 31.36 130.33 1
0 635 26.13 127.4 1
0 636 13.28 144.47 1
0 637 -2.32 140.42 1
0 638 -4.12 152.12 1
0 639 -9.3 147.1 1
0 640 -12.28 130.5 1
0 641 -31.56 115.5 1
0 642 -34.55 138.35 1
0 643 -37.49 144.58 1
0 644 -42.53 147.19 1
0 645 -33.52 151.13 1
0 646 -27.28 153.02 1
0 647 -19.16 146.48 1
0 648 -23.42 133.53 1
0 649 -45.52 170.3 1
0 650 -43.32 172.38 1
0 651 -41.18 174.47 1
0 652 -36.52 174.46 1
0 653 -21.08 -175.12 2
0 654 -14.16 -170.42 2
0 655 -18.08 178.25 1
0 656 -22.16 166.27 1
0 657 -9.26 159.57 1
0 658 -0.32 166.55 1
0 659 11.35 165.23 1
0 660 21.19 -157.52 2
0 661 1.52 -157.2 2
0 662 -9.45 -139 2
0 663 -17.32 -149.34 2
0 664 -25.04 -130.06 2
0 665 -27.07 -109.22 2
0 666 -90 0 1
