0 90 0 0 1
0 71.17 -156.47 1 0
0 64.51 -147.43 1 0
0 61.13 -149.53 1 0
0 58.2 -134.27 1 0
0 49.16 -123.07 1 0
0 53.33 -113.28 1 0
0 51.03 -114.05 1 0
0 50.25 -104.39 1 0
0 52.07 -106.38 1 0
0 49.53 -97.09 1 0
0 58.46 -94.1 1 0
0 43.39 -79.23 1 0
0 45.25 -75.42 1 0
0 45.31 -73.34 1 0
0 46.49 -71.14 1 0
0 44.39 -63.36 1 0
0 47.34 -52.43 1 0
0 47.36 -122.2 1 0
0 47.4 -117.23 1 0
0 38.35 -121.3 1 0
0 37.48 -122.24 1 0
0 34.03 -118.15 1 0
0 32.43 -117.09 1 0
0 40.46 -111.53 1 0
0 33.27 -112.05 1 0
0 39.43 -105.01 1 0
0 35.05 -106.4 1 0
0 31.45 -106.29 1 0
0 46.47 -92.06 1 0
0 44.59 -93.13 1 0
0 41.16 -95.57 1 0
0 39.07 -94.39 1 0
0 35.28 -97.32 1 0
0 32.47 -96.48 1 0
0 29.46 -95.22 1 0
0 43.02 -87.55 1 0
0 41.53 -87.38 1 0
0 38.39 -90.25 1 0
0 35.08 -90.03 1 0
0 29.58 -90.07 1 0
0 42.2 -83.03 1 0
0 40.26 -80 1 0
0 39.06 -84.31 1 0
0 33.45 -84.23 1 0
0 42.21 -71.04 1 0
0 40.43 -74.01 1 0
0 39.57 -75.07 1 0
0 38.54 -77.01 1 0
0 30.2 -81.4 1 0
0 25.46 -80.12 1 0
0 25.05 -77.21 1 0
0 28.38 -106.05 1 0
0 25.33 -103.26 1 0
0 25.4 -100.19 1 0
0 22.13 -97.51 1 0
0 22.09 -100.59 1 0
0 20.4 -103.2 1 0
0 19.24 -99.09 1 0
0 19.03 -98.12 1 0
0 19.2 -96.4 1 0
0 16.51 -99.55 1 0
0 17.03 -96.43 1 0
0 17.59 -92.55 1 0
0 20.58 -89.37 1 0
0 17.3 -88.12 1 0
0 14.38 -90.31 1 0
0 13.42 -89.12 1 0
0 14.06 -87.13 1 0
0 12.09 -86.17 1 0
0 9.56 -84.05 1 0
0 8.58 -79.32 1 0
0 23.08 -82.22 1 0
0 22.24 -79.58 1 0
0 20.01 -75.49 1 0
0 18 -76.48 1 0
0 18.32 -72.2 1 0
0 18.28 -69.54 1 0
0 18.28 -66.07 1 0
0 14.36 -61.05 1 0
0 13.06 -59.37 1 0
0 10.39 -61.31 1 0
0 12.06 -68.56 1 0
0 4.56 -52.2 1 0
0 5.5 -55.1 1 0
0 6.48 -58.1 1 0
0 10.3 -66.56 1 0
0 10.4 -71.37 1 0
0 10.59 -74.48 1 0
0 6.15 -75.35 1 0
0 4.36 -74.05 1 0
0 3.27 -76.31 1 0
0 -0.56 -91.01 1 0
0 -0.13 -78.3 1 0
0 -1.4 -78.38 1 0
0 -2.1 -79.5 1 0
0 -3.46 -73.15 1 0
0 -8.07 -79.02 1 0
0 -12.03 -77.03 1 0
0 -13.31 -71.59 1 0
0 -16.24 -71.33 1 0
0 -16.3 -68.09 1 0
0 -17.48 -63.1 1 0
0 -19.35 -65.45 1 0
0 -23.39 -70.24 1 0
0 -33.27 -70.4 1 0
0 -36.5 -73.03 1 0
0 -53.09 -70.55 1 0
0 -51.42 -57.51 1 0
0 -38.43 -62.17 1 0
0 -38 -57.33 1 0
0 -34.5 -56.12 1 0
0 -34.36 -58.27 1 0
0 -32.57 -60.4 1 0
0 -31.24 -64.11 1 0
0 -32.53 -68.49 1 0
0 -26.49 -65.13 1 0
0 -25.16 -57.4 1 0
0 -30.04 -51.11 1 0
0 -27.35 -48.34 1 0
0 -25.25 -49.15 1 0
0 -23.32 -46.37 1 0
0 -22.54 -43.14 1 0
0 -20.23 -43.3 1 0
0 -19.55 -43.56 1 0
0 -20.27 -54.37 1 0
0 -15.35 -56.05 1 0
0 -16.4 -49.16 1 0
0 -15.47 -47.55 1 0
0 -12.59 -38.31 1 0
0 -8.03 -34.54 1 0
0 -5.47 -35.13 1 0
0 -3.43 -38.3 1 0
0 -5.05 -42.49 1 0
0 -2.31 -44.16 1 0
0 -1.27 -48.29 1 0
0 -3.08 -60.01 1 0
0 -8.46 -63.54 1 0
0 14.55 -23.31 0 1
0 28.06 -15.24 0 1
0 32.38 -16.54 0 1
0 31.38 -8 0 1
0 33.39 -7.35 0 1
0 34.02 -6.51 0 1
0 34.05 -4.57 0 1
0 35.48 -5.45 0 1
0 35.43 -0.43 0 1
0 36.47 3.03 0 1
0 22.56 5.3 0 1
0 36.22 6.37 0 1
0 36.48 10.11 0 1
0 34.44 10.46 0 1
0 32.54 13.11 0 1
0 32.07 20.04 0 1
0 31.12 29.54 0 1
0 31.16 32.18 0 1
0 29.58 32.33 0 1
0 30.03 31.15 0 1
0 24.05 32.53 0 1
0 19.37 37.14 0 1
0 15.36 32.32 0 1
0 13.11 30.13 0 1
0 13.38 25.21 0 1
0 15.2 38.53 0 1
0 9 38.5 0 1
0 11.36 43.09 0 1
0 18.06 -15.57 0 1
0 14.4 -17.26 0 1
0 13.28 -16.39 0 1
0 11.51 -15.35 0 1
0 16.46 -3.01 0 1
0 12.39 -8 0 1
0 10.23 -9.18 0 1
0 9.31 -13.43 0 1
0 8.3 -13.15 0 1
0 6.18 -10.47 0 1
0 5.19 -4.02 0 1
0 6.41 -1.35 0 1
0 5.33 -0.13 0 1
0 6.08 1.13 0 1
0 6.29 2.37 0 1
0 12.22 -1.31 0 1
0 13.31 2.07 0 1
0 12 8.3 0 1
0 11.51 13.1 0 1
0 12.07 15.03 0 1
0 6.27 3.24 0 1
0 6.27 7.27 0 1
0 0.2 6.44 0 1
0 3.45 8.47 0 1
0 3.52 11.31 0 1
0 4.22 18.35 0 1
0 0.23 9.27 0 1
0 -4.16 15.17 0 1
0 -4.18 15.18 0 1
0 0.04 18.16 0 1
0 -5.54 22.25 0 1
0 0.3 25.12 0 1
0 -3.23 29.22 0 1
0 -1.57 30.04 0 1
0 0.19 32.25 0 1
0 -1.17 36.49 0 1
0 2.01 45.2 0 1
0 -4.03 39.4 0 1
0 -6.1 39.11 0 1
0 -6.48 39.17 0 1
0 -8.48 13.14 0 1
0 -12.44 15.47 0 1
0 -11.4 27.28 0 1
0 -12.49 28.13 0 1
0 -15.25 28.17 0 1
0 -20.09 28.36 0 1
0 -17.5 31.03 0 1
0 -15.47 35 0 1
0 -19.49 34.52 0 1
0 -25.58 32.35 0 1
0 -15.57 -5.42 0 1
0 -37.15 -12.3 1 0
0 -22.59 14.31 0 1
0 -22.34 17.06 0 1
0 -26.38 15.1 0 1
0 -24.45 25.55 0 1
0 -25.45 28.1 0 1
0 -26.15 28 0 1
0 -29.12 26.07 0 1
0 -29.55 30.56 0 1
0 -33 27.55 0 1
0 -33.58 25.4 0 1
0 -33.55 18.22 0 1
0 -23.21 43.4 0 1
0 -18.55 47.31 0 1
0 -12.16 49.17 0 1
0 -20.1 57.3 0 1
0 -4.38 55.27 0 1
0 37.44 -25.4 1 0
0 38.43 -9.08 0 1
0 41.11 -8.36 0 1
0 37.23 -5.59 0 1
0 36.32 -6.18 0 1
0 36.43 -4.25 0 1
0 37.13 -3.41 0 1
0 37.53 -4.46 0 1
0 38.21 -0.29 0 1
0 39.28 -0.22 0 1
0 41.23 2.11 0 1
0 41.38 -0.53 0 1
0 40.24 -3.41 0 1
0 41.39 -4.43 0 1
0 43.15 -2.58 0 1
0 43.22 -8.23 0 1
0 38.54 1.26 0 1
0 39.34 2.39 0 1
0 42.3 1.31 0 1
0 44.5 -0.34 0 1
0 43.36 1.26 0 1
0 43.18 5.24 0 1
0 43.42 7.15 0 1
0 43.42 7.23 0 1
0 42.42 9.27 0 1
0 45.5 1.16 0 1
0 45.26 4.24 0 1
0 45.45 4.51 0 1
0 45.1 5.43 0 1
0 48.24 -4.29 0 1
0 48.05 -1.41 0 1
0 47.13 -1.33 0 1
0 47.23 0.41 0 1
0 49.3 0.08 0 1
0 48.52 2.2 0 1
0 49.15 4.02 0 1
0 47.19 5.01 0 1
0 48.41 6.12 0 1
0 48.35 7.45 0 1
0 49.36 6.09 0 1
0 50.38 5.34 0 1
0 50.5 4.2 0 1
0 50.38 3.04 0 1
0 51.03 3.43 0 1
0 51.13 4.25 0 1
0 51.26 5.28 0 1
0 51.55 4.28 0 1
0 52.22 4.54 0 1
0 52.05 5.08 0 1
0 53.13 6.33 0 1
0 50.23 -4.1 0 1
0 50.43 -1.54 0 1
0 50.5 -0.08 0 1
0 51.29 -3.13 0 1
0 51.27 -2.35 0 1
0 51.3 -0.1 0 1
0 52.3 -1.5 0 1
0 53.25 -2.55 0 1
0 53.3 -2.15 0 1
0 53.23 -1.3 0 1
0 53.5 -1.35 0 1
0 54.59 -1.35 0 1
0 55.57 -3.13 0 1
0 55.53 -4.15 0 1
0 56.28 -3 0 1
0 57.1 -2.04 0 1
0 60.09 -1.09 0 1
0 62.01 -6.46 0 1
0 51.54 -8.28 0 1
0 52.4 -8.38 0 1
0 53.2 -6.15 0 1
0 54.35 -5.55 0 1
0 55 -7.19 0 1
0 64.09 -21.51 0 1
0 64.11 -51.44 1 0
0 76.34 -68.47 1 0
0 70.4 23.42 0 1
0 68.26 17.25 0 1
0 65.01 25.28 0 1
0 61.3 23.45 0 1
0 60.27 22.17 0 1
0 60.1 24.58 0 1
0 63.25 10.25 0 1
0 60.23 5.2 0 1
0 58.58 5.45 0 1
0 59.55 10.45 0 1
0 57.43 11.58 0 1
0 55.36 13 0 1
0 58.25 15.37 0 1
0 59.2 18.03 0 1
0 57.38 18.18 0 1
0 56.09 10.13 0 1
0 55.24 10.23 0 1
0 55.4 12.35 0 1
0 53.04 8.49 0 1
0 53.33 9.59 0 1
0 54.2 10.08 0 1
0 54.05 12.07 0 1
0 51.57 7.37 0 1
0 52.24 9.44 0 1
0 52.07 11.38 0 1
0 52.31 13.24 0 1
0 50.47 6.05 0 1
0 50.44 7.05 0 1
0 50.56 6.59 0 1
0 51.12 6.47 0 1
0 51.17 7.17 0 1
0 51.28 7.01 0 1
0 51.28 7.13 0 1
0 51.32 7.13 0 1
0 51.31 7.28 0 1
0 51.19 9.29 0 1
0 50.58 11.01 0 1
0 51.29 11.58 0 1
0 51.19 12.2 0 1
0 50.5 12.55 0 1
0 51.03 13.44 0 1
0 49.14 6.59 0 1
0 50.07 8.4 0 1
0 49.25 8.43 0 1
0 49.48 9.56 0 1
0 49.27 11.04 0 1
0 49.03 8.24 0 1
0 48.46 9.11 0 1
0 49.01 12.06 0 1
0 48.08 11.34 0 1
0 46.12 6.09 0 1
0 46.31 6.38 0 1
0 46.57 7.26 0 1
0 47.33 7.35 0 1
0 47.23 8.32 0 1
0 47.16 11.24 0 1
0 47.48 13.02 0 1
0 48.18 14.18 0 1
0 48.13 16.2 0 1
0 47.05 15.27 0 1
0 45.03 7.4 0 1
0 45.28 9.12 0 1
0 45.27 11 0 1
0 45.27 12.21 0 1
0 45.4 13.46 0 1
0 44.25 8.57 0 1
0 44.29 11.2 0 1
0 43.46 11.15 0 1
0 43.55 12.28 0 1
0 39.2 9 0 1
0 41.54 12.29 0 1
0 40.51 14.17 0 1
0 41.27 15.34 0 1
0 41.07 16.52 0 1
0 40.28 17.15 0 1
0 38.11 15.33 0 1
0 37.3 15.06 0 1
0 38.07 13.21 0 1
0 35.54 14.31 0 1
0 53.24 14.32 0 1
0 54.23 18.4 0 1
0 53.08 18 0 1
0 52.25 16.55 0 1
0 51.46 19.3 0 1
0 52.15 21 0 1
0 53.09 23.09 0 1
0 51.06 17 0 1
0 50.16 19 0 1
0 50.03 19.58 0 1
0 51.15 22.35 0 1
0 49.45 13.23 0 1
0 50.05 14.26 0 1
0 49.5 18.17 0 1
0 49.12 16.37 0 1
0 48.09 17.07 0 1
0 48.43 21.15 0 1
0 47.3 19.05 0 1
0 47.32 21.38 0 1
0 46.05 18.13 0 1
0 46.15 20.09 0 1
0 45.45 21.13 0 1
0 46.47 23.36 0 1
0 47.1 27.35 0 1
0 45.48 24.09 0 1
0 45.39 25.37 0 1
0 44.26 26.06 0 1
0 44.11 28.39 0 1
0 46.03 14.31 0 1
0 45.2 14.27 0 1
0 45.48 15.58 0 1
0 43.31 16.27 0 1
0 43.52 18.25 0 1
0 44.5 20.3 0 1
0 42.38 18.07 0 1
0 41.59 21.26 0 1
0 41.2 19.5 0 1
0 42.41 23.19 0 1
0 42.09 24.45 0 1
0 43.13 27.55 0 1
0 42.3 27.28 0 1
0 39.36 19.56 0 1
0 40.38 22.56 0 1
0 38.15 21.44 0 1
0 37.58 23.43 0 1
0 35.2 25.09 0 1
0 35.1 33.22 0 1
0 68.58 33.05 0 1
0 64.34 40.32 0 1
0 59.55 30.15 0 1
0 59.25 24.45 0 1
0 56.57 24.06 0 1
0 54.43 20.3 0 1
0 54.41 25.19 0 1
0 53.54 27.34 0 1
0 49.5 24 0 1
0 50.26 30.31 0 1
0 46.28 30.44 0 1
0 55.45 37.35 0 1
0 56.2 44 0 1
0 55.45 49.08 0 1
0 53.12 50.09 0 1
0 51.4 39.1 0 1
0 50 36.15 0 1
0 48.27 34.59 0 1
0 44.36 33.32 0 1
0 47.14 39.42 0 1
0 48.44 44.25 0 1
0 46.21 48.03 0 1
0 41.43 44.49 0 1
0 40.11 44.3 0 1
0 40.23 49.51 0 1
0 58 56.15 0 1
0 56.51 60.36 0 1
0 67.27 63.58 0 1
0 69.2 88.06 0 1
0 55 73.24 0 1
0 55.02 82.55 0 1
0 56.01 92.5 0 1
0 49.5 73.1 0 1
0 43.15 76.57 0 1
0 41.2 69.18 0 1
0 39.4 66.48 0 1
0 38.35 68.48 0 1
0 43.48 87.35 0 1
0 52.16 104.2 0 1
0 47.55 106.53 0 1
0 52.03 113.3 0 1
0 62.13 129.49 0 1
0 64.45 177.29 0 1
0 53.01 158.39 0 1
0 59.34 150.48 0 1
0 50.17 127.32 0 1
0 50.35 137.02 0 1
0 48.27 135.06 0 1
0 46.58 142.42 0 1
0 43.1 131.56 0 1
0 41.01 28.58 0 1
0 38.25 27.09 0 1
0 39.56 32.52 0 1
0 38.43 35.3 0 1
0 39.45 37.02 0 1
0 39.55 41.17 0 1
0 37.55 40.14 0 1
0 37.01 35.18 0 1
0 36.12 37.1 0 1
0 34.44 36.43 0 1
0 33.3 36.18 0 1
0 33.53 35.3 0 1
0 31.57 35.56 0 1
0 32.5 35 0 1
0 32.04 34.46 0 1
0 31.46 35.14 0 1
0 24.28 39.36 0 1
0 21.3 39.12 0 1
0 21.27 39.49 0 1
0 15.23 44.12 0 1
0 14.48 42.57 0 1
0 12.45 45.12 0 1
0 14.32 49.08 0 1
0 23.37 58.35 0 1
0 25.18 55.18 0 1
0 25.17 51.32 0 1
0 26.13 50.35 0 1
0 24.38 46.43 0 1
0 29.2 47.59 0 1
0 30.3 47.47 0 1
0 33.21 44.25 0 1
0 35.28 44.28 0 1
0 36.2 43.08 0 1
0 38.05 46.18 0 1
0 37.16 49.36 0 1
0 35.4 51.26 0 1
0 34.19 47.04 0 1
0 30.2 48.16 0 1
0 32.4 51.38 0 1
0 29.36 52.32 0 1
0 30.17 57.05 0 1
0 36.18 59.36 0 1
0 34.2 62.12 0 1
0 31.32 65.3 0 1
0 34.31 69.12 0 1
0 33.36 73.04 0 1
0 31.35 74.18 0 1
0 31.25 73.05 0 1
0 30.11 71.29 0 1
0 30.12 67 0 1
0 27.42 68.52 0 1
0 25.22 68.22 0 1
0 24.52 67.03 0 1
0 30.19 78.02 0 1
0 28.4 77.13 0 1
0 26.17 73.02 0 1
0 26.55 75.49 0 1
0 26.28 80.21 0 1
0 25.2 83 0 1
0 25.36 85.07 0 1
0 22.32 88.22 0 1
0 23.02 72.37 0 1
0 21.09 79.06 0 1
0 20.3 85.5 0 1
0 18.58 72.5 0 1
0 17.23 78.29 0 1
0 17.42 83.18 0 1
0 15.21 75.1 0 1
0 12.59 77.35 0 1
0 13.05 80.17 0 1
0 10.49 78.41 0 1
0 9.56 78.07 0 1
0 6.56 79.51 0 1
0 27.43 85.19 0 1
0 27.28 89.39 0 1
0 23.43 90.25 0 1
0 22.2 91.5 0 1
0 22 96.05 0 1
0 16.47 96.1 0 1
0 18.47 98.59 0 1
0 19.52 102.08 0 1
0 17.58 102.36 0 1
0 21.02 105.51 0 1
0 16.28 107.36 0 1
0 16.04 108.13 0 1
0 10.45 106.4 0 1
0 11.33 104.55 0 1
0 13.45 100.31 0 1
0 5.25 100.2 0 1
0 3.1 101.42 0 1
0 1.17 103.51 0 1
0 3.35 98.4 0 1
0 -0.57 100.21 0 1
0 -2.55 104.45 0 1
0 -6.1 106.48 0 1
0 -6.54 107.36 0 1
0 -7.48 110.22 0 1
0 -7.15 112.45 0 1
0 -8.39 115.13 0 1
0 -10.1 123.35 0 1
0 -3.2 114.35 0 1
0 1.33 110.2 0 1
0 4.56 114.55 0 1
0 -0.3 117.09 0 1
0 -5.07 119.24 0 1
0 1.29 124.51 0 1
0 -3.43 128.12 0 1
0 -5.4 132.45 0 1
0 7.04 125.36 0 1
0 10.18 123.54 0 1
0 10.42 122.34 0 1
0 14.35 121 0 1
0 22.17 114.09 0 1
0 22.38 120.17 0 1
0 25.03 121.3 0 1
0 29.4 91.09 0 1
0 36.03 103.41 0 1
0 34.15 108.52 0 1
0 30.39 104.04 0 1
0 29.39 106.34 0 1
0 25.05 102.4 0 1
0 23.06 113.16 0 1
0 26.06 119.17 0 1
0 30.36 114.17 0 1
0 32.03 118.47 0 1
0 31.14 121.28 0 1
0 34.48 113.39 0 1
0 36.06 120.19 0 1
0 37.55 112.3 0 1
0 39.08 117.12 0 1
0 39.55 116.25 0 1
0 38.53 121.35 0 1
0 41.48 123.27 0 1
0 45.45 126.41 0 1
0 39.01 125.45 0 1
0 37.33 126.58 0 1
0 35.06 129.03 0 1
0 43.03 141.21 0 1
0 39.43 140.07 0 1
0 38.15 140.53 0 1
0 35.42 139.46 0 1
0 35.1 136.55 0 1
0 36.34 136.39 0 1
0 35 135.45 0 1
0 34.4 135.3 0 1
0 34.24 132.27 0 1
0 32.48 129.55 0 1
0 31.36 130.33 0 1
0 26.13 127.4 0 1
0 13.28 144.47 0 1
0 -2.32 140.42 0 1
0 -4.12 152.12 0 1
0 -9.3 147.1 0 1
0 -12.28 130.5 0 1
0 -31.56 115.5 0 1
0 -34.55 138.35 0 1
0 -37.49 144.58 0 1
0 -42.53 147.19 0 1
0 -33.52 151.13 0 1
0 -27.28 153.02 0 1
0 -19.16 146.48 0 1
0 -23.42 133.53 0 1
0 -45.52 170.3 0 1
0 -43.32 172.38 0 1
0 -41.18 174.47 0 1
0 -36.52 174.46 0 1
0 -21.08 -175.12 1 0
0 -14.16 -170.42 1 0
0 -18.08 178.25 0 1
0 -22.16 166.27 0 1
0 -9.26 159.57 0 1
0 -0.32 166.55 0 1
0 11.35 165.23 0 1
0 21.19 -157.52 1 0
0 1.52 -157.2 1 0
0 -9.45 -139 1 0
0 -17.32 -149.34 1 0
0 -25.04 -130.06 1 0
0 -27.07 -109.22 1 0
0 -90 0 0 1
