1 2 71.17 -156.47 2
1 5 58.2 -134.27 2
1 8 51.03 -114.05 2
1 10 52.07 -106.38 2
1 11 49.53 -97.09 2
1 14 45.25 -75.42 2
1 16 46.49 -71.14 2
1 22 37.48 -122.24 2
1 27 39.43 -105.01 2
1 32 41.16 -95.57 2
1 36 29.46 -95.22 2
1 37 43.02 -87.55 2
1 39 38.39 -90.25 2
1 43 40.26 -80 2
1 47 40.43 -74.01 2
1 52 25.05 -77.21 2
1 53 28.38 -106.05 2
1 54 25.33 -103.26 2
1 61 19.2 -96.4 2
1 62 16.51 -99.55 2
1 65 20.58 -89.37 2
1 67 14.38 -90.31 2
1 70 12.09 -86.17 2
1 72 8.58 -79.32 2
1 76 18 -76.48 2
1 78 18.28 -69.54 2
1 81 13.06 -59.37 2
1 86 6.48 -58.1 2
1 87 10.3 -66.56 2
1 96 -2.1 -79.5 2
1 97 -3.46 -73.15 2
1 98 -8.07 -79.02 2
1 99 -12.03 -77.03 2
1 105 -23.39 -70.24 2
1 107 -36.5 -73.03 2
1 111 -38 -57.33 2
1 116 -32.53 -68.49 2
1 118 -25.16 -57.4 2
1 119 -30.04 -51.11 2
1 122 -23.32 -46.37 2
1 124 -20.23 -43.3 2
1 131 -8.03 -34.54 2
1 135 -2.31 -44.16 2
1 137 -3.08 -60.01 2
1 138 -8.46 -63.54 2
1 139 14.55 -23.31 2
1 146 35.48 -5.45 1
1 155 31.12 29.54 1
1 164 15.2 38.53 1
1 172 12.39 -8 1
1 188 6.27 7.27 1
1 195 -4.18 15.18 1
1 213 -17.5 31.03 1
1 216 -25.58 32.35 1
1 218 -37.15 -12.3 1
1 240 36.43 -4.25 1
1 249 43.15 -2.58 1
1 255 43.36 1.26 1
1 273 48.35 7.45 1
1 278 51.03 3.43 1
1 280 51.26 5.28 1
1 297 55.57 -3.13 1
1 309 64.11 -51.44 2
1 313 65.01 25.28 1
1 315 60.27 22.17 1
1 331 54.2 10.08 1
1 343 51.28 7.13 1
1 359 49.01 12.06 1
1 363 46.57 7.26 1
1 377 44.29 11.2 1
1 385 40.28 17.15 1
1 396 53.09 23.09 1
1 407 47.3 19.05 1
1 419 45.2 14.27 1
1 426 41.2 19.5 1
1 444 53.54 27.34 1
1 483 50.35 137.02 1
1 504 21.3 39.12 1
1 520 38.05 46.18 1
1 524 30.2 48.16 1
1 527 30.17 57.05 1
1 535 30.11 71.29 1
1 539 24.52 67.03 1
1 557 10.49 78.41 1
1 571 16.04 108.13 1
1 572 10.45 106.4 1
1 574 13.45 100.31 1
1 600 22.38 120.17 1
1 632 34.24 132.27 1
1 635 26.13 127.4 1
1 648 -23.42 133.53 1
1 654 -14.16 -170.42 2
1 660 21.19 -157.52 2
1 663 -17.32 -149.34 2
1 665 -27.07 -109.22 2
2 7 53.33 -113.28 1
2 13 43.39 -79.23 1
2 18 47.34 -52.43 1
2 19 47.36 -122.2 1
2 21 38.35 -121.3 1
2 25 40.46 -111.53 1
2 34 35.28 -97.32 1
2 38 41.53 -87.38 1
2 46 42.21 -71.04 1
2 48 39.57 -75.07 1
2 55 25.4 -100.19 1
2 56 22.13 -97.51 1
2 58 20.4 -103.2 1
2 60 19.03 -98.12 1
2 68 13.42 -89.12 1
2 73 23.08 -82.22 1
2 77 18.32 -72.2 1
2 79 18.28 -66.07 1
2 83 12.06 -68.56 1
2 94 -0.13 -78.3 1
2 100 -13.31 -71.59 1
2 102 -16.3 -68.09 1
2 103 -17.48 -63.1 1
2 110 -38.43 -62.17 1
2 112 -34.5 -56.12 1
2 117 -26.49 -65.13 1
2 121 -25.25 -49.15 1
2 127 -15.35 -56.05 1
2 130 -12.59 -38.31 1
2 134 -5.05 -42.49 1
2 136 -1.27 -48.29 1
2 141 32.38 -16.54 1
2 143 33.39 -7.35 1
2 144 34.02 -6.51 1
2 145 34.05 -4.57 1
2 151 36.48 10.11 1
2 157 29.58 32.33 1
2 158 30.03 31.15 1
2 166 11.36 43.09 1
2 168 14.4 -17.26 1
2 171 16.46 -3.01 1
2 175 8.3 -13.15 1
2 176 6.18 -10.47 1
2 182 12.22 -1.31 1
2 187 6.27 3.24 1
2 191 3.52 11.31 1
2 192 4.22 18.35 1
2 196 0.04 18.16 1
2 197 -5.54 22.25 1
2 201 0.19 32.25 1
2 203 2.01 45.2 1
2 205 -6.1 39.11 1
2 207 -8.48 13.14 1
2 211 -15.25 28.17 1
2 212 -20.09 28.36 1
2 214 -15.47 35 1
2 219 -22.59 14.31 1
2 223 -25.45 28.1 1
2 226 -29.55 30.56 1
2 232 -12.16 49.17 2
2 234 -4.38 55.27 2
2 236 38.43 -9.08 1
2 237 41.11 -8.36 1
2 242 37.53 -4.46 1
2 252 39.34 2.39 1
2 253 42.3 1.31 1
2 254 44.5 -0.34 1
2 256 43.18 5.24 1
2 258 43.42 7.23 1
2 259 42.42 9.27 1
2 261 45.26 4.24 1
2 271 47.19 5.01 1
2 272 48.41 6.12 1
2 274 49.36 6.09 1
2 281 51.55 4.28 1
2 282 52.22 4.54 1
2 287 50.5 -0.08 1
2 289 51.27 -2.35 1
2 292 53.25 -2.55 1
2 295 53.5 -1.35 1
2 296 54.59 -1.35 1
2 299 56.28 -3 1
2 305 53.2 -6.15 1
2 308 64.09 -21.51 1
2 310 76.34 -68.47 1
2 312 68.26 17.25 1
2 314 61.3 23.45 1
2 317 63.25 10.25 1
2 318 60.23 5.2 1
2 321 57.43 11.58 1
2 323 58.25 15.37 1
2 328 55.4 12.35 1
2 330 53.33 9.59 1
2 335 52.07 11.38 1
2 340 51.12 6.47 1
2 342 51.28 7.01 1
2 345 51.31 7.28 1
2 347 50.58 11.01 1
2 353 50.07 8.4 1
2 355 49.48 9.56 1
2 362 46.31 6.38 1
2 366 47.16 11.24 1
2 371 45.03 7.4 1
2 384 41.07 16.52 1
2 386 38.11 15.33 1
2 388 38.07 13.21 1
2 390 53.24 14.32 1
2 394 51.46 19.3 1
2 397 51.06 17 1
2 401 49.45 13.23 1
2 402 50.05 14.26 1
2 404 49.12 16.37 1
2 405 48.09 17.07 1
2 408 47.32 21.38 1
2 411 45.45 21.13 1
2 414 45.48 24.09 1
2 418 46.03 14.31 1
2 422 43.52 18.25 1
2 434 37.58 23.43 1
2 435 35.2 25.09 1
2 438 64.34 40.32 1
2 443 54.41 25.19 1
2 446 50.26 30.31 1
2 447 46.28 30.44 1
2 450 55.45 49.08 1
2 453 50 36.15 1
2 455 44.36 33.32 1
2 456 47.14 39.42 1
2 461 40.23 49.51 1
2 467 55.02 82.55 2
2 468 56.01 92.5 2
2 471 41.2 69.18 2
2 475 52.16 104.2 2
2 477 52.03 113.3 2
2 479 64.45 177.29 2
2 487 41.01 28.58 1
2 489 39.56 32.52 1
2 491 39.45 37.02 1
2 493 37.55 40.14 1
2 494 37.01 35.18 1
2 502 31.46 35.14 1
2 503 24.28 39.36 1
2 507 14.48 42.57 1
2 509 14.32 49.08 2
2 515 29.2 47.59 1
2 518 35.28 44.28 1
2 525 32.4 51.38 2
2 526 29.36 52.32 2
2 529 34.2 62.12 2
2 532 33.36 73.04 2
2 537 27.42 68.52 2
2 538 25.22 68.22 2
2 540 30.19 78.02 2
2 541 28.4 77.13 2
2 542 26.17 73.02 2
2 544 26.28 80.21 2
2 546 25.36 85.07 2
2 547 22.32 88.22 2
2 552 17.23 78.29 2
2 553 17.42 83.18 2
2 563 22.2 91.5 2
2 570 16.28 107.36 2
2 576 3.1 101.42 2
2 579 -0.57 100.21 2
2 581 -6.1 106.48 2
2 583 -7.48 110.22 2
2 589 4.56 114.55 2
2 591 -5.07 119.24 2
2 595 7.04 125.36 2
2 596 10.18 123.54 2
2 602 29.4 91.09 2
2 606 29.39 106.34 2
2 607 25.05 102.4 2
2 611 32.03 118.47 2
2 616 39.08 117.12 2
2 621 39.01 125.45 2
2 622 37.33 126.58 2
2 623 35.06 129.03 2
2 624 43.03 141.21 2
2 626 38.15 140.53 2
2 628 35.1 136.55 2
2 629 36.34 136.39 2
2 633 32.48 129.55 2
2 636 13.28 144.47 2
2 637 -2.32 140.42 2
2 641 -31.56 115.5 2
2 646 -27.28 153.02 2
2 647 -19.16 146.48 2
2 651 -41.18 174.47 2
2 655 -18.08 178.25 2
2 658 -0.32 166.55 2
2 662 -9.45 -139 1
2 664 -25.04 -130.06 1
2 666 -90 0 1
3 1 90 0 1
3 3 64.51 -147.43 1
3 4 61.13 -149.53 1
3 6 49.16 -123.07 1
3 9 50.25 -104.39 1
3 12 58.46 -94.1 1
3 15 45.31 -73.34 1
3 17 44.39 -63.36 1
3 20 47.4 -117.23 1
3 23 34.03 -118.15 1
3 24 32.43 -117.09 1
3 26 33.27 -112.05 1
3 28 35.05 -106.4 1
3 29 31.45 -106.29 1
3 30 46.47 -92.06 1
3 31 44.59 -93.13 1
3 33 39.07 -94.39 1
3 35 32.47 -96.48 1
3 40 35.08 -90.03 1
3 41 29.58 -90.07 1
3 42 42.2 -83.03 1
3 44 39.06 -84.31 1
3 45 33.45 -84.23 1
3 49 38.54 -77.01 1
3 50 30.2 -81.4 1
3 51 25.46 -80.12 1
3 57 22.09 -100.59 1
3 59 19.24 -99.09 1
3 63 17.03 -96.43 1
3 64 17.59 -92.55 1
3 66 17.3 -88.12 1
3 69 14.06 -87.13 1
3 71 9.56 -84.05 1
3 74 22.24 -79.58 1
3 75 20.01 -75.49 1
3 80 14.36 -61.05 1
3 82 10.39 -61.31 1
3 84 4.56 -52.2 1
3 85 5.5 -55.1 1
3 88 10.4 -71.37 1
3 89 10.59 -74.48 1
3 90 6.15 -75.35 1
3 91 4.36 -74.05 1
3 92 3.27 -76.31 1
3 93 -0.56 -91.01 1
3 95 -1.4 -78.38 1
3 101 -16.24 -71.33 1
3 104 -19.35 -65.45 1
3 106 -33.27 -70.4 1
3 108 -53.09 -70.55 1
3 109 -51.42 -57.51 1
3 113 -34.36 -58.27 1
3 114 -32.57 -60.4 1
3 115 -31.24 -64.11 1
3 120 -27.35 -48.34 1
3 123 -22.54 -43.14 1
3 125 -19.55 -43.56 1
3 126 -20.27 -54.37 1
3 128 -16.4 -49.16 1
3 129 -15.47 -47.55 1
3 132 -5.47 -35.13 1
3 133 -3.43 -38.3 1
3 140 28.06 -15.24 1
3 142 31.38 -8 1
3 147 35.43 -0.43 1
3 148 36.47 3.03 1
3 149 22.56 5.3 1
3 150 36.22 6.37 1
3 152 34.44 10.46 1
3 153 32.54 13.11 1
3 154 32.07 20.04 1
3 156 31.16 32.18 1
3 159 24.05 32.53 1
3 160 19.37 37.14 1
3 161 15.36 32.32 1
3 162 13.11 30.13 1
3 163 13.38 25.21 1
3 165 9 38.5 1
3 167 18.06 -15.57 1
3 169 13.28 -16.39 1
3 170 11.51 -15.35 1
3 173 10.23 -9.18 1
3 174 9.31 -13.43 1
3 177 5.19 -4.02 1
3 178 6.41 -1.35 1
3 179 5.33 -0.13 1
3 180 6.08 1.13 1
3 181 6.29 2.37 1
3 183 13.31 2.07 1
3 184 12 8.3 1
3 185 11.51 13.1 1
3 186 12.07 15.03 1
3 189 0.2 6.44 1
3 190 3.45 8.47 1
3 193 0.23 9.27 1
3 194 -4.16 15.17 1
3 198 0.3 25.12 1
3 199 -3.23 29.22 1
3 200 -1.57 30.04 1
3 202 -1.17 36.49 1
3 204 -4.03 39.4 1
3 206 -6.48 39.17 1
3 208 -12.44 15.47 1
3 209 -11.4 27.28 1
3 210 -12.49 28.13 1
3 215 -19.49 34.52 1
3 217 -15.57 -5.42 1
3 220 -22.34 17.06 1
3 221 -26.38 15.1 1
3 222 -24.45 25.55 1
3 224 -26.15 28 1
3 225 -29.12 26.07 1
3 227 -33 27.55 1
3 228 -33.58 25.4 1
3 229 -33.55 18.22 1
3 230 -23.21 43.4 1
3 231 -18.55 47.31 2
3 233 -20.1 57.3 2
3 235 37.44 -25.4 1
3 238 37.23 -5.59 1
3 239 36.32 -6.18 1
3 241 37.13 -3.41 1
3 243 38.21 -0.29 1
3 244 39.28 -0.22 1
3 245 41.23 2.11 1
3 246 41.38 -0.53 1
3 247 40.24 -3.41 1
3 248 41.39 -4.43 1
3 250 43.22 -8.23 1
3 251 38.54 1.26 1
3 257 43.42 7.15 1
3 260 45.5 1.16 1
3 262 45.45 4.51 1
3 263 45.1 5.43 1
3 264 48.24 -4.29 1
3 265 48.05 -1.41 1
3 266 47.13 -1.33 1
3 267 47.23 0.41 1
3 268 49.3 0.08 1
3 269 48.52 2.2 1
3 270 49.15 4.02 1
3 275 50.38 5.34 1
3 276 50.5 4.2 1
3 277 50.38 3.04 1
3 279 51.13 4.25 1
3 283 52.05 5.08 1
3 284 53.13 6.33 1
3 285 50.23 -4.1 1
3 286 50.43 -1.54 1
3 288 51.29 -3.13 1
3 290 51.3 -0.1 1
3 291 52.3 -1.5 1
3 293 53.3 -2.15 1
3 294 53.23 -1.3 1
3 298 55.53 -4.15 1
3 300 57.1 -2.04 1
3 301 60.09 -1.09 1
3 302 62.01 -6.46 1
3 303 51.54 -8.28 1
3 304 52.4 -8.38 1
3 306 54.35 -5.55 1
3 307 55 -7.19 1
3 311 70.4 23.42 1
3 316 60.1 24.58 1
3 319 58.58 5.45 1
3 320 59.55 10.45 1
3 322 55.36 13 1
3 324 59.2 18.03 1
3 325 57.38 18.18 1
3 326 56.09 10.13 1
3 327 55.24 10.23 1
3 329 53.04 8.49 1
3 332 54.05 12.07 1
3 333 51.57 7.37 1
3 334 52.24 9.44 1
3 336 52.31 13.24 1
3 337 50.47 6.05 1
3 338 50.44 7.05 1
3 339 50.56 6.59 1
3 341 51.17 7.17 1
3 344 51.32 7.13 1
3 346 51.19 9.29 1
3 348 51.29 11.58 1
3 349 51.19 12.2 1
3 350 50.5 12.55 1
3 351 51.03 13.44 1
3 352 49.14 6.59 1
3 354 49.25 8.43 1
3 356 49.27 11.04 1
3 357 49.03 8.24 1
3 358 48.46 9.11 1
3 360 48.08 11.34 1
3 361 46.12 6.09 1
3 364 47.33 7.35 1
3 365 47.23 8.32 1
3 367 47.48 13.02 1
3 368 48.18 14.18 1
3 369 48.13 16.2 1
3 370 47.05 15.27 1
3 372 45.28 9.12 1
3 373 45.27 11 1
3 374 45.27 12.21 1
3 375 45.4 13.46 1
3 376 44.25 8.57 1
3 378 43.46 11.15 1
3 379 43.55 12.28 1
3 380 39.2 9 1
3 381 41.54 12.29 1
3 382 40.51 14.17 1
3 383 41.27 15.34 1
3 387 37.3 15.06 1
3 389 35.54 14.31 1
3 391 54.23 18.4 1
3 392 53.08 18 1
3 393 52.25 16.55 1
3 395 52.15 21 1
3 398 50.16 19 1
3 399 50.03 19.58 1
3 400 51.15 22.35 1
3 403 49.5 18.17 1
3 406 48.43 21.15 1
3 409 46.05 18.13 1
3 410 46.15 20.09 1
3 412 46.47 23.36 1
3 413 47.1 27.35 1
3 415 45.39 25.37 1
3 416 44.26 26.06 1
3 417 44.11 28.39 1
3 420 45.48 15.58 1
3 421 43.31 16.27 1
3 423 44.5 20.3 1
3 424 42.38 18.07 1
3 425 41.59 21.26 1
3 427 42.41 23.19 1
3 428 42.09 24.45 1
3 429 43.13 27.55 1
3 430 42.3 27.28 1
3 431 39.36 19.56 1
3 432 40.38 22.56 1
3 433 38.15 21.44 1
3 436 35.1 33.22 1
3 437 68.58 33.05 1
3 439 59.55 30.15 1
3 440 59.25 24.45 1
3 441 56.57 24.06 1
3 442 54.43 20.3 1
3 445 49.5 24 1
3 448 55.45 37.35 1
3 449 56.2 44 1
3 451 53.12 50.09 1
3 452 51.4 39.1 1
3 454 48.27 34.59 1
3 457 48.44 44.25 1
3 458 46.21 48.03 1
3 459 41.43 44.49 1
3 460 40.11 44.3 1
3 462 58 56.15 2
3 463 56.51 60.36 2
3 464 67.27 63.58 2
3 465 69.2 88.06 2
3 466 55 73.24 2
3 469 49.5 73.1 2
3 470 43.15 76.57 2
3 472 39.4 66.48 2
3 473 38.35 68.48 2
3 474 43.48 87.35 2
3 476 47.55 106.53 2
3 478 62.13 129.49 2
3 480 53.01 158.39 2
3 481 59.34 150.48 2
3 482 50.17 127.32 2
3 484 48.27 135.06 2
3 485 46.58 142.42 2
3 486 43.1 131.56 2
3 488 38.25 27.09 1
3 490 38.43 35.3 1
3 492 39.55 41.17 1
3 495 36.12 37.1 1
3 496 34.44 36.43 1
3 497 33.3 36.18 1
3 498 33.53 35.3 1
3 499 31.57 35.56 1
3 500 32.5 35 1
3 501 32.04 34.46 1
3 505 21.27 39.49 1
3 506 15.23 44.12 1
3 508 12.45 45.12 1
3 510 23.37 58.35 2
3 511 25.18 55.18 2
3 512 25.17 51.32 2
3 513 26.13 50.35 2
3 514 24.38 46.43 1
3 516 30.3 47.47 1
3 517 33.21 44.25 1
3 519 36.2 43.08 1
3 521 37.16 49.36 1
3 522 35.4 51.26 2
3 523 34.19 47.04 1
3 528 36.18 59.36 2
3 530 31.32 65.3 2
3 531 34.31 69.12 2
3 533 31.35 74.18 2
3 534 31.25 73.05 2
3 536 30.12 67 2
3 543 26.55 75.49 2
3 545 25.2 83 2
3 548 23.02 72.37 2
3 549 21.09 79.06 2
3 550 20.3 85.5 2
3 551 18.58 72.5 2
3 554 15.21 75.1 2
3 555 12.59 77.35 2
3 556 13.05 80.17 2
3 558 9.56 78.07 2
3 559 6.56 79.51 2
3 560 27.43 85.19 2
3 561 27.28 89.39 2
3 562 23.43 90.25 2
3 564 22 96.05 2
3 565 16.47 96.1 2
3 566 18.47 98.59 2
3 567 19.52 102.08 2
3 568 17.58 102.36 2
3 569 21.02 105.51 2
3 573 11.33 104.55 2
3 575 5.25 100.2 2
3 577 1.17 103.51 2
3 578 3.35 98.4 2
3 580 -2.55 104.45 2
3 582 -6.54 107.36 2
3 584 -7.15 112.45 2
3 585 -8.39 115.13 2
3 586 -10.1 123.35 2
3 587 -3.2 114.35 2
3 588 1.33 110.2 2
3 590 -0.3 117.09 2
3 592 1.29 124.51 2
3 593 -3.43 128.12 2
3 594 -5.4 132.45 2
3 597 10.42 122.34 2
3 598 14.35 121 2
3 599 22.17 114.09 2
3 601 25.03 121.3 2
3 603 36.03 103.41 2
3 604 34.15 108.52 2
3 605 30.39 104.04 2
3 608 23.06 113.16 2
3 609 26.06 119.17 2
3 610 30.36 114.17 2
3 612 31.14 121.28 2
3 613 34.48 113.39 2
3 614 36.06 120.19 2
3 615 37.55 112.3 2
3 617 39.55 116.25 2
3 618 38.53 121.35 2
3 619 41.48 123.27 2
3 620 45.45 126.41 2
3 625 39.43 140.07 2
3 627 35.42 139.46 2
3 630 35 135.45 2
3 631 34.4 135.3 2
3 634 31.36 130.33 2
3 638 -4.12 152.12 2
3 639 -9.3 147.1 2
3 640 -12.28 130.5 2
3 642 -34.55 138.35 2
3 643 -37.49 144.58 2
3 644 -42.53 147.19 2
3 645 -33.52 151.13 2
3 649 -45.52 170.3 2
3 650 -43.32 172.38 2
3 652 -36.52 174.46 2
3 653 -21.08 -175.12 1
3 656 -22.16 166.27 2
3 657 -9.26 159.57 2
3 659 11.35 165.23 2
3 661 1.52 -157.2 1
