1 170 48.09 17.07 2
1 169 49.12 16.37 2
1 134 48.13 16.2 2
1 168 49.5 18.17 2
1 172 47.3 19.05 2
1 163 50.16 19 2
1 162 51.06 17 2
1 135 47.05 15.27 2
1 174 46.05 18.13 2
1 164 50.03 19.58 2
1 133 48.18 14.18 2
1 167 50.05 14.26 2
1 159 51.46 19.3 2
1 185 45.48 15.58 2
1 175 46.15 20.09 2
1 158 52.25 16.55 2
1 171 48.43 21.15 2
1 183 46.03 14.31 2
1 166 49.45 13.23 2
1 173 47.32 21.38 2
1 132 47.48 13.02 2
1 184 45.2 14.27 2
1 157 53.08 18 2
1 116 51.03 13.44 2
1 176 45.45 21.13 2
1 140 45.4 13.46 2
1 188 44.5 20.3 2
1 187 43.52 18.25 2
1 160 52.15 21 2
1 115 50.5 12.55 2
1 124 49.01 12.06 2
1 186 43.31 16.27 2
1 74 64.11 -51.44 3
1 34 48.52 2.2 1
1 32 47.23 0.41 1
1 33 49.3 0.08 1
1 35 49.15 4.02 1
1 42 50.38 3.04 1
1 25 45.5 1.16 1
1 52 50.5 -0.08 1
1 30 48.05 -1.41 1
1 31 47.13 -1.33 1
1 43 51.03 3.43 1
1 41 50.5 4.2 1
1 36 47.19 5.01 1
1 55 51.3 -0.1 1
1 44 51.13 4.25 1
1 26 45.26 4.24 1
1 51 50.43 -1.54 1
1 27 45.45 4.51 1
1 46 51.55 4.28 1
1 40 50.38 5.34 1
1 19 44.5 -0.34 1
1 37 48.41 6.12 1
1 39 49.36 6.09 1
1 45 51.26 5.28 1
1 28 45.1 5.43 1
1 126 46.12 6.09 1
1 20 43.36 1.26 1
1 102 50.47 6.05 1
1 47 52.22 4.54 1
1 117 49.14 6.59 1
1 127 46.31 6.38 1
1 54 51.27 -2.35 1
1 48 52.05 5.08 1
1 56 52.3 -1.5 1
1 104 50.56 6.59 1
1 105 51.12 6.47 1
1 129 47.33 7.35 1
2 101 52.31 13.24 1
2 155 53.24 14.32 1
2 165 51.15 22.35 3
2 114 51.19 12.2 1
2 156 54.23 18.4 3
2 125 48.08 11.34 1
2 139 45.27 12.21 3
2 189 42.38 18.07 3
2 131 47.16 11.24 1
2 121 49.27 11.04 1
2 113 51.29 11.58 1
2 177 46.47 23.36 3
2 112 50.58 11.01 1
2 100 52.07 11.38 1
2 144 43.55 12.28 3
2 161 53.09 23.09 3
2 179 45.48 24.09 3
2 149 41.07 16.52 3
2 148 41.27 15.34 3
2 97 54.05 12.07 1
2 191 41.2 19.5 3
2 120 49.48 9.56 1
2 190 41.59 21.26 3
2 87 55.36 13 1
2 123 48.46 9.11 1
2 150 40.28 17.15 3
2 93 55.4 12.35 1
2 192 42.41 23.19 3
2 146 41.54 12.29 3
2 180 45.39 25.37 3
2 147 40.51 14.17 3
2 90 57.38 18.18 3
2 75 76.34 -68.47 2
2 53 51.29 -3.13 1
2 38 48.35 7.45 1
2 103 50.44 7.05 1
2 128 46.57 7.26 1
2 59 53.23 -1.3 1
2 18 42.3 1.31 1
2 29 48.24 -4.29 1
2 60 53.5 -1.35 1
2 107 51.28 7.01 1
2 50 50.23 -4.1 1
2 21 43.18 5.24 1
2 106 51.17 7.17 1
2 108 51.28 7.13 1
2 109 51.32 7.13 1
2 110 51.31 7.28 1
2 58 53.3 -2.15 1
2 136 45.03 7.4 1
2 122 49.03 8.24 1
2 98 51.57 7.37 1
2 57 53.25 -2.55 1
2 14 43.15 -2.58 1
2 130 47.23 8.32 1
2 49 53.13 6.33 1
2 119 49.25 8.43 1
2 118 50.07 8.4 1
2 10 41.23 2.11 1
2 61 54.59 -1.35 1
2 11 41.38 -0.53 1
2 22 43.42 7.15 1
2 23 43.42 7.23 1
2 141 44.25 8.57 1
2 137 45.28 9.12 1
2 111 51.19 9.29 1
2 94 53.04 8.49 1
2 99 52.24 9.44 1
3 95 53.33 9.59 2
3 96 54.2 10.08 2
3 196 39.36 19.56 3
3 193 42.09 24.45 3
3 197 40.38 22.56 3
3 181 44.26 26.06 3
3 92 55.24 10.23 2
3 88 58.25 15.37 2
3 178 47.1 27.35 3
3 91 56.09 10.13 2
3 86 57.43 11.58 2
3 151 38.11 15.33 3
3 89 59.2 18.03 2
3 198 38.15 21.44 3
3 153 38.07 13.21 3
3 152 37.3 15.06 3
3 194 43.13 27.55 3
3 195 42.3 27.28 3
3 182 44.11 28.39 3
3 199 37.58 23.43 3
3 80 60.27 22.17 2
3 85 59.55 10.45 2
3 154 35.54 14.31 3
3 81 60.1 24.58 2
3 79 61.3 23.45 2
3 200 35.2 25.09 3
3 82 63.25 10.25 2
3 78 65.01 25.28 2
3 77 68.26 17.25 2
3 201 35.1 33.22 3
3 76 70.4 23.42 2
3 62 55.57 -3.13 1
3 17 39.34 2.39 1
3 9 39.28 -0.22 1
3 13 41.39 -4.43 1
3 70 53.2 -6.15 1
3 64 56.28 -3 1
3 63 55.53 -4.15 1
3 12 40.24 -3.41 1
3 71 54.35 -5.55 1
3 24 42.42 9.27 3
3 65 57.1 -2.04 1
3 16 38.54 1.26 1
3 138 45.27 11 3
3 8 38.21 -0.29 1
3 142 44.29 11.2 3
3 68 51.54 -8.28 1
3 143 43.46 11.15 3
3 69 52.4 -8.38 1
3 84 58.58 5.45 2
3 15 43.22 -8.23 1
3 72 55 -7.19 1
3 145 39.2 9 3
3 6 37.13 -3.41 1
3 66 60.09 -1.09 1
3 2 41.11 -8.36 1
3 7 37.53 -4.46 1
3 83 60.23 5.2 2
3 3 37.23 -5.59 1
3 5 36.43 -4.25 1
3 4 36.32 -6.18 1
3 1 38.43 -9.08 1
3 67 62.01 -6.46 1
3 73 64.09 -21.51 1
3 0 37.44 -25.4 1
