1 0 37.44 -25.4 1
1 2 41.11 -8.36 1
1 4 36.32 -6.18 1
1 5 36.43 -4.25 1
1 12 40.24 -3.41 1
1 17 39.34 2.39 1
1 19 44.5 -0.34 1
1 22 43.42 7.15 1
1 23 43.42 7.23 1
1 28 45.1 5.43 1
1 30 48.05 -1.41 1
1 37 48.41 6.12 1
1 40 50.38 5.34 1
1 43 51.03 3.43 1
1 46 51.55 4.28 1
1 47 52.22 4.54 1
1 51 50.43 -1.54 1
1 54 51.27 -2.35 1
1 55 51.3 -0.1 1
1 57 53.25 -2.55 1
1 58 53.3 -2.15 1
1 61 54.59 -1.35 1
1 65 57.1 -2.04 1
1 67 62.01 -6.46 1
1 72 55 -7.19 1
1 77 68.26 17.25 3
1 78 65.01 25.28 3
1 80 60.27 22.17 3
1 86 57.43 11.58 3
1 89 59.2 18.03 3
1 90 57.38 18.18 3
1 91 56.09 10.13 3
1 93 55.4 12.35 3
1 94 53.04 8.49 3
1 96 54.2 10.08 3
1 101 52.31 13.24 3
1 102 50.47 6.05 1
1 105 51.12 6.47 1
1 107 51.28 7.01 1
1 108 51.28 7.13 1
1 110 51.31 7.28 1
1 115 50.5 12.55 3
1 122 49.03 8.24 1
1 125 48.08 11.34 3
1 127 46.31 6.38 1
1 133 48.18 14.18 3
1 136 45.03 7.4 1
1 140 45.4 13.46 2
1 149 41.07 16.52 2
1 152 37.3 15.06 2
1 153 38.07 13.21 2
1 155 53.24 14.32 3
1 161 53.09 23.09 3
1 163 50.16 19 3
1 175 46.15 20.09 2
1 176 45.45 21.13 2
1 181 44.26 26.06 2
1 182 44.11 28.39 2
1 183 46.03 14.31 2
1 186 43.31 16.27 2
1 187 43.52 18.25 2
1 188 44.5 20.3 2
1 189 42.38 18.07 2
1 190 41.59 21.26 2
1 192 42.41 23.19 2
1 195 42.3 27.28 2
1 196 39.36 19.56 2
1 198 38.15 21.44 2
2 9 39.28 -0.22 2
2 11 41.38 -0.53 2
2 16 38.54 1.26 2
2 21 43.18 5.24 2
2 24 42.42 9.27 2
2 31 47.13 -1.33 2
2 33 49.3 0.08 2
2 34 48.52 2.2 2
2 36 47.19 5.01 2
2 38 48.35 7.45 2
2 39 49.36 6.09 2
2 41 50.5 4.2 2
2 45 51.26 5.28 2
2 50 50.23 -4.1 3
2 62 55.57 -3.13 3
2 68 51.54 -8.28 3
2 69 52.4 -8.38 3
2 71 54.35 -5.55 3
2 73 64.09 -21.51 3
2 76 70.4 23.42 1
2 79 61.3 23.45 1
2 82 63.25 10.25 2
2 87 55.36 13 2
2 92 55.24 10.23 2
2 95 53.33 9.59 2
2 99 52.24 9.44 2
2 100 52.07 11.38 2
2 109 51.32 7.13 2
2 111 51.19 9.29 2
2 112 50.58 11.01 2
2 114 51.19 12.2 2
2 117 49.14 6.59 2
2 118 50.07 8.4 2
2 126 46.12 6.09 2
2 128 46.57 7.26 2
2 129 47.33 7.35 2
2 132 47.48 13.02 2
2 135 47.05 15.27 1
2 139 45.27 12.21 2
2 142 44.29 11.2 2
2 143 43.46 11.15 2
2 154 35.54 14.31 1
2 156 54.23 18.4 1
2 158 52.25 16.55 1
2 164 50.03 19.58 1
2 165 51.15 22.35 1
2 166 49.45 13.23 2
2 168 49.5 18.17 1
2 169 49.12 16.37 1
2 170 48.09 17.07 1
2 172 47.3 19.05 1
2 173 47.32 21.38 1
2 174 46.05 18.13 1
2 177 46.47 23.36 1
2 178 47.1 27.35 1
2 179 45.48 24.09 1
2 180 45.39 25.37 1
2 184 45.2 14.27 1
2 185 45.48 15.58 1
2 191 41.2 19.5 1
2 193 42.09 24.45 1
2 194 43.13 27.55 1
2 197 40.38 22.56 1
2 199 37.58 23.43 1
2 200 35.2 25.09 1
2 201 35.1 33.22 1
3 1 38.43 -9.08 1
3 3 37.23 -5.59 1
3 6 37.13 -3.41 1
3 7 37.53 -4.46 1
3 8 38.21 -0.29 1
3 10 41.23 2.11 1
3 13 41.39 -4.43 1
3 14 43.15 -2.58 1
3 15 43.22 -8.23 1
3 18 42.3 1.31 1
3 20 43.36 1.26 1
3 25 45.5 1.16 1
3 26 45.26 4.24 1
3 27 45.45 4.51 1
3 29 48.24 -4.29 1
3 32 47.23 0.41 1
3 35 49.15 4.02 1
3 42 50.38 3.04 1
3 44 51.13 4.25 1
3 48 52.05 5.08 3
3 49 53.13 6.33 3
3 52 50.5 -0.08 1
3 53 51.29 -3.13 1
3 56 52.3 -1.5 1
3 59 53.23 -1.3 1
3 60 53.5 -1.35 1
3 63 55.53 -4.15 1
3 64 56.28 -3 1
3 66 60.09 -1.09 1
3 70 53.2 -6.15 1
3 74 64.11 -51.44 2
3 75 76.34 -68.47 2
3 81 60.1 24.58 3
3 83 60.23 5.2 3
3 84 58.58 5.45 3
3 85 59.55 10.45 3
3 88 58.25 15.37 3
3 97 54.05 12.07 3
3 98 51.57 7.37 3
3 103 50.44 7.05 3
3 104 50.56 6.59 3
3 106 51.17 7.17 3
3 113 51.29 11.58 3
3 116 51.03 13.44 3
3 119 49.25 8.43 3
3 120 49.48 9.56 3
3 121 49.27 11.04 3
3 123 48.46 9.11 3
3 124 49.01 12.06 3
3 130 47.23 8.32 3
3 131 47.16 11.24 3
3 134 48.13 16.2 3
3 137 45.28 9.12 3
3 138 45.27 11 3
3 141 44.25 8.57 3
3 144 43.55 12.28 3
3 145 39.2 9 3
3 146 41.54 12.29 3
3 147 40.51 14.17 3
3 148 41.27 15.34 3
3 150 40.28 17.15 3
3 151 38.11 15.33 3
3 157 53.08 18 3
3 159 51.46 19.3 3
3 160 52.15 21 3
3 162 51.06 17 3
3 167 50.05 14.26 3
3 171 48.43 21.15 3
