1 10 19 65 2
1 19 32 61 2
1 22 32 149 1
1 23 35 153 1
1 24 33 154 1
1 45 85 115 3
1 48 74 96 3
1 53 99 128 3
1 58 111 126 3
1 59 115 117 3
1 60 117 115 3
1 2 5 63 2
1 3 10 59 2
1 6 13 69 2
1 11 22 74 2
1 12 27 72 2
1 15 27 55 2
1 20 36 72 2
1 18 31 60 2
1 25 38 151 1
1 26 41 150 1
1 27 38 145 1
1 28 38 143 1
1 31 44 156 1
1 33 44 143 1
1 38 53 144 1
1 40 55 155 1
1 41 54 124 1
1 46 85 96 3
1 49 97 122 3
1 50 98 116 3
1 61 70 4 4
1 63 83 21 4
1 64 61 15 4
1 68 58 13 4
1 74 72 31 4
1 73 76 27 4
1 72 61 25 4
2 32 44 149 3
2 34 46 142 3
2 35 47 149 3
2 37 50 142 3
2 52 99 119 4
2 54 101 115 4
2 57 108 116 4
2 66 78 16 1
2 75 64 30 1
2 1 4 53 2
2 4 9 77 2
2 5 13 49 2
2 7 12 88 2
2 8 15 75 2
2 9 18 61 2
2 13 28 76 2
2 14 24 58 2
2 16 28 60 2
2 17 30 52 2
2 21 28 147 3
2 29 32 143 3
2 36 49 152 3
2 30 34 141 3
2 43 63 139 3
2 39 52 152 3
2 42 60 136 3
2 44 86 132 4
2 56 110 111 4
2 47 78 94 4
2 55 108 111 4
2 51 98 124 4
2 62 77 12 1
2 65 69 15 1
2 67 66 18 1
2 69 64 20 1
2 70 69 21 1
2 71 66 23 1
