1 2 5 63 3
1 4 9 77 3
1 5 13 49 3
1 9 18 61 3
1 10 19 65 3
1 11 22 74 3
1 13 28 76 3
1 16 28 60 3
1 17 30 52 3
1 19 32 61 3
1 21 28 147 2
1 23 35 153 2
1 25 38 151 2
1 28 38 143 2
1 30 34 141 2
1 32 44 149 2
1 34 46 142 2
1 36 49 152 2
1 37 50 142 2
1 39 52 152 2
1 42 60 136 2
1 44 86 132 4
1 46 85 96 4
1 48 74 96 4
1 49 97 122 4
1 50 98 116 4
1 53 99 128 4
1 55 108 111 4
1 57 108 116 4
1 59 115 117 4
1 62 77 12 1
1 64 61 15 1
1 66 78 16 1
1 67 66 18 1
1 70 69 21 1
1 72 61 25 1
1 74 72 31 1
2 1 4 53 1
2 3 10 59 1
2 6 13 69 1
2 7 12 88 1
2 8 15 75 1
2 12 27 72 1
2 14 24 58 1
2 15 27 55 1
2 18 31 60 1
2 20 36 72 1
2 22 32 149 4
2 24 33 154 4
2 26 41 150 4
2 27 38 145 4
2 29 32 143 4
2 31 44 156 4
2 33 44 143 4
2 35 47 149 4
2 38 53 144 4
2 40 55 155 4
2 41 54 124 4
2 43 63 139 4
2 45 85 115 2
2 47 78 94 2
2 51 98 124 2
2 52 99 119 2
2 54 101 115 2
2 56 110 111 2
2 58 111 126 2
2 60 117 115 2
2 61 70 4 3
2 63 83 21 3
2 65 69 15 3
2 68 58 13 3
2 69 64 20 3
2 71 66 23 3
2 73 76 27 3
2 75 64 30 3
