1 15 27 55 1
1 1 4 53 1
1 2 5 63 1
1 20 36 72 1
1 6 13 69 1
1 7 12 88 1
1 17 30 52 1
1 9 18 61 1
1 12 27 72 1
1 19 32 61 1
1 16 28 60 1
1 61 70 4 3
1 63 83 21 3
1 65 69 15 3
1 67 66 18 3
1 69 64 20 3
1 70 69 21 3
1 75 64 30 3
1 38 53 144 4
1 42 60 136 4
1 21 28 147 4
1 23 35 153 4
1 25 38 151 4
1 26 41 150 4
1 28 38 143 4
1 30 34 141 4
1 32 44 149 4
1 39 52 152 4
1 43 63 139 4
1 57 108 116 2
1 44 86 132 2
1 46 85 96 2
1 48 74 96 2
1 58 111 126 2
1 52 99 119 2
1 54 101 115 2
1 59 115 117 2
1 60 117 115 2
2 3 10 59 2
2 4 9 77 2
2 5 13 49 2
2 8 15 75 2
2 10 19 65 2
2 11 22 74 2
2 13 28 76 2
2 14 24 58 2
2 18 31 60 2
2 71 66 23 3
2 62 77 12 3
2 64 61 15 3
2 66 78 16 3
2 68 58 13 3
2 73 76 27 3
2 72 61 25 3
2 74 72 31 3
2 33 44 143 1
2 34 46 142 1
2 35 47 149 1
2 22 32 149 1
2 24 33 154 1
2 31 44 156 1
2 27 38 145 1
2 29 32 143 1
2 36 49 152 1
2 37 50 142 1
2 40 55 155 1
2 41 54 124 1
2 45 85 115 4
2 47 78 94 4
2 49 97 122 4
2 50 98 116 4
2 51 98 124 4
2 53 99 128 4
2 55 108 111 4
2 56 110 111 4
