1 63 83 21 1
1 72 61 25 1
1 62 77 12 1
1 61 70 4 1
1 67 66 18 1
1 74 72 31 1
1 68 58 13 1
1 75 64 30 1
1 27 38 145 4
1 40 55 155 4
1 43 63 139 4
1 38 53 144 4
1 42 60 136 4
1 21 28 147 4
1 34 46 142 4
1 29 32 143 4
1 23 35 153 4
1 33 44 143 4
1 32 44 149 4
1 24 33 154 4
1 51 98 124 2
1 56 110 111 2
1 55 108 111 2
1 50 98 116 2
1 52 99 119 2
1 44 86 132 2
1 54 101 115 2
1 46 85 96 2
1 19 32 61 3
1 7 12 88 3
1 11 22 74 3
1 20 36 72 3
1 1 4 53 3
1 18 31 60 3
1 9 18 61 3
1 6 13 69 3
1 5 13 49 3
1 10 19 65 3
2 65 69 15 2
2 66 78 16 2
2 70 69 21 2
2 69 64 20 2
2 73 76 27 2
2 71 66 23 2
2 64 61 15 2
2 39 52 152 4
2 22 32 149 4
2 36 49 152 4
2 26 41 150 4
2 25 38 151 4
2 28 38 143 4
2 35 47 149 4
2 31 44 156 4
2 37 50 142 4
2 41 54 124 4
2 30 34 141 4
2 58 111 126 1
2 59 115 117 1
2 48 74 96 1
2 60 117 115 1
2 47 78 94 1
2 57 108 116 1
2 53 99 128 1
2 49 97 122 1
2 45 85 115 1
2 17 30 52 3
2 3 10 59 3
2 13 28 76 3
2 15 27 55 3
2 2 5 63 3
2 12 27 72 3
2 4 9 77 3
2 14 24 58 3
2 16 28 60 3
2 8 15 75 3
