1 61 70 4 4
1 62 77 12 4
1 63 83 21 4
1 68 58 13 4
1 71 66 23 4
1 72 61 25 4
1 73 76 27 4
1 75 64 30 4
1 44 86 132 3
1 47 78 94 3
1 48 74 96 3
1 49 97 122 3
1 53 99 128 3
1 54 101 115 3
1 56 110 111 3
1 59 115 117 3
1 60 117 115 3
1 21 28 147 2
1 22 32 149 2
1 23 35 153 2
1 24 33 154 2
1 29 32 143 2
1 30 34 141 2
1 34 46 142 2
1 36 49 152 2
1 37 50 142 2
1 38 53 144 2
1 39 52 152 2
1 40 55 155 2
1 2 5 63 1
1 6 13 69 1
1 7 12 88 1
1 9 18 61 1
1 10 19 65 1
1 11 22 74 1
1 14 24 58 1
1 16 28 60 1
1 17 30 52 1
1 18 31 60 1
2 64 61 15 3
2 65 69 15 3
2 66 78 16 3
2 67 66 18 3
2 69 64 20 3
2 70 69 21 3
2 74 72 31 3
2 45 85 115 1
2 46 85 96 1
2 50 98 116 1
2 51 98 124 1
2 52 99 119 1
2 55 108 111 1
2 57 108 116 1
2 58 111 126 1
2 25 38 151 2
2 26 41 150 2
2 27 38 145 2
2 28 38 143 2
2 31 44 156 2
2 32 44 149 2
2 33 44 143 2
2 35 47 149 2
2 41 54 124 2
2 42 60 136 2
2 43 63 139 2
2 1 4 53 4
2 3 10 59 4
2 4 9 77 4
2 5 13 49 4
2 8 15 75 4
2 12 27 72 4
2 13 28 76 4
2 15 27 55 4
2 19 32 61 4
2 20 36 72 4
