1 2 5 63 4
1 4 9 77 4
1 5 13 49 4
1 6 13 69 4
1 10 19 65 4
1 12 27 72 4
1 13 28 76 4
1 14 24 58 4
1 18 31 60 4
1 19 32 61 4
1 25 38 151 2
1 26 41 150 2
1 27 38 145 2
1 28 38 143 2
1 32 44 149 2
1 33 44 143 2
1 34 46 142 2
1 35 47 149 2
1 36 49 152 2
1 37 50 142 2
1 38 53 144 2
1 46 85 96 1
1 49 97 122 1
1 50 98 116 1
1 51 98 124 1
1 52 99 119 1
1 54 101 115 1
1 55 108 111 1
1 57 108 116 1
1 61 70 4 3
1 63 83 21 3
1 64 61 15 3
1 66 78 16 3
1 68 58 13 3
1 72 61 25 3
1 74 72 31 3
1 75 64 30 3
2 1 4 53 4
2 3 10 59 4
2 7 12 88 4
2 8 15 75 4
2 9 18 61 4
2 11 22 74 4
2 15 27 55 4
2 16 28 60 4
2 17 30 52 4
2 20 36 72 4
2 21 28 147 2
2 22 32 149 2
2 23 35 153 2
2 24 33 154 2
2 29 32 143 2
2 30 34 141 2
2 31 44 156 2
2 39 52 152 2
2 40 55 155 2
2 41 54 124 2
2 42 60 136 2
2 43 63 139 2
2 44 86 132 3
2 45 85 115 3
2 47 78 94 3
2 48 74 96 3
2 53 99 128 3
2 56 110 111 3
2 58 111 126 3
2 59 115 117 3
2 60 117 115 3
2 62 77 12 1
2 65 69 15 1
2 67 66 18 1
2 69 64 20 1
2 70 69 21 1
2 71 66 23 1
2 73 76 27 1
