1 3 10 59 3
1 4 9 77 3
1 5 13 49 3
1 7 12 88 3
1 9 18 61 3
1 11 22 74 3
1 14 24 58 3
1 16 28 60 3
1 17 30 52 3
1 20 36 72 3
1 62 77 12 4
1 65 69 15 4
1 67 66 18 4
1 69 64 20 4
1 70 69 21 4
1 71 66 23 4
1 73 76 27 4
1 44 86 132 1
1 45 85 115 1
1 47 78 94 1
1 48 74 96 1
1 53 99 128 1
1 56 110 111 1
1 58 111 126 1
1 59 115 117 1
1 60 117 115 1
1 25 38 151 2
1 26 41 150 2
1 27 38 145 2
1 28 38 143 2
1 32 44 149 2
1 33 44 143 2
1 34 46 142 2
1 35 47 149 2
1 36 49 152 2
1 37 50 142 2
1 38 53 144 2
2 1 4 53 4
2 2 5 63 4
2 6 13 69 4
2 8 15 75 4
2 10 19 65 4
2 12 27 72 4
2 13 28 76 4
2 15 27 55 4
2 18 31 60 4
2 19 32 61 4
2 61 70 4 3
2 63 83 21 3
2 64 61 15 3
2 66 78 16 3
2 68 58 13 3
2 72 61 25 3
2 74 72 31 3
2 75 64 30 3
2 46 85 96 1
2 49 97 122 1
2 50 98 116 1
2 51 98 124 1
2 52 99 119 1
2 54 101 115 1
2 55 108 111 1
2 57 108 116 1
2 21 28 147 2
2 22 32 149 2
2 23 35 153 2
2 24 33 154 2
2 29 32 143 2
2 30 34 141 2
2 31 44 156 2
2 39 52 152 2
2 40 55 155 2
2 41 54 124 2
2 42 60 136 2
2 43 63 139 2
