1 6 13 69 3
1 10 19 65 3
1 14 24 58 3
1 18 31 60 3
1 23 35 153 4
1 25 38 151 4
1 26 41 150 4
1 31 44 156 4
1 41 54 124 4
1 42 60 136 4
1 43 63 139 4
1 45 85 115 2
1 46 85 96 2
1 51 98 124 2
1 52 99 119 2
1 70 69 21 1
1 74 72 31 1
1 8 15 75 3
1 2 5 63 3
1 11 22 74 3
1 9 18 61 3
1 16 28 60 3
1 21 28 147 4
1 24 33 154 4
1 27 38 145 4
1 33 44 143 4
1 40 55 155 4
1 54 101 115 2
1 50 98 116 2
1 55 108 111 2
1 57 108 116 2
1 61 70 4 1
1 65 69 15 1
1 67 66 18 1
1 69 64 20 1
1 73 76 27 1
2 3 10 59 2
2 5 13 49 2
2 7 12 88 2
2 12 27 72 2
2 13 28 76 2
2 20 36 72 2
2 28 38 143 1
2 29 32 143 1
2 30 34 141 1
2 34 46 142 1
2 37 50 142 1
2 39 52 152 1
2 47 78 94 3
2 48 74 96 3
2 53 99 128 3
2 59 115 117 3
2 60 117 115 3
2 63 83 21 4
2 68 58 13 4
2 1 4 53 2
2 17 30 52 2
2 4 9 77 2
2 15 27 55 2
2 19 32 61 2
2 38 53 144 1
2 22 32 149 1
2 32 44 149 1
2 35 47 149 1
2 36 49 152 1
2 44 86 132 3
2 49 97 122 3
2 56 110 111 3
2 58 111 126 3
2 72 61 25 4
2 62 77 12 4
2 64 61 15 4
2 66 78 16 4
2 75 64 30 4
2 71 66 23 4
