1 10 19 65 1
1 17 30 52 1
1 20 36 72 1
1 22 32 149 2
1 26 41 150 2
1 32 44 149 2
1 34 46 142 2
1 36 49 152 2
1 37 50 142 2
1 42 60 136 2
1 44 86 132 3
1 49 97 122 3
1 50 98 116 3
1 56 110 111 3
1 57 108 116 3
1 59 115 117 3
1 66 78 16 4
1 67 66 18 4
1 68 58 13 4
1 71 66 23 4
1 75 64 30 4
1 1 4 53 1
1 3 10 59 1
1 4 9 77 1
1 48 74 96 3
1 8 15 75 1
1 12 27 72 1
1 14 24 58 1
1 18 31 60 1
1 29 32 143 2
1 23 35 153 2
1 28 38 143 2
1 39 52 152 2
1 46 85 96 3
1 51 98 124 3
1 73 76 27 4
1 65 69 15 4
2 9 18 61 4
2 11 22 74 4
2 19 32 61 4
2 30 34 141 1
2 31 44 156 1
2 33 44 143 1
2 35 47 149 1
2 38 53 144 1
2 41 54 124 1
2 43 63 139 1
2 45 85 115 3
2 52 99 119 3
2 54 101 115 3
2 55 108 111 3
2 58 111 126 3
2 60 117 115 3
2 61 70 4 2
2 62 77 12 2
2 69 64 20 2
2 70 69 21 2
2 72 61 25 2
2 74 72 31 2
2 24 33 154 1
2 2 5 63 4
2 5 13 49 4
2 6 13 69 4
2 7 12 88 4
2 13 28 76 4
2 15 27 55 4
2 16 28 60 4
2 21 28 147 1
2 25 38 151 1
2 27 38 145 1
2 40 55 155 1
2 47 78 94 3
2 53 99 128 3
2 63 83 21 2
2 64 61 15 2
