378 670.992 170.261 1 0 0 0 0 0 0
250 647.346 158.452 1 0 0 0 0 0 0
249 647.346 170.262 1 0 0 0 0 0 0
377 694.64 170.261 1 0 0 0 0 0 0
273 641.434 164.357 1 0 0 0 0 0 0
274 641.434 152.547 1 0 0 0 0 0 0
252 635.522 158.452 1 0 0 0 0 0 0
251 635.522 170.262 1 0 0 0 0 0 0
275 629.611 164.357 1 0 0 0 0 0 0
276 629.611 152.547 1 0 0 0 0 0 0
254 623.699 158.452 1 0 0 0 0 0 0
253 623.699 170.262 1 0 0 0 0 0 0
398 718.287 158.451 1 0 0 0 0 0 0
277 617.787 164.357 1 0 0 0 0 0 0
278 617.787 152.547 1 0 0 0 0 0 0
256 611.875 158.452 1 0 0 0 0 0 0
255 611.875 170.262 1 0 0 0 0 0 0
376 730.111 170.261 1 0 0 0 0 0 0
279 605.963 164.357 1 0 0 0 0 0 0
280 605.963 152.547 1 0 0 0 0 0 0
258 600.051 158.452 1 0 0 0 0 0 0
257 600.051 170.262 1 0 0 0 0 0 0
397 741.934 158.451 1 0 0 0 0 0 0
375 741.934 170.261 1 0 0 0 0 0 0
281 594.14 164.357 1 0 0 0 0 0 0
282 594.14 152.547 1 0 0 0 0 0 0
260 588.228 158.452 1 0 0 0 0 0 0
15 1067.08 1929.96 0 0 0 0 0 0 1
9 1043.44 1941.77 0 0 0 0 0 0 1
6 1090.73 1953.58 0 0 0 0 0 0 1
17 1049.35 1924.06 0 0 0 0 0 0 1
4 1096.64 1959.49 0 0 0 0 0 0 1
18 1037.53 1924.06 0 0 0 0 0 0 1
5 1102.56 1953.58 0 0 0 0 0 0 1
20 1090.73 1918.15 0 0 0 0 0 0 1
0 1025.7 1971.3 0 0 0 0 0 0 1
7 1019.79 1953.58 0 0 0 0 0 0 1
25 1049.35 1900.44 0 0 0 0 0 0 1
23 1031.61 1906.34 0 0 0 0 0 0 1
30 1078.91 1882.72 0 0 0 0 0 0 1
12 1132.11 1935.87 0 0 0 0 0 0 1
19 1126.2 1918.15 0 0 0 0 0 0 1
27 1114.38 1894.53 0 0 0 0 0 0 1
367 1652.36 170.261 0 0 0 0 1 0 0
201 1628.71 170.262 0 0 0 0 1 0 0
202 1628.71 158.452 0 0 0 0 1 0 0
366 1676 170.261 0 0 0 0 1 0 0
225 1622.8 164.357 0 0 0 0 1 0 0
226 1622.8 152.547 0 0 0 0 1 0 0
203 1616.89 170.262 0 0 0 0 1 0 0
204 1616.89 158.452 0 0 0 0 1 0 0
227 1610.97 164.357 0 0 0 0 1 0 0
228 1610.97 152.547 0 0 0 0 1 0 0
205 1605.06 170.262 0 0 0 0 1 0 0
206 1605.06 158.452 0 0 0 0 1 0 0
392 1699.65 158.451 0 0 0 0 1 0 0
229 1599.15 164.357 0 0 0 0 1 0 0
230 1599.15 152.547 0 0 0 0 1 0 0
207 1593.24 170.262 0 0 0 0 1 0 0
208 1593.24 158.452 0 0 0 0 1 0 0
365 1711.47 170.261 0 0 0 0 1 0 0
231 1587.33 164.357 0 0 0 0 1 0 0
232 1587.33 152.547 0 0 0 0 1 0 0
209 1581.41 170.262 0 0 0 0 1 0 0
210 1581.41 158.452 0 0 0 0 1 0 0
364 1723.3 170.261 0 0 0 0 1 0 0
391 1723.3 158.451 0 0 0 0 1 0 0
233 1575.5 164.357 0 0 0 0 1 0 0
234 1575.5 152.547 0 0 0 0 1 0 0
211 1569.59 170.262 0 0 0 0 1 0 0
83 1167.59 766.67 0 0 1 0 0 0 0
77 1185.32 772.576 0 0 1 0 0 0 0
87 1161.67 760.765 0 0 1 0 0 0 0
65 1132.11 790.29 0 0 1 0 0 0 0
82 1191.23 766.67 0 0 1 0 0 0 0
90 1179.41 754.861 0 0 1 0 0 0 0
94 1173.5 748.955 0 0 1 0 0 0 0
69 1114.38 784.386 0 0 1 0 0 0 0
62 1114.38 796.196 0 0 1 0 0 0 0
95 1132.11 743.05 0 0 1 0 0 0 0
81 1214.88 766.67 0 0 1 0 0 0 0
66 1108.47 790.29 0 0 1 0 0 0 0
96 1120.29 743.05 0 0 1 0 0 0 0
73 1096.64 778.481 0 0 1 0 0 0 0
76 1232.62 772.576 0 0 1 0 0 0 0
86 1232.62 760.765 0 0 1 0 0 0 0
63 1090.73 796.196 0 0 1 0 0 0 0
48 759.67 1398.51 0 0 0 1 0 0 0
45 753.758 1416.22 0 0 0 1 0 0 0
50 753.758 1274.5 0 0 0 1 0 0 0
51 659.169 1250.88 0 0 0 1 0 0 0
49 605.962 1398.51 0 0 0 1 0 0 0
42 617.786 1445.75 0 0 0 1 0 0 0
307 1652.36 2048.06 0 1 0 0 0 0 0
106 1628.71 2036.25 0 1 0 0 0 0 0
130 1622.8 2030.35 0 1 0 0 0 0 0
105 1628.71 2048.06 0 1 0 0 0 0 0
129 1622.8 2042.16 0 1 0 0 0 0 0
306 1676 2048.06 0 1 0 0 0 0 0
108 1616.89 2036.25 0 1 0 0 0 0 0
132 1610.97 2030.35 0 1 0 0 0 0 0
107 1616.89 2048.06 0 1 0 0 0 0 0
131 1610.97 2042.16 0 1 0 0 0 0 0
110 1605.06 2036.25 0 1 0 0 0 0 0
332 1699.65 2036.25 0 1 0 0 0 0 0
134 1599.15 2030.35 0 1 0 0 0 0 0
109 1605.06 2048.06 0 1 0 0 0 0 0
133 1599.15 2042.16 0 1 0 0 0 0 0
112 1593.24 2036.25 0 1 0 0 0 0 0
111 1593.24 2048.06 0 1 0 0 0 0 0
136 1587.33 2030.35 0 1 0 0 0 0 0
305 1711.47 2048.06 0 1 0 0 0 0 0
135 1587.33 2042.16 0 1 0 0 0 0 0
114 1581.41 2036.25 0 1 0 0 0 0 0
113 1581.41 2048.06 0 1 0 0 0 0 0
331 1723.3 2036.25 0 1 0 0 0 0 0
138 1575.5 2030.35 0 1 0 0 0 0 0
304 1723.3 2048.06 0 1 0 0 0 0 0
137 1575.5 2042.16 0 1 0 0 0 0 0
116 1569.59 2036.25 0 1 0 0 0 0 0
115 1569.59 2048.06 0 1 0 0 0 0 0
180 629.611 2030.35 0 0 0 0 0 1 0
178 641.434 2030.35 0 0 0 0 0 1 0
156 635.522 2036.25 0 0 0 0 0 1 0
158 623.699 2036.25 0 0 0 0 0 1 0
182 617.787 2030.35 0 0 0 0 0 1 0
179 629.611 2042.16 0 0 0 0 0 1 0
154 647.346 2036.25 0 0 0 0 0 1 0
177 641.434 2042.16 0 0 0 0 0 1 0
155 635.522 2048.06 0 0 0 0 0 1 0
181 617.787 2042.16 0 0 0 0 0 1 0
160 611.875 2036.25 0 0 0 0 0 1 0
157 623.699 2048.06 0 0 0 0 0 1 0
153 647.346 2048.06 0 0 0 0 0 1 0
184 605.963 2030.35 0 0 0 0 0 1 0
159 611.875 2048.06 0 0 0 0 0 1 0
183 605.963 2042.16 0 0 0 0 0 1 0
162 600.051 2036.25 0 0 0 0 0 1 0
186 594.14 2030.35 0 0 0 0 0 1 0
161 600.051 2048.06 0 0 0 0 0 1 0
185 594.14 2042.16 0 0 0 0 0 1 0
318 670.992 2048.06 0 0 0 0 0 1 0
164 588.228 2036.25 0 0 0 0 0 1 0
163 588.228 2048.06 0 0 0 0 0 1 0
188 582.316 2030.35 0 0 0 0 0 1 0
259 588.228 170.262 0 0 0 1 0 0 0
283 582.316 164.357 0 0 0 1 0 0 0
284 582.316 152.547 0 0 0 1 0 0 0
262 576.404 158.452 0 0 0 1 0 0 0
261 576.404 170.262 0 0 0 1 0 0 0
396 765.581 158.451 0 0 0 1 0 0 0
374 765.581 170.261 0 0 0 1 0 0 0
285 570.492 164.357 0 0 0 1 0 0 0
286 570.492 152.547 0 0 0 1 0 0 0
386 771.494 164.357 0 0 0 1 0 0 0
416 771.494 152.546 0 0 0 1 0 0 0
264 564.581 158.452 0 0 0 1 0 0 0
263 564.581 170.262 0 0 0 1 0 0 0
287 558.669 164.357 0 0 0 1 0 0 0
288 558.669 152.547 0 0 0 1 0 0 0
415 783.317 152.546 0 0 0 1 0 0 0
266 552.757 158.452 0 0 0 1 0 0 0
265 552.757 170.262 0 0 0 1 0 0 0
289 546.845 164.357 0 0 0 1 0 0 0
290 546.845 152.547 0 0 0 1 0 0 0
385 795.141 164.357 0 0 0 1 0 0 0
414 795.141 152.546 0 0 0 1 0 0 0
268 540.933 158.452 0 0 0 1 0 0 0
267 540.933 170.262 0 0 0 1 0 0 0
373 801.053 170.261 0 0 0 1 0 0 0
291 535.022 164.357 0 0 0 1 0 0 0
24 996.143 1906.34 0 0 0 0 1 0 0
21 984.319 1918.15 0 0 0 0 1 0 0
31 1013.88 1876.82 0 0 0 0 1 0 0
1 1161.67 1965.39 0 0 0 0 1 0 0
3 1167.59 1959.49 0 0 0 0 1 0 0
11 1167.59 1935.87 0 0 0 0 1 0 0
16 1179.41 1924.06 0 0 0 0 1 0 0
2 1191.23 1959.49 0 0 0 0 1 0 0
26 1185.32 1894.53 0 0 0 0 1 0 0
8 1232.62 1941.77 0 0 0 0 1 0 0
348 913.377 2030.35 0 0 0 0 1 0 0
10 1238.53 1935.87 0 0 0 0 1 0 0
14 1244.44 1929.96 0 0 0 0 1 0 0
308 907.466 2048.06 0 0 0 0 1 0 0
333 895.642 2036.25 0 0 0 0 1 0 0
212 1569.59 158.452 1 0 0 0 0 0 0
235 1563.68 164.357 1 0 0 0 0 0 0
236 1563.68 152.547 1 0 0 0 0 0 0
213 1557.77 170.262 1 0 0 0 0 0 0
214 1557.77 158.452 1 0 0 0 0 0 0
363 1746.95 170.261 1 0 0 0 0 0 0
390 1746.95 158.451 1 0 0 0 0 0 0
237 1551.85 164.357 1 0 0 0 0 0 0
238 1551.85 152.547 1 0 0 0 0 0 0
382 1752.86 164.357 1 0 0 0 0 0 0
407 1752.86 152.546 1 0 0 0 0 0 0
215 1545.94 170.262 1 0 0 0 0 0 0
216 1545.94 158.452 1 0 0 0 0 0 0
239 1540.03 164.357 1 0 0 0 0 0 0
240 1540.03 152.547 1 0 0 0 0 0 0
406 1764.68 152.546 1 0 0 0 0 0 0
217 1534.12 170.262 1 0 0 0 0 0 0
218 1534.12 158.452 1 0 0 0 0 0 0
241 1528.21 164.357 1 0 0 0 0 0 0
242 1528.21 152.547 1 0 0 0 0 0 0
381 1776.51 164.357 1 0 0 0 0 0 0
405 1776.51 152.546 1 0 0 0 0 0 0
219 1522.3 170.262 1 0 0 0 0 0 0
220 1522.3 158.452 1 0 0 0 0 0 0
362 1782.42 170.261 1 0 0 0 0 0 0
243 1516.38 164.357 1 0 0 0 0 0 0
72 1238.53 778.481 0 0 0 0 0 1 0
84 1084.82 766.67 0 0 0 0 0 1 0
78 1078.91 772.576 0 0 0 0 0 1 0
93 1244.44 748.955 0 0 0 0 0 1 0
89 1250.35 754.861 0 0 0 0 0 1 0
85 1073 766.67 0 0 0 0 0 1 0
88 1262.18 754.861 0 0 0 0 0 1 0
68 1268.09 784.386 0 0 0 0 0 1 0
79 1055.26 772.576 0 0 0 0 0 1 0
64 1274 790.29 0 0 0 0 0 1 0
92 1268.09 748.955 0 0 0 0 0 1 0
74 1049.35 778.481 0 0 0 0 0 1 0
60 1037.53 802.101 0 0 0 0 0 1 0
70 1031.61 784.386 0 0 0 0 0 1 0
91 1025.7 754.861 0 0 0 0 0 1 0
99 1037.53 719.43 0 0 0 0 0 1 0
47 594.138 1410.32 0 1 0 0 0 0 0
54 611.874 1227.26 0 1 0 0 0 0 0
53 594.138 1244.98 0 1 0 0 0 0 0
56 659.169 1156.4 0 1 0 0 0 0 0
40 576.403 1522.52 0 1 0 0 0 0 0
140 1563.68 2030.35 0 0 1 0 0 0 0
139 1563.68 2042.16 0 0 1 0 0 0 0
118 1557.77 2036.25 0 0 1 0 0 0 0
117 1557.77 2048.06 0 0 1 0 0 0 0
330 1746.95 2036.25 0 0 1 0 0 0 0
142 1551.85 2030.35 0 0 1 0 0 0 0
303 1746.95 2048.06 0 0 1 0 0 0 0
141 1551.85 2042.16 0 0 1 0 0 0 0
347 1752.86 2030.35 0 0 1 0 0 0 0
322 1752.86 2042.16 0 0 1 0 0 0 0
120 1545.94 2036.25 0 0 1 0 0 0 0
119 1545.94 2048.06 0 0 1 0 0 0 0
144 1540.03 2030.35 0 0 1 0 0 0 0
143 1540.03 2042.16 0 0 1 0 0 0 0
346 1764.68 2030.35 0 0 1 0 0 0 0
122 1534.12 2036.25 0 0 1 0 0 0 0
121 1534.12 2048.06 0 0 1 0 0 0 0
146 1528.21 2030.35 0 0 1 0 0 0 0
145 1528.21 2042.16 0 0 1 0 0 0 0
345 1776.51 2030.35 0 0 1 0 0 0 0
321 1776.51 2042.16 0 0 1 0 0 0 0
124 1522.3 2036.25 0 0 1 0 0 0 0
123 1522.3 2048.06 0 0 1 0 0 0 0
302 1782.42 2048.06 0 0 1 0 0 0 0
148 1516.38 2030.35 0 0 1 0 0 0 0
147 1516.38 2042.16 0 0 1 0 0 0 0
126 1510.47 2036.25 0 0 1 0 0 0 0
187 582.316 2042.16 0 0 0 0 0 0 1
166 576.404 2036.25 0 0 0 0 0 0 1
165 576.404 2048.06 0 0 0 0 0 0 1
190 570.492 2030.35 0 0 0 0 0 0 1
189 570.492 2042.16 0 0 0 0 0 0 1
317 694.64 2048.06 0 0 0 0 0 0 1
168 564.581 2036.25 0 0 0 0 0 0 1
167 564.581 2048.06 0 0 0 0 0 0 1
192 558.669 2030.35 0 0 0 0 0 0 1
191 558.669 2042.16 0 0 0 0 0 0 1
170 552.757 2036.25 0 0 0 0 0 0 1
169 552.757 2048.06 0 0 0 0 0 0 1
338 718.287 2036.25 0 0 0 0 0 0 1
194 546.845 2030.35 0 0 0 0 0 0 1
193 546.845 2042.16 0 0 0 0 0 0 1
172 540.933 2036.25 0 0 0 0 0 0 1
171 540.933 2048.06 0 0 0 0 0 0 1
196 535.022 2030.35 0 0 0 0 0 0 1
195 535.022 2042.16 0 0 0 0 0 0 1
316 730.111 2048.06 0 0 0 0 0 0 1
174 529.109 2036.25 0 0 0 0 0 0 1
173 529.109 2048.06 0 0 0 0 0 0 1
337 741.934 2036.25 0 0 0 0 0 0 1
292 535.022 152.547 0 0 0 0 1 0 0
270 529.109 158.452 0 0 0 0 1 0 0
269 529.109 170.262 0 0 0 0 1 0 0
293 523.198 164.357 0 0 0 0 1 0 0
294 523.198 152.547 0 0 0 0 1 0 0
384 818.788 164.357 0 0 0 0 1 0 0
413 818.788 152.546 0 0 0 0 1 0 0
272 517.286 158.452 0 0 0 0 1 0 0
271 517.286 170.262 0 0 0 0 1 0 0
295 511.374 164.357 0 0 0 0 1 0 0
296 511.374 152.547 0 0 0 0 1 0 0
412 830.612 152.546 0 0 0 0 1 0 0
411 842.435 152.546 0 0 0 0 1 0 0
372 848.347 170.261 0 0 0 0 1 0 0
395 860.171 158.451 0 0 0 0 1 0 0
371 860.171 170.261 0 0 0 0 1 0 0
394 871.994 158.451 0 0 0 0 1 0 0
370 871.994 170.261 0 0 0 0 1 0 0
410 877.906 152.546 0 0 0 0 1 0 0
383 889.73 164.357 0 0 0 0 1 0 0
409 889.73 152.546 0 0 0 0 1 0 0
393 895.642 158.451 0 0 0 0 1 0 0
369 895.642 170.261 0 0 0 0 1 0 0
368 907.466 170.261 0 0 0 0 1 0 0
408 913.377 152.546 0 0 0 0 1 0 0
349 889.73 2030.35 0 1 0 0 0 0 0
309 895.642 2048.06 0 1 0 0 0 0 0
323 889.73 2042.16 0 1 0 0 0 0 0
350 877.906 2030.35 0 1 0 0 0 0 0
13 1268.09 1929.96 0 0 1 0 0 0 0
334 871.994 2036.25 0 1 0 0 0 0 0
310 871.994 2048.06 0 1 0 0 0 0 0
335 860.171 2036.25 0 1 0 0 0 0 0
311 860.171 2048.06 0 1 0 0 0 0 0
351 842.435 2030.35 0 1 0 0 0 0 0
29 1291.73 1882.72 0 0 1 0 0 0 0
28 1315.38 1882.72 0 0 1 0 0 0 0
22 1327.2 1906.34 0 0 1 0 0 0 0
38 1185.32 1646.52 0 0 0 0 0 0 1
244 1516.38 152.547 0 0 0 0 0 1 0
221 1510.47 170.262 0 0 0 0 0 1 0
222 1510.47 158.452 0 0 0 0 0 1 0
245 1504.56 164.357 0 0 0 0 0 1 0
246 1504.56 152.547 0 0 0 0 0 1 0
380 1800.15 164.357 0 0 0 0 0 1 0
404 1800.15 152.546 0 0 0 0 0 1 0
223 1498.65 170.262 0 0 0 0 0 1 0
224 1498.65 158.452 0 0 0 0 0 1 0
247 1492.74 164.357 0 0 0 0 0 1 0
248 1492.74 152.547 0 0 0 0 0 1 0
403 1811.98 152.546 0 0 0 0 0 1 0
402 1823.8 152.546 0 0 0 0 0 1 0
361 1829.71 170.261 0 0 0 0 0 1 0
360 1841.54 170.261 0 0 0 0 0 1 0
389 1841.54 158.451 0 0 0 0 0 1 0
359 1853.36 170.261 0 0 0 0 0 1 0
388 1853.36 158.451 0 0 0 0 0 1 0
401 1859.27 152.546 0 0 0 0 0 1 0
379 1871.09 164.357 0 0 0 0 0 1 0
400 1871.09 152.546 0 0 0 0 0 1 0
358 1877.01 170.261 0 0 0 0 0 1 0
387 1877.01 158.451 0 0 0 0 0 1 0
357 1888.83 170.261 0 0 0 0 0 1 0
399 1894.74 152.546 0 0 0 0 0 1 0
102 1610.97 548.184 0 0 0 0 0 1 0
80 1019.79 772.576 1 0 0 0 0 0 0
67 1013.88 790.29 1 0 0 0 0 0 0
61 1315.38 796.196 1 0 0 0 0 0 0
97 1019.79 725.335 1 0 0 0 0 0 0
100 1002.05 719.43 1 0 0 0 0 0 0
98 996.143 725.335 1 0 0 0 0 0 0
75 978.407 778.481 1 0 0 0 0 0 0
58 1149.85 996.967 1 0 0 0 0 0 0
57 1226.7 1002.87 1 0 0 0 0 0 0
101 1173.5 559.994 1 0 0 0 0 0 0
103 1173.5 548.184 1 0 0 0 0 0 0
104 1220.79 536.374 1 0 0 0 0 0 0
55 1279.91 1221.36 0 0 0 0 0 0 1
52 1268.09 1244.98 0 0 0 0 0 0 1
59 1610.97 973.347 1 0 0 0 0 0 0
71 1664.18 778.481 1 0 0 0 0 0 0
46 1031.61 1410.32 0 0 0 0 0 0 1
43 1031.61 1422.13 0 0 0 0 0 0 1
44 1108.47 1416.22 0 0 0 0 0 0 1
41 1149.85 1445.75 0 0 0 0 0 0 1
125 1510.47 2048.06 0 0 1 0 0 0 0
150 1504.56 2030.35 0 0 1 0 0 0 0
149 1504.56 2042.16 0 0 1 0 0 0 0
344 1800.15 2030.35 0 0 0 1 0 0 0
320 1800.15 2042.16 0 0 0 1 0 0 0
128 1498.65 2036.25 0 0 1 0 0 0 0
127 1498.65 2048.06 0 0 1 0 0 0 0
152 1492.74 2030.35 0 0 1 0 0 0 0
151 1492.74 2042.16 0 0 1 0 0 0 0
343 1811.98 2030.35 0 0 0 1 0 0 0
342 1823.8 2030.35 0 0 0 1 0 0 0
301 1829.71 2048.06 0 0 0 1 0 0 0
329 1841.54 2036.25 0 0 0 1 0 0 0
300 1841.54 2048.06 0 0 0 1 0 0 0
328 1853.36 2036.25 0 0 0 1 0 0 0
299 1853.36 2048.06 0 0 0 1 0 0 0
341 1859.27 2030.35 0 0 0 1 0 0 0
340 1871.09 2030.35 0 0 0 1 0 0 0
319 1871.09 2042.16 0 0 0 1 0 0 0
327 1877.01 2036.25 0 0 0 1 0 0 0
298 1877.01 2048.06 0 0 0 1 0 0 0
297 1888.83 2048.06 0 0 0 1 0 0 0
339 1894.74 2030.35 0 0 0 1 0 0 0
32 1735.12 1746.91 0 0 0 1 0 0 0
34 1729.21 1741 0 0 0 1 0 0 0
36 1522.3 1723.29 0 0 1 0 0 0 0
39 1569.59 1522.52 0 0 0 0 0 0 1
198 523.198 2030.35 0 1 0 0 0 0 0
197 523.198 2042.16 0 1 0 0 0 0 0
315 741.934 2048.06 0 1 0 0 0 0 0
176 517.286 2036.25 0 1 0 0 0 0 0
175 517.286 2048.06 0 1 0 0 0 0 0
200 511.374 2030.35 0 1 0 0 0 0 0
199 511.374 2042.16 0 1 0 0 0 0 0
336 765.581 2036.25 0 1 0 0 0 0 0
314 765.581 2048.06 0 1 0 0 0 0 0
356 771.494 2030.35 0 1 0 0 0 0 0
326 771.494 2042.16 0 1 0 0 0 0 0
355 783.317 2030.35 0 1 0 0 0 0 0
354 795.141 2030.35 0 1 0 0 0 0 0
325 795.141 2042.16 0 1 0 0 0 0 0
313 801.053 2048.06 0 1 0 0 0 0 0
353 818.788 2030.35 0 1 0 0 0 0 0
324 818.788 2042.16 0 1 0 0 0 0 0
352 830.612 2030.35 0 1 0 0 0 0 0
312 848.347 2048.06 0 1 0 0 0 0 0
33 741.934 1746.91 0 1 0 0 0 0 0
35 736.022 1741 0 1 0 0 0 0 0
37 529.108 1723.29 0 1 0 0 0 0 0
