1 0 1025.7 1971.3 7
1 1 1161.67 1965.39 7
1 6 1090.73 1953.58 7
1 7 1019.79 1953.58 7
1 8 1232.62 1941.77 7
1 12 1132.11 1935.87 7
1 13 1268.09 1929.96 7
1 14 1244.44 1929.96 7
1 17 1049.35 1924.06 7
1 19 1126.2 1918.15 7
1 24 996.143 1906.34 7
1 25 1049.35 1900.44 7
1 26 1185.32 1894.53 7
1 32 1735.12 1746.91 2
1 34 1729.21 1741 2
1 36 1522.3 1723.29 2
1 38 1185.32 1646.52 7
1 39 1569.59 1522.52 2
1 40 576.403 1522.52 6
1 41 1149.85 1445.75 6
1 44 1108.47 1416.22 6
1 45 753.758 1416.22 6
1 47 594.138 1410.32 6
1 48 759.67 1398.51 6
1 50 753.758 1274.5 6
1 53 594.138 1244.98 6
1 54 611.874 1227.26 6
1 55 1279.91 1221.36 1
1 60 1037.53 802.101 1
1 62 1114.38 796.196 1
1 68 1268.09 784.386 1
1 71 1664.18 778.481 1
1 72 1238.53 778.481 1
1 81 1214.88 766.67 1
1 84 1084.82 766.67 1
1 92 1268.09 748.955 1
1 98 996.143 725.335 1
1 101 1173.5 559.994 1
1 108 1616.89 2036.25 2
1 113 1581.41 2048.06 2
1 114 1581.41 2036.25 2
1 116 1569.59 2036.25 2
1 117 1557.77 2048.06 2
1 118 1557.77 2036.25 2
1 119 1545.94 2048.06 2
1 128 1498.65 2036.25 2
1 130 1622.8 2030.35 2
1 134 1599.15 2030.35 2
1 135 1587.33 2042.16 2
1 146 1528.21 2030.35 2
1 147 1516.38 2042.16 2
1 148 1516.38 2030.35 2
1 149 1504.56 2042.16 2
1 153 647.346 2048.06 3
1 154 647.346 2036.25 3
1 163 588.228 2048.06 3
1 167 564.581 2048.06 3
1 168 564.581 2036.25 3
1 171 540.933 2048.06 3
1 174 529.109 2036.25 3
1 177 641.434 2042.16 3
1 183 605.963 2042.16 3
1 185 594.14 2042.16 3
1 190 570.492 2030.35 3
1 197 523.198 2042.16 3
1 200 511.374 2030.35 3
1 204 1616.89 158.452 4
1 205 1605.06 170.262 4
1 212 1569.59 158.452 4
1 217 1534.12 170.262 4
1 220 1522.3 158.452 4
1 223 1498.65 170.262 4
1 226 1622.8 152.547 4
1 228 1610.97 152.547 4
1 231 1587.33 164.357 4
1 232 1587.33 152.547 4
1 238 1551.85 152.547 4
1 245 1504.56 164.357 4
1 253 623.699 170.262 5
1 255 611.875 170.262 5
1 256 611.875 158.452 5
1 257 600.051 170.262 5
1 258 600.051 158.452 5
1 262 576.404 158.452 5
1 263 564.581 170.262 5
1 265 552.757 170.262 5
1 268 540.933 158.452 5
1 275 629.611 164.357 5
1 277 617.787 164.357 5
1 289 546.845 164.357 5
1 290 546.845 152.547 5
1 293 523.198 164.357 5
1 296 511.374 152.547 5
1 298 1877.01 2048.06 2
1 299 1853.36 2048.06 2
1 300 1841.54 2048.06 2
1 302 1782.42 2048.06 2
1 303 1746.95 2048.06 2
1 304 1723.3 2048.06 2
1 307 1652.36 2048.06 2
1 308 907.466 2048.06 3
1 309 895.642 2048.06 3
1 311 860.171 2048.06 3
1 315 741.934 2048.06 3
1 319 1871.09 2042.16 2
1 326 771.494 2042.16 3
1 332 1699.65 2036.25 2
1 333 895.642 2036.25 3
1 334 871.994 2036.25 3
1 336 765.581 2036.25 3
1 339 1894.74 2030.35 2
1 342 1823.8 2030.35 2
1 345 1776.51 2030.35 2
1 348 913.377 2030.35 3
1 352 830.612 2030.35 3
1 356 771.494 2030.35 3
1 357 1888.83 170.261 4
1 363 1746.95 170.261 4
1 369 895.642 170.261 5
1 371 860.171 170.261 5
1 380 1800.15 164.357 4
1 383 889.73 164.357 5
1 384 818.788 164.357 5
1 385 795.141 164.357 5
1 386 771.494 164.357 5
1 388 1853.36 158.451 4
1 389 1841.54 158.451 4
1 392 1699.65 158.451 4
1 393 895.642 158.451 5
1 397 741.934 158.451 5
1 398 718.287 158.451 5
1 399 1894.74 152.546 4
1 400 1871.09 152.546 4
1 401 1859.27 152.546 4
1 402 1823.8 152.546 4
1 404 1800.15 152.546 4
1 409 889.73 152.546 5
1 410 877.906 152.546 5
1 412 830.612 152.546 5
1 413 818.788 152.546 5
2 2 1191.23 1959.49 6
2 3 1167.59 1959.49 6
2 5 1102.56 1953.58 6
2 9 1043.44 1941.77 6
2 10 1238.53 1935.87 6
2 11 1167.59 1935.87 6
2 15 1067.08 1929.96 6
2 23 1031.61 1906.34 6
2 27 1114.38 1894.53 6
2 28 1315.38 1882.72 6
2 31 1013.88 1876.82 6
2 37 529.108 1723.29 1
2 43 1031.61 1422.13 7
2 51 659.169 1250.88 7
2 56 659.169 1156.4 7
2 57 1226.7 1002.87 4
2 58 1149.85 996.967 4
2 63 1090.73 796.196 4
2 64 1274 790.29 4
2 65 1132.11 790.29 4
2 67 1013.88 790.29 4
2 74 1049.35 778.481 4
2 75 978.407 778.481 4
2 77 1185.32 772.576 4
2 80 1019.79 772.576 4
2 82 1191.23 766.67 4
2 83 1167.59 766.67 4
2 85 1073 766.67 4
2 89 1250.35 754.861 4
2 90 1179.41 754.861 4
2 91 1025.7 754.861 4
2 95 1132.11 743.05 4
2 96 1120.29 743.05 4
2 97 1019.79 725.335 4
2 105 1628.71 2048.06 3
2 106 1628.71 2036.25 3
2 107 1616.89 2048.06 3
2 109 1605.06 2048.06 3
2 121 1534.12 2048.06 3
2 122 1534.12 2036.25 3
2 127 1498.65 2048.06 3
2 132 1610.97 2030.35 3
2 136 1587.33 2030.35 3
2 137 1575.5 2042.16 3
2 139 1563.68 2042.16 3
2 142 1551.85 2030.35 3
2 150 1504.56 2030.35 3
2 155 635.522 2048.06 1
2 159 611.875 2048.06 1
2 162 600.051 2036.25 1
2 165 576.404 2048.06 1
2 172 540.933 2036.25 1
2 173 529.109 2048.06 1
2 175 517.286 2048.06 1
2 176 517.286 2036.25 1
2 180 629.611 2030.35 1
2 181 617.787 2042.16 1
2 184 605.963 2030.35 1
2 193 546.845 2042.16 1
2 194 546.845 2030.35 1
2 196 535.022 2030.35 1
2 198 523.198 2030.35 1
2 199 511.374 2042.16 1
2 201 1628.71 170.262 2
2 203 1616.89 170.262 2
2 208 1593.24 158.452 2
2 209 1581.41 170.262 2
2 213 1557.77 170.262 2
2 214 1557.77 158.452 2
2 216 1545.94 158.452 2
2 219 1522.3 170.262 2
2 222 1510.47 158.452 2
2 224 1498.65 158.452 2
2 229 1599.15 164.357 2
2 230 1599.15 152.547 2
2 235 1563.68 164.357 2
2 240 1540.03 152.547 2
2 244 1516.38 152.547 2
2 248 1492.74 152.547 2
2 249 647.346 170.262 5
2 250 647.346 158.452 5
2 252 635.522 158.452 5
2 264 564.581 158.452 5
2 266 552.757 158.452 5
2 270 529.109 158.452 5
2 271 517.286 170.262 5
2 273 641.434 164.357 5
2 274 641.434 152.547 5
2 278 617.787 152.547 5
2 279 605.963 164.357 5
2 282 594.14 152.547 5
2 283 582.316 164.357 5
2 285 570.492 164.357 5
2 287 558.669 164.357 5
2 295 511.374 164.357 5
2 297 1888.83 2048.06 3
2 305 1711.47 2048.06 3
2 306 1676 2048.06 3
2 313 801.053 2048.06 1
2 318 670.992 2048.06 1
2 327 1877.01 2036.25 3
2 328 1853.36 2036.25 3
2 329 1841.54 2036.25 3
2 331 1723.3 2036.25 3
2 343 1811.98 2030.35 3
2 344 1800.15 2030.35 3
2 347 1752.86 2030.35 3
2 349 889.73 2030.35 6
2 350 877.906 2030.35 6
2 353 818.788 2030.35 1
2 355 783.317 2030.35 1
2 359 1853.36 170.261 2
2 362 1782.42 170.261 2
2 364 1723.3 170.261 2
2 367 1652.36 170.261 2
2 368 907.466 170.261 5
2 370 871.994 170.261 5
2 375 741.934 170.261 5
2 376 730.111 170.261 5
2 378 670.992 170.261 5
2 379 1871.09 164.357 2
2 382 1752.86 164.357 2
2 387 1877.01 158.451 2
2 390 1746.95 158.451 2
2 391 1723.3 158.451 2
2 394 871.994 158.451 5
2 395 860.171 158.451 5
2 396 765.581 158.451 5
2 403 1811.98 152.546 2
2 405 1776.51 152.546 2
2 406 1764.68 152.546 2
2 407 1752.86 152.546 2
2 408 913.377 152.546 5
2 411 842.435 152.546 5
2 414 795.141 152.546 5
2 415 783.317 152.546 5
2 416 771.494 152.546 5
3 4 1096.64 1959.49 5
3 16 1179.41 1924.06 5
3 18 1037.53 1924.06 5
3 20 1090.73 1918.15 5
3 21 984.319 1918.15 5
3 22 1327.2 1906.34 5
3 29 1291.73 1882.72 5
3 30 1078.91 1882.72 5
3 33 741.934 1746.91 7
3 35 736.022 1741 7
3 42 617.786 1445.75 7
3 46 1031.61 1410.32 7
3 49 605.962 1398.51 7
3 52 1268.09 1244.98 6
3 59 1610.97 973.347 6
3 61 1315.38 796.196 6
3 66 1108.47 790.29 6
3 69 1114.38 784.386 6
3 70 1031.61 784.386 6
3 73 1096.64 778.481 6
3 76 1232.62 772.576 6
3 78 1078.91 772.576 6
3 79 1055.26 772.576 6
3 86 1232.62 760.765 6
3 87 1161.67 760.765 6
3 88 1262.18 754.861 6
3 93 1244.44 748.955 6
3 94 1173.5 748.955 6
3 99 1037.53 719.43 6
3 100 1002.05 719.43 6
3 102 1610.97 548.184 2
3 103 1173.5 548.184 6
3 104 1220.79 536.374 6
3 110 1605.06 2036.25 1
3 111 1593.24 2048.06 1
3 112 1593.24 2036.25 1
3 115 1569.59 2048.06 1
3 120 1545.94 2036.25 1
3 123 1522.3 2048.06 1
3 124 1522.3 2036.25 1
3 125 1510.47 2048.06 1
3 126 1510.47 2036.25 1
3 129 1622.8 2042.16 1
3 131 1610.97 2042.16 1
3 133 1599.15 2042.16 1
3 138 1575.5 2030.35 1
3 140 1563.68 2030.35 1
3 141 1551.85 2042.16 1
3 143 1540.03 2042.16 1
3 144 1540.03 2030.35 1
3 145 1528.21 2042.16 1
3 151 1492.74 2042.16 1
3 152 1492.74 2030.35 1
3 156 635.522 2036.25 4
3 157 623.699 2048.06 4
3 158 623.699 2036.25 4
3 160 611.875 2036.25 4
3 161 600.051 2048.06 4
3 164 588.228 2036.25 4
3 166 576.404 2036.25 4
3 169 552.757 2048.06 4
3 170 552.757 2036.25 4
3 178 641.434 2030.35 4
3 179 629.611 2042.16 4
3 182 617.787 2030.35 4
3 186 594.14 2030.35 4
3 187 582.316 2042.16 4
3 188 582.316 2030.35 4
3 189 570.492 2042.16 4
3 191 558.669 2042.16 4
3 192 558.669 2030.35 4
3 195 535.022 2042.16 4
3 202 1628.71 158.452 2
3 206 1605.06 158.452 2
3 207 1593.24 170.262 2
3 210 1581.41 158.452 2
3 211 1569.59 170.262 2
3 215 1545.94 170.262 2
3 218 1534.12 158.452 2
3 221 1510.47 170.262 2
3 225 1622.8 164.357 2
3 227 1610.97 164.357 2
3 233 1575.5 164.357 2
3 234 1575.5 152.547 2
3 236 1563.68 152.547 2
3 237 1551.85 164.357 2
3 239 1540.03 164.357 2
3 241 1528.21 164.357 2
3 242 1528.21 152.547 2
3 243 1516.38 164.357 2
3 246 1504.56 152.547 2
3 247 1492.74 164.357 2
3 251 635.522 170.262 3
3 254 623.699 158.452 3
3 259 588.228 170.262 3
3 260 588.228 158.452 3
3 261 576.404 170.262 3
3 267 540.933 170.262 3
3 269 529.109 170.262 3
3 272 517.286 158.452 3
3 276 629.611 152.547 3
3 280 605.963 152.547 3
3 281 594.14 164.357 3
3 284 582.316 152.547 3
3 286 570.492 152.547 3
3 288 558.669 152.547 3
3 291 535.022 164.357 3
3 292 535.022 152.547 3
3 294 523.198 152.547 3
3 301 1829.71 2048.06 1
3 310 871.994 2048.06 4
3 312 848.347 2048.06 4
3 314 765.581 2048.06 4
3 316 730.111 2048.06 4
3 317 694.64 2048.06 4
3 320 1800.15 2042.16 1
3 321 1776.51 2042.16 1
3 322 1752.86 2042.16 1
3 323 889.73 2042.16 4
3 324 818.788 2042.16 4
3 325 795.141 2042.16 4
3 330 1746.95 2036.25 1
3 335 860.171 2036.25 4
3 337 741.934 2036.25 4
3 338 718.287 2036.25 4
3 340 1871.09 2030.35 1
3 341 1859.27 2030.35 1
3 346 1764.68 2030.35 1
3 351 842.435 2030.35 4
3 354 795.141 2030.35 4
3 358 1877.01 170.261 2
3 360 1841.54 170.261 2
3 361 1829.71 170.261 2
3 365 1711.47 170.261 2
3 366 1676 170.261 2
3 372 848.347 170.261 3
3 373 801.053 170.261 3
3 374 765.581 170.261 3
3 377 694.64 170.261 3
3 381 1776.51 164.357 2
