0 1025.7 1971.3 1 0 0 0 0 0 0
0 1161.67 1965.39 1 0 0 0 0 0 0
0 1191.23 1959.49 1 0 0 0 0 0 0
0 1167.59 1959.49 1 0 0 0 0 0 0
0 1096.64 1959.49 1 0 0 0 0 0 0
0 1102.56 1953.58 1 0 0 0 0 0 0
0 1090.73 1953.58 1 0 0 0 0 0 0
0 1019.79 1953.58 1 0 0 0 0 0 0
0 1232.62 1941.77 1 0 0 0 0 0 0
0 1043.44 1941.77 1 0 0 0 0 0 0
0 1238.53 1935.87 1 0 0 0 0 0 0
0 1167.59 1935.87 1 0 0 0 0 0 0
0 1132.11 1935.87 1 0 0 0 0 0 0
0 1268.09 1929.96 1 0 0 0 0 0 0
0 1244.44 1929.96 1 0 0 0 0 0 0
0 1067.08 1929.96 1 0 0 0 0 0 0
0 1179.41 1924.06 1 0 0 0 0 0 0
0 1049.35 1924.06 1 0 0 0 0 0 0
0 1037.53 1924.06 1 0 0 0 0 0 0
0 1126.2 1918.15 1 0 0 0 0 0 0
0 1090.73 1918.15 1 0 0 0 0 0 0
0 984.319 1918.15 1 0 0 0 0 0 0
0 1327.2 1906.34 1 0 0 0 0 0 0
0 1031.61 1906.34 1 0 0 0 0 0 0
0 996.143 1906.34 1 0 0 0 0 0 0
0 1049.35 1900.44 1 0 0 0 0 0 0
0 1185.32 1894.53 1 0 0 0 0 0 0
0 1114.38 1894.53 1 0 0 0 0 0 0
0 1315.38 1882.72 1 0 0 0 0 0 0
0 1291.73 1882.72 1 0 0 0 0 0 0
0 1078.91 1882.72 1 0 0 0 0 0 0
0 1013.88 1876.82 1 0 0 0 0 0 0
0 1735.12 1746.91 0 0 0 1 0 0 0
0 741.934 1746.91 0 0 0 0 0 1 0
0 1729.21 1741 0 0 0 1 0 0 0
0 736.022 1741 0 0 0 0 0 1 0
0 1522.3 1723.29 0 0 0 1 0 0 0
0 529.108 1723.29 0 0 0 0 0 1 0
0 1185.32 1646.52 1 0 0 0 0 0 0
0 1569.59 1522.52 0 0 0 1 0 0 0
0 576.403 1522.52 0 0 0 0 0 1 0
0 1149.85 1445.75 0 0 0 0 0 1 0
0 617.786 1445.75 0 0 0 0 0 1 0
0 1031.61 1422.13 0 0 0 0 0 1 0
0 1108.47 1416.22 0 0 0 0 0 1 0
0 753.758 1416.22 0 0 0 0 0 1 0
0 1031.61 1410.32 0 0 0 0 0 1 0
0 594.138 1410.32 0 0 0 0 0 1 0
0 759.67 1398.51 0 0 0 0 0 1 0
0 605.962 1398.51 0 0 0 0 0 1 0
0 753.758 1274.5 0 0 0 0 0 1 0
0 659.169 1250.88 0 0 0 0 0 1 0
0 1268.09 1244.98 0 0 0 0 1 0 0
0 594.138 1244.98 0 0 0 0 0 1 0
0 611.874 1227.26 0 0 0 0 0 1 0
0 1279.91 1221.36 0 0 0 0 0 1 0
0 659.169 1156.4 0 0 0 0 0 1 0
0 1226.7 1002.87 0 0 0 0 1 0 0
0 1149.85 996.967 0 0 0 0 1 0 0
0 1610.97 973.347 0 0 0 0 1 0 0
0 1037.53 802.101 0 0 0 0 1 0 0
0 1315.38 796.196 0 0 0 0 1 0 0
0 1114.38 796.196 0 0 0 0 1 0 0
0 1090.73 796.196 0 0 0 0 1 0 0
0 1274 790.29 0 0 0 0 1 0 0
0 1132.11 790.29 0 0 0 0 1 0 0
0 1108.47 790.29 0 0 0 0 1 0 0
0 1013.88 790.29 0 0 0 0 1 0 0
0 1268.09 784.386 0 0 0 0 1 0 0
0 1114.38 784.386 0 0 0 0 1 0 0
0 1031.61 784.386 0 0 0 0 1 0 0
0 1664.18 778.481 0 0 0 0 1 0 0
0 1238.53 778.481 0 0 0 0 1 0 0
0 1096.64 778.481 0 0 0 0 1 0 0
0 1049.35 778.481 0 0 0 0 1 0 0
0 978.407 778.481 0 0 0 0 1 0 0
0 1232.62 772.576 0 0 0 0 1 0 0
0 1185.32 772.576 0 0 0 0 1 0 0
0 1078.91 772.576 0 0 0 0 1 0 0
0 1055.26 772.576 0 0 0 0 1 0 0
0 1019.79 772.576 0 0 0 0 1 0 0
0 1214.88 766.67 0 0 0 0 1 0 0
0 1191.23 766.67 0 0 0 0 1 0 0
0 1167.59 766.67 0 0 0 0 1 0 0
0 1084.82 766.67 0 0 0 0 1 0 0
0 1073 766.67 0 0 0 0 1 0 0
0 1232.62 760.765 0 0 0 0 1 0 0
0 1161.67 760.765 0 0 0 0 1 0 0
0 1262.18 754.861 0 0 0 0 1 0 0
0 1250.35 754.861 0 0 0 0 1 0 0
0 1179.41 754.861 0 0 0 0 1 0 0
0 1025.7 754.861 0 0 0 0 1 0 0
0 1268.09 748.955 0 0 0 0 1 0 0
0 1244.44 748.955 0 0 0 0 1 0 0
0 1173.5 748.955 0 0 0 0 1 0 0
0 1132.11 743.05 0 0 0 0 1 0 0
0 1120.29 743.05 0 0 0 0 1 0 0
0 1019.79 725.335 0 0 0 0 1 0 0
0 996.143 725.335 0 0 0 0 1 0 0
0 1037.53 719.43 0 0 0 0 1 0 0
0 1002.05 719.43 0 0 0 0 1 0 0
0 1173.5 559.994 0 0 0 0 1 0 0
0 1610.97 548.184 0 1 0 0 0 0 0
0 1173.5 548.184 0 0 0 0 1 0 0
0 1220.79 536.374 0 0 0 0 1 0 0
0 1628.71 2048.06 0 0 0 1 0 0 0
0 1628.71 2036.25 0 0 0 1 0 0 0
0 1616.89 2048.06 0 0 0 1 0 0 0
0 1616.89 2036.25 0 0 0 1 0 0 0
0 1605.06 2048.06 0 0 0 1 0 0 0
0 1605.06 2036.25 0 0 0 1 0 0 0
0 1593.24 2048.06 0 0 0 1 0 0 0
0 1593.24 2036.25 0 0 0 1 0 0 0
0 1581.41 2048.06 0 0 0 1 0 0 0
0 1581.41 2036.25 0 0 0 1 0 0 0
0 1569.59 2048.06 0 0 0 1 0 0 0
0 1569.59 2036.25 0 0 0 1 0 0 0
0 1557.77 2048.06 0 0 0 1 0 0 0
0 1557.77 2036.25 0 0 0 1 0 0 0
0 1545.94 2048.06 0 0 0 1 0 0 0
0 1545.94 2036.25 0 0 0 1 0 0 0
0 1534.12 2048.06 0 0 0 1 0 0 0
0 1534.12 2036.25 0 0 0 1 0 0 0
0 1522.3 2048.06 0 0 0 1 0 0 0
0 1522.3 2036.25 0 0 0 1 0 0 0
0 1510.47 2048.06 0 0 0 1 0 0 0
0 1510.47 2036.25 0 0 0 1 0 0 0
0 1498.65 2048.06 0 0 0 1 0 0 0
0 1498.65 2036.25 0 0 0 1 0 0 0
0 1622.8 2042.16 0 0 0 1 0 0 0
0 1622.8 2030.35 0 0 0 1 0 0 0
0 1610.97 2042.16 0 0 0 1 0 0 0
0 1610.97 2030.35 0 0 0 1 0 0 0
0 1599.15 2042.16 0 0 0 1 0 0 0
0 1599.15 2030.35 0 0 0 1 0 0 0
0 1587.33 2042.16 0 0 0 1 0 0 0
0 1587.33 2030.35 0 0 0 1 0 0 0
0 1575.5 2042.16 0 0 0 1 0 0 0
0 1575.5 2030.35 0 0 0 1 0 0 0
0 1563.68 2042.16 0 0 0 1 0 0 0
0 1563.68 2030.35 0 0 0 1 0 0 0
0 1551.85 2042.16 0 0 0 1 0 0 0
0 1551.85 2030.35 0 0 0 1 0 0 0
0 1540.03 2042.16 0 0 0 1 0 0 0
0 1540.03 2030.35 0 0 0 1 0 0 0
0 1528.21 2042.16 0 0 0 1 0 0 0
0 1528.21 2030.35 0 0 0 1 0 0 0
0 1516.38 2042.16 0 0 0 1 0 0 0
0 1516.38 2030.35 0 0 0 1 0 0 0
0 1504.56 2042.16 0 0 0 1 0 0 0
0 1504.56 2030.35 0 0 0 1 0 0 0
0 1492.74 2042.16 0 0 0 1 0 0 0
0 1492.74 2030.35 0 0 0 1 0 0 0
0 647.346 2048.06 0 0 0 0 0 0 1
0 647.346 2036.25 0 0 0 0 0 0 1
0 635.522 2048.06 0 0 0 0 0 0 1
0 635.522 2036.25 0 0 0 0 0 0 1
0 623.699 2048.06 0 0 0 0 0 0 1
0 623.699 2036.25 0 0 0 0 0 0 1
0 611.875 2048.06 0 0 0 0 0 0 1
0 611.875 2036.25 0 0 0 0 0 0 1
0 600.051 2048.06 0 0 0 0 0 0 1
0 600.051 2036.25 0 0 0 0 0 0 1
0 588.228 2048.06 0 0 0 0 0 0 1
0 588.228 2036.25 0 0 0 0 0 0 1
0 576.404 2048.06 0 0 0 0 0 0 1
0 576.404 2036.25 0 0 0 0 0 0 1
0 564.581 2048.06 0 0 0 0 0 0 1
0 564.581 2036.25 0 0 0 0 0 0 1
0 552.757 2048.06 0 0 0 0 0 0 1
0 552.757 2036.25 0 0 0 0 0 0 1
0 540.933 2048.06 0 0 0 0 0 0 1
0 540.933 2036.25 0 0 0 0 0 0 1
0 529.109 2048.06 0 0 0 0 0 0 1
0 529.109 2036.25 0 0 0 0 0 0 1
0 517.286 2048.06 0 0 0 0 0 0 1
0 517.286 2036.25 0 0 0 0 0 0 1
0 641.434 2042.16 0 0 0 0 0 0 1
0 641.434 2030.35 0 0 0 0 0 0 1
0 629.611 2042.16 0 0 0 0 0 0 1
0 629.611 2030.35 0 0 0 0 0 0 1
0 617.787 2042.16 0 0 0 0 0 0 1
0 617.787 2030.35 0 0 0 0 0 0 1
0 605.963 2042.16 0 0 0 0 0 0 1
0 605.963 2030.35 0 0 0 0 0 0 1
0 594.14 2042.16 0 0 0 0 0 0 1
0 594.14 2030.35 0 0 0 0 0 0 1
0 582.316 2042.16 0 0 0 0 0 0 1
0 582.316 2030.35 0 0 0 0 0 0 1
0 570.492 2042.16 0 0 0 0 0 0 1
0 570.492 2030.35 0 0 0 0 0 0 1
0 558.669 2042.16 0 0 0 0 0 0 1
0 558.669 2030.35 0 0 0 0 0 0 1
0 546.845 2042.16 0 0 0 0 0 0 1
0 546.845 2030.35 0 0 0 0 0 0 1
0 535.022 2042.16 0 0 0 0 0 0 1
0 535.022 2030.35 0 0 0 0 0 0 1
0 523.198 2042.16 0 0 0 0 0 0 1
0 523.198 2030.35 0 0 0 0 0 0 1
0 511.374 2042.16 0 0 0 0 0 0 1
0 511.374 2030.35 0 0 0 0 0 0 1
0 1628.71 170.262 0 1 0 0 0 0 0
0 1628.71 158.452 0 1 0 0 0 0 0
0 1616.89 170.262 0 1 0 0 0 0 0
0 1616.89 158.452 0 1 0 0 0 0 0
0 1605.06 170.262 0 1 0 0 0 0 0
0 1605.06 158.452 0 1 0 0 0 0 0
0 1593.24 170.262 0 1 0 0 0 0 0
0 1593.24 158.452 0 1 0 0 0 0 0
0 1581.41 170.262 0 1 0 0 0 0 0
0 1581.41 158.452 0 1 0 0 0 0 0
0 1569.59 170.262 0 1 0 0 0 0 0
0 1569.59 158.452 0 1 0 0 0 0 0
0 1557.77 170.262 0 1 0 0 0 0 0
0 1557.77 158.452 0 1 0 0 0 0 0
0 1545.94 170.262 0 1 0 0 0 0 0
0 1545.94 158.452 0 1 0 0 0 0 0
0 1534.12 170.262 0 1 0 0 0 0 0
0 1534.12 158.452 0 1 0 0 0 0 0
0 1522.3 170.262 0 1 0 0 0 0 0
0 1522.3 158.452 0 1 0 0 0 0 0
0 1510.47 170.262 0 1 0 0 0 0 0
0 1510.47 158.452 0 1 0 0 0 0 0
0 1498.65 170.262 0 1 0 0 0 0 0
0 1498.65 158.452 0 1 0 0 0 0 0
0 1622.8 164.357 0 1 0 0 0 0 0
0 1622.8 152.547 0 1 0 0 0 0 0
0 1610.97 164.357 0 1 0 0 0 0 0
0 1610.97 152.547 0 1 0 0 0 0 0
0 1599.15 164.357 0 1 0 0 0 0 0
0 1599.15 152.547 0 1 0 0 0 0 0
0 1587.33 164.357 0 1 0 0 0 0 0
0 1587.33 152.547 0 1 0 0 0 0 0
0 1575.5 164.357 0 1 0 0 0 0 0
0 1575.5 152.547 0 1 0 0 0 0 0
0 1563.68 164.357 0 1 0 0 0 0 0
0 1563.68 152.547 0 1 0 0 0 0 0
0 1551.85 164.357 0 1 0 0 0 0 0
0 1551.85 152.547 0 1 0 0 0 0 0
0 1540.03 164.357 0 1 0 0 0 0 0
0 1540.03 152.547 0 1 0 0 0 0 0
0 1528.21 164.357 0 1 0 0 0 0 0
0 1528.21 152.547 0 1 0 0 0 0 0
0 1516.38 164.357 0 1 0 0 0 0 0
0 1516.38 152.547 0 1 0 0 0 0 0
0 1504.56 164.357 0 1 0 0 0 0 0
0 1504.56 152.547 0 1 0 0 0 0 0
0 1492.74 164.357 0 1 0 0 0 0 0
0 1492.74 152.547 0 1 0 0 0 0 0
0 647.346 170.262 0 0 1 0 0 0 0
0 647.346 158.452 0 0 1 0 0 0 0
0 635.522 170.262 0 0 1 0 0 0 0
0 635.522 158.452 0 0 1 0 0 0 0
0 623.699 170.262 0 0 1 0 0 0 0
0 623.699 158.452 0 0 1 0 0 0 0
0 611.875 170.262 0 0 1 0 0 0 0
0 611.875 158.452 0 0 1 0 0 0 0
0 600.051 170.262 0 0 1 0 0 0 0
0 600.051 158.452 0 0 1 0 0 0 0
0 588.228 170.262 0 0 1 0 0 0 0
0 588.228 158.452 0 0 1 0 0 0 0
0 576.404 170.262 0 0 1 0 0 0 0
0 576.404 158.452 0 0 1 0 0 0 0
0 564.581 170.262 0 0 1 0 0 0 0
0 564.581 158.452 0 0 1 0 0 0 0
0 552.757 170.262 0 0 1 0 0 0 0
0 552.757 158.452 0 0 1 0 0 0 0
0 540.933 170.262 0 0 1 0 0 0 0
0 540.933 158.452 0 0 1 0 0 0 0
0 529.109 170.262 0 0 1 0 0 0 0
0 529.109 158.452 0 0 1 0 0 0 0
0 517.286 170.262 0 0 1 0 0 0 0
0 517.286 158.452 0 0 1 0 0 0 0
0 641.434 164.357 0 0 1 0 0 0 0
0 641.434 152.547 0 0 1 0 0 0 0
0 629.611 164.357 0 0 1 0 0 0 0
0 629.611 152.547 0 0 1 0 0 0 0
0 617.787 164.357 0 0 1 0 0 0 0
0 617.787 152.547 0 0 1 0 0 0 0
0 605.963 164.357 0 0 1 0 0 0 0
0 605.963 152.547 0 0 1 0 0 0 0
0 594.14 164.357 0 0 1 0 0 0 0
0 594.14 152.547 0 0 1 0 0 0 0
0 582.316 164.357 0 0 1 0 0 0 0
0 582.316 152.547 0 0 1 0 0 0 0
0 570.492 164.357 0 0 1 0 0 0 0
0 570.492 152.547 0 0 1 0 0 0 0
0 558.669 164.357 0 0 1 0 0 0 0
0 558.669 152.547 0 0 1 0 0 0 0
0 546.845 164.357 0 0 1 0 0 0 0
0 546.845 152.547 0 0 1 0 0 0 0
0 535.022 164.357 0 0 1 0 0 0 0
0 535.022 152.547 0 0 1 0 0 0 0
0 523.198 164.357 0 0 1 0 0 0 0
0 523.198 152.547 0 0 1 0 0 0 0
0 511.374 164.357 0 0 1 0 0 0 0
0 511.374 152.547 0 0 1 0 0 0 0
0 1888.83 2048.06 0 0 0 1 0 0 0
0 1877.01 2048.06 0 0 0 1 0 0 0
0 1853.36 2048.06 0 0 0 1 0 0 0
0 1841.54 2048.06 0 0 0 1 0 0 0
0 1829.71 2048.06 0 0 0 1 0 0 0
0 1782.42 2048.06 0 0 0 1 0 0 0
0 1746.95 2048.06 0 0 0 1 0 0 0
0 1723.3 2048.06 0 0 0 1 0 0 0
0 1711.47 2048.06 0 0 0 1 0 0 0
0 1676 2048.06 0 0 0 1 0 0 0
0 1652.36 2048.06 0 0 0 1 0 0 0
0 907.466 2048.06 0 0 0 0 0 0 1
0 895.642 2048.06 0 0 0 0 0 0 1
0 871.994 2048.06 1 0 0 0 0 0 0
0 860.171 2048.06 1 0 0 0 0 0 0
0 848.347 2048.06 0 0 0 0 0 0 1
0 801.053 2048.06 0 0 0 0 0 0 1
0 765.581 2048.06 0 0 0 0 0 0 1
0 741.934 2048.06 0 0 0 0 0 0 1
0 730.111 2048.06 0 0 0 0 0 0 1
0 694.64 2048.06 0 0 0 0 0 0 1
0 670.992 2048.06 0 0 0 0 0 0 1
0 1871.09 2042.16 0 0 0 1 0 0 0
0 1800.15 2042.16 0 0 0 1 0 0 0
0 1776.51 2042.16 0 0 0 1 0 0 0
0 1752.86 2042.16 0 0 0 1 0 0 0
0 889.73 2042.16 0 0 0 0 0 0 1
0 818.788 2042.16 0 0 0 0 0 0 1
0 795.141 2042.16 0 0 0 0 0 0 1
0 771.494 2042.16 0 0 0 0 0 0 1
0 1877.01 2036.25 0 0 0 1 0 0 0
0 1853.36 2036.25 0 0 0 1 0 0 0
0 1841.54 2036.25 0 0 0 1 0 0 0
0 1746.95 2036.25 0 0 0 1 0 0 0
0 1723.3 2036.25 0 0 0 1 0 0 0
0 1699.65 2036.25 0 0 0 1 0 0 0
0 895.642 2036.25 0 0 0 0 0 0 1
0 871.994 2036.25 1 0 0 0 0 0 0
0 860.171 2036.25 0 0 0 0 0 0 1
0 765.581 2036.25 0 0 0 0 0 0 1
0 741.934 2036.25 0 0 0 0 0 0 1
0 718.287 2036.25 0 0 0 0 0 0 1
0 1894.74 2030.35 0 0 0 1 0 0 0
0 1871.09 2030.35 0 0 0 1 0 0 0
0 1859.27 2030.35 0 0 0 1 0 0 0
0 1823.8 2030.35 0 0 0 1 0 0 0
0 1811.98 2030.35 0 0 0 1 0 0 0
0 1800.15 2030.35 0 0 0 1 0 0 0
0 1776.51 2030.35 0 0 0 1 0 0 0
0 1764.68 2030.35 0 0 0 1 0 0 0
0 1752.86 2030.35 0 0 0 1 0 0 0
0 913.377 2030.35 1 0 0 0 0 0 0
0 889.73 2030.35 0 0 0 0 0 0 1
0 877.906 2030.35 0 0 0 0 0 0 1
0 842.435 2030.35 1 0 0 0 0 0 0
0 830.612 2030.35 0 0 0 0 0 0 1
0 818.788 2030.35 0 0 0 0 0 0 1
0 795.141 2030.35 0 0 0 0 0 0 1
0 783.317 2030.35 0 0 0 0 0 0 1
0 771.494 2030.35 0 0 0 0 0 0 1
0 1888.83 170.261 0 1 0 0 0 0 0
0 1877.01 170.261 0 1 0 0 0 0 0
0 1853.36 170.261 0 1 0 0 0 0 0
0 1841.54 170.261 0 1 0 0 0 0 0
0 1829.71 170.261 0 1 0 0 0 0 0
0 1782.42 170.261 0 1 0 0 0 0 0
0 1746.95 170.261 0 1 0 0 0 0 0
0 1723.3 170.261 0 1 0 0 0 0 0
0 1711.47 170.261 0 1 0 0 0 0 0
0 1676 170.261 0 1 0 0 0 0 0
0 1652.36 170.261 0 1 0 0 0 0 0
0 907.466 170.261 0 0 1 0 0 0 0
0 895.642 170.261 0 0 1 0 0 0 0
0 871.994 170.261 0 0 1 0 0 0 0
0 860.171 170.261 0 0 1 0 0 0 0
0 848.347 170.261 0 0 1 0 0 0 0
0 801.053 170.261 0 0 1 0 0 0 0
0 765.581 170.261 0 0 1 0 0 0 0
0 741.934 170.261 0 0 1 0 0 0 0
0 730.111 170.261 0 0 1 0 0 0 0
0 694.64 170.261 0 0 1 0 0 0 0
0 670.992 170.261 0 0 1 0 0 0 0
0 1871.09 164.357 0 1 0 0 0 0 0
0 1800.15 164.357 0 1 0 0 0 0 0
0 1776.51 164.357 0 1 0 0 0 0 0
0 1752.86 164.357 0 1 0 0 0 0 0
0 889.73 164.357 0 0 1 0 0 0 0
0 818.788 164.357 0 0 1 0 0 0 0
0 795.141 164.357 0 0 1 0 0 0 0
0 771.494 164.357 0 0 1 0 0 0 0
0 1877.01 158.451 0 1 0 0 0 0 0
0 1853.36 158.451 0 1 0 0 0 0 0
0 1841.54 158.451 0 1 0 0 0 0 0
0 1746.95 158.451 0 1 0 0 0 0 0
0 1723.3 158.451 0 1 0 0 0 0 0
0 1699.65 158.451 0 1 0 0 0 0 0
0 895.642 158.451 0 0 1 0 0 0 0
0 871.994 158.451 0 0 1 0 0 0 0
0 860.171 158.451 0 0 1 0 0 0 0
0 765.581 158.451 0 0 1 0 0 0 0
0 741.934 158.451 0 0 1 0 0 0 0
0 718.287 158.451 0 0 1 0 0 0 0
0 1894.74 152.546 0 1 0 0 0 0 0
0 1871.09 152.546 0 1 0 0 0 0 0
0 1859.27 152.546 0 1 0 0 0 0 0
0 1823.8 152.546 0 1 0 0 0 0 0
0 1811.98 152.546 0 1 0 0 0 0 0
0 1800.15 152.546 0 1 0 0 0 0 0
0 1776.51 152.546 0 1 0 0 0 0 0
0 1764.68 152.546 0 1 0 0 0 0 0
0 1752.86 152.546 0 1 0 0 0 0 0
0 913.377 152.546 0 0 1 0 0 0 0
0 889.73 152.546 0 0 1 0 0 0 0
0 877.906 152.546 0 0 1 0 0 0 0
0 842.435 152.546 0 0 1 0 0 0 0
0 830.612 152.546 0 0 1 0 0 0 0
0 818.788 152.546 0 0 1 0 0 0 0
0 795.141 152.546 0 0 1 0 0 0 0
0 783.317 152.546 0 0 1 0 0 0 0
0 771.494 152.546 0 0 1 0 0 0 0
