1 180 8775 2825 4
1 182 8775 3025 4
1 239 6975 3525 4
1 241 6775 3425 4
1 242 7150 3325 4
1 249 7725 3525 4
1 260 8425 3625 4
1 265 8075 3775 4
1 269 7075 3675 4
1 273 6375 3750 4
1 114 8825 2225 2
1 237 6675 3325 4
1 258 8675 3800 4
1 259 8575 3700 4
1 123 7975 2475 2
1 124 8225 2500 2
1 181 8775 2925 4
1 170 7425 2875 4
1 171 7925 2875 4
1 177 8025 2775 4
1 175 8125 2775 4
1 179 7975 2975 4
1 183 8775 3125 4
1 256 8575 3325 4
1 195 7425 3025 4
1 268 7875 3675 4
1 261 8325 3625 4
1 270 7150 3750 4
1 49 8075 1575 2
1 107 7075 2175 2
1 108 7425 2325 2
1 110 7475 2175 2
1 112 7825 2175 2
1 30 6375 1575 2
1 34 6525 1725 2
1 56 8825 1825 2
1 40 7410 1575 2
1 41 7560 1575 2
1 111 7775 2350 2
1 45 7710 1575 2
1 47 7875 1575 2
1 51 8275 1575 2
1 54 8825 1625 2
1 63 6825 1925 2
1 105 6775 2225 2
1 68 6425 2075 2
1 9 3375 1600 1
1 12 3700 1600 3
1 14 3875 1775 3
1 149 2175 2525 1
1 151 2249 2786 1
1 287 3825 3650 3
1 289 3475 3750 1
1 290 3225 3750 1
1 298 2175 3675 1
1 1 2156 1639 1
1 2 2456 1639 1
1 4 2256 1640 1
1 296 2275 3675 1
1 13 3900 1625 3
1 88 3875 1900 3
1 90 3975 1975 3
1 92 2925 1875 1
1 146 2675 2525 1
1 297 2375 3675 1
1 154 2552 2785 1
1 212 3975 3275 3
1 218 3975 3375 3
1 288 3625 3750 1
1 295 2675 3675 1
1 137 5025 2675 3
1 163 5075 2775 3
1 201 5450 3025 3
1 202 5175 3150 3
1 211 4275 3025 3
1 225 4725 3525 3
1 18 4500 1675 3
1 22 4775 1725 3
1 26 5160 1565 3
1 75 5025 1825 3
1 77 5075 1925 3
1 82 4775 1975 3
1 226 4675 3400 3
1 205 4575 3125 3
1 98 4425 2150 3
1 206 4575 3025 3
1 101 4600 2325 3
1 133 5175 2475 3
1 231 5025 3450 3
1 165 5450 2825 3
1 228 5175 3300 3
2 266 8075 3675 2
2 116 8703 2197 2
2 119 8725 2525 2
2 125 8225 2600 2
2 169 7575 2875 2
2 172 7875 2775 2
2 173 7825 2925 2
2 186 8525 3225 2
2 188 7975 3275 2
2 191 7575 3075 2
2 247 7425 3425 2
2 244 7625 3525 2
2 245 7575 3425 2
2 255 8325 3525 2
2 59 7475 1975 2
2 31 6525 1575 3
2 57 7725 1825 2
2 62 7075 1975 2
2 42 7409 1576 2
2 44 7825 1675 2
2 58 7725 1975 2
2 142 3725 2450 4
2 156 2925 2925 4
2 157 3325 2900 4
2 5 2656 1640 4
2 144 2925 2425 4
2 159 3925 2900 4
2 147 2275 2525 4
2 215 2925 3475 4
2 16 4275 1725 3
2 21 4560 1565 3
2 210 4275 3125 4
2 220 4275 3300 4
2 221 4175 3400 4
2 223 4500 3300 1
2 276 5275 3675 1
2 278 5075 3800 1
2 282 4925 3675 1
2 283 4775 3675 1
2 286 4325 3725 1
2 17 4375 1675 3
2 23 4710 1565 3
2 94 4175 2150 4
2 27 5310 1565 3
2 29 5610 1565 3
2 70 6025 2075 3
2 71 5675 1825 3
2 234 6050 3375 1
2 73 5425 1825 3
2 76 4975 2025 3
2 81 4675 1950 3
2 86 4125 2050 4
2 87 4275 2050 4
2 96 4275 2225 4
2 103 5175 2325 3
2 274 5975 3750 1
2 129 5350 2400 3
2 130 5450 2525 3
2 139 4175 2425 4
2 160 4175 2925 4
2 222 4125 3300 4
2 166 5450 2925 1
2 167 6125 2875 1
2 235 5908 3574 1
2 232 5375 3525 1
2 275 5325 3775 1
2 285 4425 3675 1
3 251 7725 3375 1
3 253 8225 3325 1
3 189 7975 3075 1
3 121 8375 2600 1
3 187 8075 3075 1
3 176 8075 2875 1
3 190 7825 3125 1
3 192 7600 3175 1
3 193 7425 3275 1
3 250 7825 3375 1
3 252 8225 3425 1
3 32 6675 1575 1
3 36 7075 1575 1
3 37 7260 1575 1
3 39 7625 1775 1
3 61 7575 2075 1
3 155 2651 2787 4
3 158 3725 2900 4
3 7 2975 1725 4
3 8 3275 1600 4
3 89 3875 2075 3
3 143 3325 2450 4
3 214 2925 3198 4
3 153 2451 2785 4
3 292 3125 3725 4
3 24 4860 1565 3
3 209 4175 3200 2
3 233 5275 3525 2
3 281 4925 3800 2
3 15 4275 1625 3
3 20 4550 1750 3
3 28 5460 1565 3
3 69 6000 1975 3
3 74 5525 1825 3
3 78 5075 2075 3
3 219 4325 3575 2
3 80 4925 1925 3
3 83 4425 2050 3
3 284 4575 3675 2
3 85 4175 1950 3
3 95 4325 2150 3
3 97 4275 2325 3
3 102 4775 2125 3
3 99 4525 2150 3
3 104 5450 2375 3
3 229 4975 3325 2
3 132 5250 2400 3
3 140 4175 2625 3
3 161 4175 2725 3
3 277 5375 3675 2
3 168 6025 2875 2
3 197 6125 3025 2
3 198 6025 3175 2
3 199 5375 3250 2
3 200 5275 3250 2
3 224 4400 3300 2
3 208 4325 3200 2
3 279 5204 3772 2
3 280 4675 3675 2
4 117 8825 2425 1
4 126 8125 2575 1
4 185 8625 3225 4
4 194 7425 3125 4
4 236 6450 3375 4
4 238 6575 3525 4
4 240 6875 3325 4
4 243 7150 3475 4
4 254 8475 3525 4
4 257 8775 3700 4
4 264 8225 3775 4
4 267 7925 3775 4
4 115 8725 2375 1
4 272 6575 3750 4
4 118 8575 2450 1
4 120 8625 2600 1
4 262 8375 3775 4
4 122 8475 2600 1
4 127 7975 2625 1
4 128 7750 2650 1
4 174 7750 2800 4
4 178 8125 2975 4
4 184 8775 3275 4
4 196 7325 3225 4
4 246 7475 3525 4
4 248 7825 3525 4
4 263 8175 3625 4
4 271 6975 3725 4
4 38 7259 1576 1
4 46 7711 1575 1
4 50 8175 1575 1
4 55 8820 1928 1
4 106 7275 2275 1
4 109 7525 2375 1
4 67 6200 1975 1
4 33 6675 1725 1
4 35 6875 1575 1
4 113 7875 2350 1
4 43 7560 1576 1
4 48 7975 1575 1
4 52 8375 1575 1
4 53 8475 1575 1
4 60 7625 1925 1
4 65 6975 2075 1
4 64 6775 2075 1
4 66 6675 1925 1
4 141 3925 2450 3
4 148 2375 2525 2
4 291 3325 3750 2
4 294 2575 3675 2
4 3 2355 1640 2
4 6 2556 1639 2
4 10 3475 1600 2
4 11 3575 1600 2
4 91 3975 2075 3
4 93 2925 2150 2
4 145 2575 2525 2
4 150 2148 2786 2
4 152 2352 2786 2
4 213 3875 3275 3
4 216 3925 3475 3
4 217 3825 3475 3
4 293 2925 3725 2
4 162 4975 2825 3
4 227 4775 3375 3
4 230 5175 3475 3
4 135 5075 2575 3
4 19 4450 1750 3
4 134 5175 2675 3
4 25 5010 1565 3
4 72 5275 1825 3
4 138 4875 2675 3
4 131 5450 2675 3
4 79 4775 1875 3
4 136 4975 2525 3
4 299 4775 3225 3
4 84 4525 2050 3
4 100 4600 2225 3
4 203 5075 3275 3
4 164 5175 2875 3
4 204 4525 3200 3
4 207 4425 3200 3
