1 25 5010 1565 3
1 51 8275 1575 2
1 52 8375 1575 2
1 65 6975 2075 2
1 82 4775 1975 3
1 85 4175 1950 3
1 111 7775 2350 2
1 113 7875 2350 2
1 117 8825 2425 2
1 119 8725 2525 2
1 120 8625 2600 2
1 161 4175 2725 1
1 167 6125 2875 4
1 168 6025 2875 4
1 211 4275 3025 1
1 215 2925 3475 1
1 218 3975 3375 1
1 220 4275 3300 1
1 224 4400 3300 1
1 228 5175 3300 4
1 237 6675 3325 4
1 240 6875 3325 4
1 262 8375 3775 2
1 264 8225 3775 2
1 266 8075 3675 2
1 270 7150 3750 2
1 273 6375 3750 4
1 294 2575 3675 1
1 296 2275 3675 1
1 2 2456 1639 3
1 4 2256 1640 3
1 7 2975 1725 3
1 9 3375 1600 3
1 13 3900 1625 3
1 14 3875 1775 3
1 275 5325 3775 4
1 16 4275 1725 3
1 20 4550 1750 3
1 27 5310 1565 4
1 30 6375 1575 4
1 31 6525 1575 4
1 43 7560 1576 2
1 48 7975 1575 2
1 46 7711 1575 2
1 106 7275 2275 2
1 110 7475 2175 2
1 66 6675 1925 4
1 197 6125 3025 4
1 79 4775 1875 3
1 86 4125 2050 3
1 92 2925 1875 3
1 103 5175 2325 4
1 115 8725 2375 2
1 116 8703 2197 2
1 122 8475 2600 2
1 133 5175 2475 4
1 135 5075 2575 4
1 137 5025 2675 4
1 140 4175 2625 1
1 297 2375 3675 1
1 165 5450 2825 4
1 279 5204 3772 4
1 246 7475 3525 2
1 175 8125 2775 2
1 254 8475 3525 2
1 192 7600 3175 2
1 247 7425 3425 2
1 195 7425 3025 2
1 198 6025 3175 4
1 202 5175 3150 4
1 208 4325 3200 1
1 207 4425 3200 1
1 222 4125 3300 1
1 213 3875 3275 1
1 287 3825 3650 1
1 268 7875 3675 2
1 263 8175 3625 2
1 292 3125 3725 1
2 50 8175 1575 2
2 56 8825 1825 2
2 57 7725 1825 2
2 64 6775 2075 2
2 93 2925 2150 1
2 96 4275 2225 4
2 105 6775 2225 2
2 143 3325 2450 1
2 157 3325 2900 1
2 199 5375 3250 3
2 200 5275 3250 3
2 201 5450 3025 3
2 210 4275 3125 3
2 231 5025 3450 3
2 278 5075 3800 3
2 280 4675 3675 3
2 282 4925 3675 3
2 283 4775 3675 3
2 284 4575 3675 3
2 286 4325 3725 3
2 289 3475 3750 1
2 5 2656 1640 1
2 155 2651 2787 1
2 11 3575 1600 1
2 15 4275 1625 4
2 21 4560 1565 4
2 23 4710 1565 4
2 22 4775 1725 4
2 24 4860 1565 4
2 29 5610 1565 4
2 55 8820 1928 2
2 32 6675 1575 2
2 67 6200 1975 4
2 107 7075 2175 2
2 35 6875 1575 2
2 40 7410 1575 2
2 112 7825 2175 2
2 47 7875 1575 2
2 69 6000 1975 4
2 72 5275 1825 4
2 73 5425 1825 4
2 87 4275 2050 4
2 142 3725 2450 1
2 144 2925 2425 1
2 95 4325 2150 4
2 285 4425 3675 3
2 98 4425 2150 4
2 99 4525 2150 4
2 121 8375 2600 2
2 188 7975 3275 2
2 125 8225 2600 2
2 130 5450 2525 4
2 145 2575 2525 1
2 146 2675 2525 1
2 156 2925 2925 1
2 169 7575 2875 2
2 170 7425 2875 2
2 248 7825 3525 2
2 189 7975 3075 2
2 190 7825 3125 2
2 187 8075 3075 2
2 178 8125 2975 2
2 253 8225 3325 2
2 191 7575 3075 2
2 250 7825 3375 2
2 193 7425 3275 2
2 251 7725 3375 2
2 274 5975 3750 3
2 214 2925 3198 1
2 244 7625 3525 2
2 252 8225 3425 2
2 255 8325 3525 2
2 277 5375 3675 3
3 39 7625 1775 4
3 41 7560 1575 4
3 88 3875 1900 1
3 123 7975 2475 2
3 128 7750 2650 2
3 138 4875 2675 1
3 147 2275 2525 3
3 148 2375 2525 3
3 150 2148 2786 3
3 151 2249 2786 3
3 180 8775 2825 2
3 182 8775 3025 2
3 183 8775 3125 2
3 185 8625 3225 2
3 186 8525 3225 2
3 227 4775 3375 1
3 238 6575 3525 2
3 265 8075 3775 2
3 299 4775 3225 1
3 293 2925 3725 3
3 8 3275 1600 3
3 159 3925 2900 1
3 12 3700 1600 1
3 19 4450 1750 1
3 33 6675 1725 4
3 37 7260 1575 4
3 42 7409 1576 4
3 60 7625 1925 4
3 44 7825 1675 4
3 59 7475 1975 4
3 61 7575 2075 4
3 71 5675 1825 1
3 75 5025 1825 1
3 76 4975 2025 1
3 78 5075 2075 1
3 80 4925 1925 1
3 89 3875 2075 1
3 141 3925 2450 1
3 97 4275 2325 1
3 100 4600 2225 1
3 163 5075 2775 1
3 102 4775 2125 1
3 162 4975 2825 1
3 271 6975 3725 2
3 124 8225 2500 2
3 181 8775 2925 2
3 129 5350 2400 1
3 131 5450 2675 1
3 164 5175 2875 1
3 134 5175 2675 1
3 136 4975 2525 1
3 149 2175 2525 3
3 158 3725 2900 3
3 166 5450 2925 1
3 171 7925 2875 2
3 172 7875 2775 2
3 184 8775 3275 2
3 194 7425 3125 2
3 249 7725 3525 2
3 229 4975 3325 1
3 203 5075 3275 1
3 204 4525 3200 1
3 205 4575 3125 1
3 223 4500 3300 1
3 236 6450 3375 2
3 239 6975 3525 2
3 267 7925 3775 2
3 245 7575 3425 2
3 290 3225 3750 3
3 295 2675 3675 3
4 68 6425 2075 2
4 90 3975 1975 3
4 108 7425 2325 2
4 109 7525 2375 2
4 152 2352 2786 1
4 153 2451 2785 1
4 217 3825 3475 4
4 219 4325 3575 4
4 221 4175 3400 4
4 225 4725 3525 4
4 226 4675 3400 4
4 230 5175 3475 4
4 232 5375 3525 4
4 233 5275 3525 4
4 235 5908 3574 4
4 243 7150 3475 2
4 256 8575 3325 2
4 259 8575 3700 2
4 269 7075 3675 2
4 288 3625 3750 4
4 1 2156 1639 1
4 298 2175 3675 1
4 3 2355 1640 1
4 154 2552 2785 1
4 6 2556 1639 1
4 10 3475 1600 1
4 17 4375 1675 3
4 18 4500 1675 3
4 26 5160 1565 3
4 28 5460 1565 3
4 54 8825 1625 2
4 53 8475 1575 2
4 34 6525 1725 2
4 36 7075 1575 2
4 49 8075 1575 2
4 38 7259 1576 2
4 45 7710 1575 2
4 58 7725 1975 2
4 62 7075 1975 2
4 63 6825 1925 2
4 70 6025 2075 3
4 74 5525 1825 3
4 234 6050 3375 4
4 77 5075 1925 3
4 83 4425 2050 3
4 81 4675 1950 3
4 84 4525 2050 3
4 91 3975 2075 3
4 94 4175 2150 3
4 101 4600 2325 3
4 104 5450 2375 3
4 114 8825 2225 2
4 118 8575 2450 2
4 126 8125 2575 2
4 127 7975 2625 2
4 132 5250 2400 3
4 139 4175 2425 3
4 160 4175 2925 4
4 257 8775 3700 2
4 242 7150 3325 2
4 173 7825 2925 2
4 174 7750 2800 2
4 176 8075 2875 2
4 177 8025 2775 2
4 258 8675 3800 2
4 179 7975 2975 2
4 196 7325 3225 2
4 281 4925 3800 4
4 206 4575 3025 4
4 209 4175 3200 4
4 212 3975 3275 4
4 216 3925 3475 4
4 272 6575 3750 2
4 241 6775 3425 2
4 260 8425 3625 2
4 261 8325 3625 2
4 276 5275 3675 4
4 291 3325 3750 4
