1 14 3875 1775 2
1 293 2925 3725 2
1 1 2156 1639 2
1 4 2256 1640 2
1 7 2975 1725 2
1 9 3375 1600 2
1 88 3875 1900 2
1 143 3325 2450 2
1 145 2575 2525 2
1 212 3975 3275 3
1 215 2925 3475 2
1 290 3225 3750 2
1 292 3125 3725 2
1 295 2675 3675 2
1 263 8175 3625 1
1 117 8825 2425 1
1 119 8725 2525 1
1 122 8475 2600 1
1 127 7975 2625 1
1 173 7825 2925 1
1 175 8125 2775 1
1 182 8775 3025 1
1 184 8775 3275 1
1 192 7600 3175 1
1 194 7425 3125 1
1 195 7425 3025 1
1 237 6675 3325 1
1 239 6975 3525 1
1 250 7825 3375 1
1 255 8325 3525 1
1 257 8775 3700 1
1 272 6575 3750 1
1 261 8325 3625 1
1 264 8225 3775 1
1 273 6375 3750 1
1 226 4675 3400 3
1 227 4775 3375 3
1 229 4975 3325 3
1 299 4775 3225 3
1 15 4275 1625 3
1 17 4375 1675 3
1 20 4550 1750 3
1 22 4775 1725 3
1 69 6000 1975 3
1 73 5425 1825 3
1 74 5525 1825 3
1 77 5075 1925 3
1 228 5175 3300 3
1 83 4425 2050 3
1 231 5025 3450 3
1 101 4600 2325 3
1 203 5075 3275 3
1 206 4575 3025 3
1 132 5250 2400 3
1 136 4975 2525 3
1 138 4875 2675 3
1 164 5175 2875 3
1 202 5175 3150 3
1 224 4400 3300 3
1 283 4775 3675 3
1 30 6375 1575 4
1 33 6675 1725 4
1 39 7625 1775 4
1 107 7075 2175 4
1 46 7711 1575 4
1 48 7975 1575 4
1 52 8375 1575 4
1 55 8820 1928 4
1 58 7725 1975 4
1 62 7075 1975 4
1 63 6825 1925 4
1 65 6975 2075 4
1 109 7525 2375 4
2 2 2456 1639 2
2 5 2656 1640 2
2 10 3475 1600 2
2 12 3700 1600 2
2 91 3975 2075 3
2 93 2925 2150 2
2 147 2275 2525 2
2 157 3325 2900 2
2 159 3925 2900 3
2 297 2375 3675 2
2 218 3975 3375 3
2 287 3825 3650 3
2 294 2575 3675 2
2 296 2275 3675 2
2 267 7925 3775 4
2 268 7875 3675 4
2 114 8825 2225 1
2 116 8703 2197 1
2 128 7750 2650 4
2 171 7925 2875 4
2 174 7750 2800 4
2 177 8025 2775 4
2 179 7975 2975 4
2 187 8075 3075 4
2 189 7975 3075 4
2 191 7575 3075 4
2 238 6575 3525 4
2 240 6875 3325 4
2 241 6775 3425 4
2 252 8225 3425 4
2 253 8225 3325 4
2 256 8575 3325 4
2 259 8575 3700 4
2 265 8075 3775 4
2 269 7075 3675 4
2 197 6125 3025 3
2 16 4275 1725 3
2 18 4500 1675 3
2 21 4560 1565 3
2 72 5275 1825 3
2 75 5025 1825 3
2 79 4775 1875 3
2 284 4575 3675 3
2 84 4525 2050 3
2 94 4175 2150 3
2 96 4275 2225 3
2 98 4425 2150 3
2 100 4600 2225 3
2 104 5450 2375 3
2 130 5450 2525 3
2 135 5075 2575 3
2 140 4175 2625 3
2 162 4975 2825 3
2 165 5450 2825 3
2 167 6125 2875 3
2 199 5375 3250 3
2 201 5450 3025 3
2 219 4325 3575 3
2 225 4725 3525 3
2 232 5375 3525 3
2 233 5275 3525 3
2 280 4675 3675 3
2 282 4925 3675 3
2 285 4425 3675 3
2 31 6525 1575 1
2 37 7260 1575 1
2 68 6425 2075 1
2 44 7825 1675 1
2 45 7710 1575 1
2 50 8175 1575 1
2 53 8475 1575 1
2 56 8825 1825 1
2 59 7475 1975 1
2 66 6675 1925 1
2 105 6775 2225 1
2 106 7275 2275 1
2 111 7775 2350 1
3 3 2355 1640 1
3 6 2556 1639 1
3 8 3275 1600 1
3 90 3975 1975 4
3 142 3725 2450 1
3 144 2925 2425 1
3 149 2175 2525 1
3 151 2249 2786 1
3 153 2451 2785 1
3 155 2651 2787 1
3 288 3625 3750 3
3 158 3725 2900 1
3 214 2925 3198 1
3 216 3925 3475 3
3 289 3475 3750 3
3 115 8725 2375 2
3 120 8625 2600 2
3 123 7975 2475 2
3 126 8125 2575 2
3 169 7575 2875 2
3 172 7875 2775 2
3 176 8075 2875 2
3 180 8775 2825 2
3 186 8525 3225 2
3 188 7975 3275 2
3 190 7825 3125 2
3 193 7425 3275 2
3 236 6450 3375 2
3 243 7150 3475 2
3 244 7625 3525 2
3 247 7425 3425 2
3 249 7725 3525 2
3 260 8425 3625 2
3 262 8375 3775 2
3 266 8075 3675 2
3 24 4860 1565 4
3 26 5160 1565 4
3 29 5610 1565 4
3 71 5675 1825 4
3 80 4925 1925 4
3 82 4775 1975 4
3 85 4175 1950 4
3 87 4275 2050 4
3 95 4325 2150 4
3 97 4275 2325 4
3 99 4525 2150 4
3 103 5175 2325 4
3 129 5350 2400 4
3 131 5450 2675 4
3 133 5175 2475 4
3 166 5450 2925 3
3 200 5275 3250 3
3 234 6050 3375 3
3 205 4575 3125 3
3 207 4425 3200 3
3 209 4175 3200 3
3 211 4275 3025 3
3 221 4175 3400 3
3 223 4500 3300 3
3 230 5175 3475 3
3 235 5908 3574 3
3 274 5975 3750 3
3 278 5075 3800 3
3 286 4325 3725 3
3 40 7410 1575 2
3 61 7575 2075 2
3 108 7425 2325 2
3 110 7475 2175 2
3 35 6875 1575 2
3 41 7560 1575 2
3 42 7409 1576 2
3 43 7560 1576 2
3 112 7825 2175 2
4 11 3575 1600 2
4 13 3900 1625 1
4 89 3875 2075 1
4 92 2925 1875 2
4 141 3925 2450 1
4 146 2675 2525 2
4 148 2375 2525 2
4 150 2148 2786 2
4 152 2352 2786 2
4 154 2552 2785 2
4 156 2925 2925 2
4 213 3875 3275 1
4 217 3825 3475 1
4 291 3325 3750 2
4 298 2175 3675 2
4 196 7325 3225 3
4 270 7150 3750 3
4 118 8575 2450 3
4 121 8375 2600 3
4 124 8225 2500 3
4 125 8225 2600 3
4 170 7425 2875 3
4 178 8125 2975 3
4 181 8775 2925 3
4 183 8775 3125 3
4 185 8625 3225 3
4 242 7150 3325 3
4 245 7575 3425 3
4 246 7475 3525 3
4 248 7825 3525 3
4 251 7725 3375 3
4 254 8475 3525 3
4 258 8675 3800 3
4 271 6975 3725 3
4 160 4175 2925 1
4 161 4175 2725 1
4 276 5275 3675 1
4 277 5375 3675 1
4 279 5204 3772 1
4 27 5310 1565 1
4 19 4450 1750 1
4 23 4710 1565 1
4 25 5010 1565 1
4 28 5460 1565 1
4 70 6025 2075 4
4 76 4975 2025 1
4 78 5075 2075 1
4 81 4675 1950 1
4 86 4125 2050 1
4 102 4775 2125 1
4 134 5175 2675 1
4 137 5025 2675 1
4 139 4175 2425 1
4 163 5075 2775 1
4 168 6025 2875 1
4 198 6025 3175 1
4 204 4525 3200 1
4 208 4325 3200 1
4 210 4275 3125 1
4 220 4275 3300 1
4 222 4125 3300 1
4 275 5325 3775 1
4 281 4925 3800 1
4 32 6675 1575 4
4 34 6525 1725 4
4 36 7075 1575 4
4 38 7259 1576 4
4 47 7875 1575 4
4 49 8075 1575 4
4 51 8275 1575 4
4 54 8825 1625 4
4 57 7725 1825 4
4 60 7625 1925 4
4 64 6775 2075 4
4 67 6200 1975 4
4 113 7875 2350 4
