1 82 4425 2050 3
1 86 4275 2050 3
1 84 4175 1950 3
1 83 4525 2050 3
1 18 4450 1750 3
1 94 4325 2150 3
1 97 4425 2150 3
1 15 4275 1725 3
1 85 4125 2050 3
1 16 4375 1675 3
1 19 4550 1750 3
1 98 4525 2150 3
1 93 4175 2150 3
1 95 4275 2225 3
1 17 4500 1675 3
1 14 4275 1625 3
1 80 4675 1950 3
1 177 8125 2975 7
1 186 8075 3075 7
1 252 8225 3325 7
1 185 8525 3225 7
1 175 8075 2875 7
1 184 8625 3225 7
1 251 8225 3425 7
1 188 7975 3075 7
1 255 8575 3325 7
1 178 7975 2975 7
1 174 8125 2775 7
1 187 7975 3275 7
1 254 8325 3525 7
1 176 8025 2775 7
1 170 7925 2875 7
1 253 8475 3525 7
1 182 8775 3125 7
1 181 8775 3025 7
1 227 5175 3300 2
1 202 5075 3275 2
1 201 5175 3150 2
1 199 5275 3250 2
1 228 4975 3325 2
1 198 5375 3250 2
1 229 5175 3475 2
1 230 5025 3450 2
1 232 5275 3525 2
1 163 5175 2875 2
1 231 5375 3525 2
1 200 5450 3025 2
1 298 4775 3225 2
1 226 4775 3375 2
1 165 5450 2925 2
1 161 4975 2825 2
1 275 5275 3675 2
1 59 7625 1925 5
1 57 7725 1975 5
1 56 7725 1825 5
1 38 7625 1775 5
1 60 7575 2075 5
1 58 7475 1975 5
1 43 7825 1675 5
1 111 7825 2175 5
1 109 7475 2175 5
1 44 7710 1575 5
1 45 7711 1575 5
1 42 7560 1576 5
1 40 7560 1575 5
1 46 7875 1575 5
1 41 7409 1576 5
1 144 2575 2525 6
1 145 2675 2525 6
1 153 2552 2785 6
1 147 2375 2525 6
1 154 2651 2787 6
1 152 2451 2785 6
1 151 2352 2786 6
1 146 2275 2525 6
1 150 2249 2786 6
1 148 2175 2525 6
1 143 2925 2425 6
1 70 5675 1825 8
1 68 6000 1975 8
1 69 6025 2075 8
1 73 5525 1825 8
1 66 6200 1975 8
1 28 5610 1565 8
1 72 5425 1825 8
1 27 5460 1565 8
1 241 7150 3325 1
1 242 7150 3475 1
1 195 7325 3225 1
1 246 7425 3425 1
1 192 7425 3275 1
1 238 6975 3525 1
1 268 7075 3675 1
1 245 7475 3525 1
1 239 6875 3325 1
1 193 7425 3125 1
1 217 3975 3375 4
1 212 3875 3275 4
1 211 3975 3275 4
1 215 3925 3475 4
1 216 3825 3475 4
1 221 4125 3300 4
1 220 4175 3400 4
1 208 4175 3200 4
1 286 3825 3650 4
1 219 4275 3300 4
2 89 3975 1975 2
2 99 4600 2225 2
2 96 4275 2325 2
2 90 3975 2075 2
2 81 4775 1975 2
2 20 4560 1565 2
2 78 4775 1875 2
2 100 4600 2325 2
2 101 4775 2125 2
2 21 4775 1725 2
2 87 3875 1900 2
2 88 3875 2075 2
2 13 3875 1775 2
2 138 4175 2425 2
2 22 4710 1565 2
2 12 3900 1625 2
2 180 8775 2925 6
2 189 7825 3125 1
2 183 8775 3275 6
2 120 8375 2600 6
2 124 8225 2600 6
2 172 7825 2925 6
2 121 8475 2600 6
2 260 8325 3625 1
2 179 8775 2825 6
2 259 8425 3625 1
2 262 8175 3625 1
2 171 7875 2775 6
2 125 8125 2575 6
2 249 7825 3375 1
2 126 7975 2625 6
2 119 8625 2600 6
2 123 8225 2500 6
2 162 5075 2775 4
2 281 4925 3675 5
2 276 5375 3675 5
2 225 4675 3400 5
2 164 5450 2825 4
2 224 4725 3525 5
2 278 5204 3772 5
2 133 5175 2675 4
2 274 5325 3775 5
2 277 5075 3800 5
2 136 5025 2675 4
2 282 4775 3675 5
2 204 4575 3125 5
2 280 4925 3800 5
2 205 4575 3025 5
2 137 4875 2675 4
2 39 7410 1575 3
2 47 7975 1575 3
2 110 7775 2350 6
2 107 7425 2325 3
2 108 7525 2375 3
2 112 7875 2350 6
2 36 7260 1575 3
2 37 7259 1576 3
2 48 8075 1575 3
2 105 7275 2275 3
2 61 7075 1975 3
2 49 8175 1575 3
2 106 7075 2175 3
2 122 7975 2475 6
2 149 2148 2786 8
2 155 2925 2925 7
2 92 2925 2150 8
2 213 2925 3198 7
2 142 3325 2450 7
2 91 2925 1875 8
2 5 2556 1639 8
2 214 2925 3475 7
2 4 2656 1640 8
2 1 2456 1639 8
2 71 5275 1825 4
2 103 5450 2375 4
2 67 6425 2075 3
2 26 5310 1565 4
2 29 6375 1575 3
2 128 5350 2400 4
2 33 6525 1725 3
2 129 5450 2525 4
2 269 7150 3750 1
2 244 7575 3425 1
2 270 6975 3725 1
2 240 6775 3425 1
2 194 7425 3025 1
2 243 7625 3525 1
2 191 7600 3175 1
2 190 7575 3075 1
2 236 6675 3325 1
2 209 4275 3125 5
2 158 3925 2900 7
2 218 4325 3575 5
2 287 3625 3750 7
2 210 4275 3025 5
2 157 3725 2900 7
2 159 4175 2925 5
2 285 4325 3725 5
2 288 3475 3750 7
3 79 4925 1925 8
3 75 4975 2025 8
3 23 4860 1565 8
3 140 3925 2450 4
3 74 5025 1825 8
3 76 5075 1925 8
3 11 3700 1600 3
3 77 5075 2075 8
3 24 5010 1565 8
3 141 3725 2450 4
3 10 3575 1600 3
3 135 4975 2525 8
3 9 3475 1600 3
3 8 3375 1600 3
3 7 3275 1600 3
3 265 8075 3675 6
3 258 8575 3700 6
3 261 8375 3775 6
3 263 8225 3775 6
3 117 8575 2450 5
3 118 8725 2525 5
3 264 8075 3775 6
3 267 7875 3675 6
3 248 7725 3525 6
3 256 8775 3700 6
3 266 7925 3775 6
3 257 8675 3800 6
3 114 8725 2375 5
3 116 8825 2425 5
3 115 8703 2197 5
3 113 8825 2225 5
3 203 4525 3200 4
3 130 5450 2675 8
3 279 4675 3675 4
3 222 4500 3300 4
3 134 5075 2575 8
3 206 4425 3200 4
3 223 4400 3300 4
3 132 5175 2475 8
3 207 4325 3200 4
3 234 5908 3574 1
3 197 6025 3175 1
3 233 6050 3375 1
3 167 6025 2875 1
3 273 5975 3750 1
3 196 6125 3025 1
3 166 6125 2875 1
3 35 7075 1575 2
3 50 8275 1575 5
3 64 6975 2075 2
3 127 7750 2650 6
3 51 8375 1575 5
3 62 6825 1925 2
3 34 6875 1575 2
3 52 8475 1575 5
3 63 6775 2075 2
3 173 7750 2800 6
3 104 6775 2225 2
3 54 8820 1928 5
3 55 8825 1825 5
3 53 8825 1625 5
3 6 2975 1725 3
3 2 2355 1640 3
3 3 2256 1640 3
3 0 2156 1639 3
3 293 2575 3675 7
3 294 2675 3675 7
3 296 2375 3675 7
3 295 2275 3675 7
3 297 2175 3675 7
3 25 5160 1565 8
3 30 6525 1575 2
3 131 5250 2400 8
3 102 5175 2325 8
3 65 6675 1925 2
3 32 6675 1725 2
3 31 6675 1575 2
3 250 7725 3375 6
3 169 7425 2875 6
3 237 6575 3525 1
3 168 7575 2875 6
3 247 7825 3525 6
3 271 6575 3750 1
3 235 6450 3375 1
3 272 6375 3750 1
3 284 4425 3675 4
3 160 4175 2725 4
3 290 3325 3750 7
3 283 4575 3675 4
3 156 3325 2900 7
3 139 4175 2625 4
3 289 3225 3750 7
3 291 3125 3725 7
3 292 2925 3725 7
