1 225 4675 3400 5
1 226 4775 3375 5
1 298 4775 3225 5
1 222 4500 3300 5
1 203 4525 3200 5
1 204 4575 3125 5
1 224 4725 3525 5
1 206 4425 3200 5
1 223 4400 3300 5
1 228 4975 3325 5
1 205 4575 3025 5
1 279 4675 3675 5
1 207 4325 3200 5
1 230 5025 3450 5
1 282 4775 3675 5
1 283 4575 3675 5
1 202 5075 3275 5
1 219 4275 3300 5
1 218 4325 3575 5
1 281 4925 3675 5
1 239 6875 3325 7
1 240 6775 3425 7
1 238 6975 3525 7
1 236 6675 3325 7
1 241 7150 3325 7
1 242 7150 3475 7
1 237 6575 3525 7
1 268 7075 3675 7
1 270 6975 3725 7
1 235 6450 3375 7
1 195 7325 3225 7
1 6 2975 1725 6
1 91 2925 1875 6
1 7 3275 1600 6
1 8 3375 1600 6
1 9 3475 1600 6
1 92 2925 2150 6
1 10 3575 1600 6
1 4 2656 1640 6
1 186 8075 3075 2
1 177 8125 2975 2
1 252 8225 3325 2
1 188 7975 3075 2
1 185 8525 3225 2
1 251 8225 3425 2
1 175 8075 2875 2
1 187 7975 3275 2
1 178 7975 2975 2
1 174 8125 2775 2
1 255 8575 3325 2
1 184 8625 3225 2
1 170 7925 2875 2
1 254 8325 3525 2
1 176 8025 2775 2
1 189 7825 3125 2
1 253 8475 3525 2
1 172 7825 2925 2
1 249 7825 3375 2
1 65 6675 1925 3
1 33 6525 1725 3
1 32 6675 1725 3
1 62 6825 1925 3
1 67 6425 2075 3
1 63 6775 2075 3
1 30 6525 1575 3
1 213 2925 3198 1
1 155 2925 2925 1
1 214 2925 3475 1
1 154 2651 2787 1
1 153 2552 2785 1
1 152 2451 2785 1
1 294 2675 3675 1
1 293 2575 3675 1
1 151 2352 2786 1
1 56 7725 1825 8
1 57 7725 1975 8
1 43 7825 1675 8
1 59 7625 1925 8
1 38 7625 1775 8
1 46 7875 1575 8
1 47 7975 1575 8
1 111 7825 2175 8
1 45 7711 1575 8
1 44 7710 1575 8
1 48 8075 1575 8
1 60 7575 2075 8
1 81 4775 1975 4
1 101 4775 2125 4
1 80 4675 1950 4
1 78 4775 1875 4
1 79 4925 1925 4
1 75 4975 2025 4
1 83 4525 2050 4
1 99 4600 2225 4
1 98 4525 2150 4
1 77 5075 2075 4
1 100 4600 2325 4
1 21 4775 1725 4
1 76 5075 1925 4
1 82 4425 2050 4
1 74 5025 1825 4
1 97 4425 2150 4
1 19 4550 1750 4
1 18 4450 1750 4
1 94 4325 2150 4
2 284 4425 3675 8
2 209 4275 3125 8
2 210 4275 3025 8
2 227 5175 3300 4
2 220 4175 3400 8
2 208 4175 3200 8
2 229 5175 3475 4
2 201 5175 3150 4
2 285 4325 3725 8
2 280 4925 3800 8
2 221 4125 3300 8
2 161 4975 2825 4
2 199 5275 3250 4
2 277 5075 3800 8
2 159 4175 2925 8
2 232 5275 3525 4
2 163 5175 2875 4
2 137 4875 2675 4
2 162 5075 2775 4
2 269 7150 3750 3
2 271 6575 3750 3
2 246 7425 3425 3
2 192 7425 3275 3
2 193 7425 3125 3
2 245 7475 3525 3
2 272 6375 3750 3
2 194 7425 3025 3
2 244 7575 3425 3
2 169 7425 2875 3
2 11 3700 1600 1
2 5 2556 1639 6
2 143 2925 2425 6
2 142 3325 2450 6
2 1 2456 1639 6
2 13 3875 1775 1
2 87 3875 1900 1
2 262 8175 3625 2
2 260 8325 3625 2
2 171 7875 2775 2
2 124 8225 2600 2
2 182 8775 3125 2
2 259 8425 3625 2
2 181 8775 3025 2
2 120 8375 2600 2
2 183 8775 3275 2
2 125 8125 2575 2
2 180 8775 2925 2
2 126 7975 2625 2
2 121 8475 2600 2
2 265 8075 3675 2
2 250 7725 3375 3
2 247 7825 3525 3
2 173 7750 2800 2
2 179 8775 2825 2
2 31 6675 1575 7
2 29 6375 1575 7
2 104 6775 2225 7
2 66 6200 1975 7
2 34 6875 1575 7
2 64 6975 2075 7
2 292 2925 3725 6
2 296 2375 3675 6
2 150 2249 2786 6
2 145 2675 2525 6
2 295 2275 3675 6
2 144 2575 2525 6
2 156 3325 2900 6
2 149 2148 2786 6
2 291 3125 3725 6
2 49 8175 1575 5
2 58 7475 1975 5
2 42 7560 1576 5
2 40 7560 1575 5
2 50 8275 1575 5
2 112 7875 2350 5
2 110 7775 2350 5
2 109 7475 2175 5
2 39 7410 1575 5
2 41 7409 1576 5
2 51 8375 1575 5
2 122 7975 2475 2
2 17 4500 1675 1
2 22 4710 1565 1
2 86 4275 2050 1
2 23 4860 1565 1
2 102 5175 2325 4
2 95 4275 2225 1
2 20 4560 1565 1
2 135 4975 2525 4
2 16 4375 1675 1
2 24 5010 1565 1
2 71 5275 1825 1
2 96 4275 2325 1
2 15 4275 1725 1
2 132 5175 2475 4
2 84 4175 1950 1
2 93 4175 2150 1
2 131 5250 2400 4
2 134 5075 2575 4
2 25 5160 1565 1
3 278 5204 3772 8
3 275 5275 3675 8
3 198 5375 3250 8
3 211 3975 3275 7
3 217 3975 3375 7
3 231 5375 3525 8
3 215 3925 3475 7
3 160 4175 2725 4
3 276 5375 3675 8
3 274 5325 3775 8
3 212 3875 3275 7
3 200 5450 3025 8
3 158 3925 2900 7
3 165 5450 2925 8
3 216 3825 3475 7
3 164 5450 2825 8
3 286 3825 3650 7
3 157 3725 2900 7
3 191 7600 3175 2
3 190 7575 3075 2
3 243 7625 3525 2
3 196 6125 3025 8
3 233 6050 3375 8
3 197 6025 3175 8
3 166 6125 2875 8
3 273 5975 3750 8
3 167 6025 2875 8
3 234 5908 3574 8
3 88 3875 2075 4
3 12 3900 1625 4
3 2 2355 1640 5
3 141 3725 2450 4
3 3 2256 1640 5
3 0 2156 1639 5
3 123 8225 2500 6
3 119 8625 2600 6
3 263 8225 3775 2
3 248 7725 3525 2
3 267 7875 3675 2
3 261 8375 3775 2
3 258 8575 3700 2
3 264 8075 3775 2
3 127 7750 2650 3
3 168 7575 2875 3
3 266 7925 3775 2
3 117 8575 2450 6
3 118 8725 2525 6
3 256 8775 3700 2
3 257 8675 3800 2
3 114 8725 2375 6
3 116 8825 2425 6
3 61 7075 1975 3
3 106 7075 2175 3
3 35 7075 1575 3
3 68 6000 1975 1
3 69 6025 2075 1
3 70 5675 1825 1
3 297 2175 3675 5
3 147 2375 2525 5
3 289 3225 3750 7
3 146 2275 2525 5
3 290 3325 3750 7
3 148 2175 2525 5
3 288 3475 3750 7
3 287 3625 3750 7
3 108 7525 2375 3
3 107 7425 2325 3
3 52 8475 1575 6
3 36 7260 1575 3
3 37 7259 1576 3
3 105 7275 2275 3
3 115 8703 2197 6
3 54 8820 1928 6
3 55 8825 1825 6
3 53 8825 1625 6
3 113 8825 2225 6
3 85 4125 2050 4
3 14 4275 1625 4
3 136 5025 2675 1
3 128 5350 2400 1
3 138 4175 2425 4
3 72 5425 1825 1
3 26 5310 1565 1
3 133 5175 2675 1
3 103 5450 2375 1
3 90 3975 2075 4
3 89 3975 1975 4
3 73 5525 1825 1
3 139 4175 2625 4
3 129 5450 2525 1
3 27 5460 1565 1
3 140 3925 2450 4
3 130 5450 2675 1
3 28 5610 1565 1
