1 5 2556 1639 4
1 7 3275 1600 2
1 12 3900 1625 2
1 13 3875 1775 2
1 17 4500 1675 2
1 25 5160 1565 6
1 26 5310 1565 6
1 29 6375 1575 6
1 30 6525 1575 3
1 34 6875 1575 3
1 36 7260 1575 3
1 40 7560 1575 3
1 45 7711 1575 3
1 46 7875 1575 3
1 48 8075 1575 3
1 51 8375 1575 3
1 55 8825 1825 3
1 58 7475 1975 3
1 59 7625 1925 3
1 60 7575 2075 3
1 61 7075 1975 3
1 69 6025 2075 6
1 72 5425 1825 6
1 74 5025 1825 6
1 75 4975 2025 6
1 76 5075 1925 6
1 84 4175 1950 2
1 85 4125 2050 2
1 87 3875 1900 2
1 92 2925 2150 4
1 97 4425 2150 2
1 109 7475 2175 3
1 110 7775 2350 3
1 119 8625 2600 5
1 121 8475 2600 5
1 126 7975 2625 5
1 127 7750 2650 5
1 128 5350 2400 6
1 129 5450 2525 6
1 132 5175 2475 6
1 140 3925 2450 2
1 146 2275 2525 4
1 147 2375 2525 4
1 148 2175 2525 4
1 149 2148 2786 4
1 154 2651 2787 4
1 165 5450 2925 1
1 169 7425 2875 5
1 171 7875 2775 5
1 178 7975 2975 5
1 183 8775 3275 5
1 187 7975 3275 5
1 190 7575 3075 5
1 193 7425 3125 5
1 196 6125 3025 7
1 197 6025 3175 7
1 199 5275 3250 1
1 203 4525 3200 1
1 206 4425 3200 1
1 207 4325 3200 1
1 208 4175 3200 1
1 212 3875 3275 8
1 213 2925 3198 8
1 215 3925 3475 8
1 216 3825 3475 8
1 222 4500 3300 1
1 225 4675 3400 1
1 227 5175 3300 1
1 228 4975 3325 1
1 232 5275 3525 1
1 234 5908 3574 7
1 235 6450 3375 7
1 238 6975 3525 7
1 245 7475 3525 5
1 253 8475 3525 5
1 256 8775 3700 5
1 257 8675 3800 5
1 261 8375 3775 5
1 269 7150 3750 7
1 271 6575 3750 7
1 274 5325 3775 1
1 275 5275 3675 1
1 276 5375 3675 1
1 277 5075 3800 1
1 278 5204 3772 1
1 279 4675 3675 1
1 281 4925 3675 1
1 282 4775 3675 1
1 283 4575 3675 1
1 286 3825 3650 8
1 287 3625 3750 8
1 288 3475 3750 8
1 289 3225 3750 8
1 291 3125 3725 8
1 293 2575 3675 8
1 294 2675 3675 8
1 295 2275 3675 8
1 297 2175 3675 8
1 298 4775 3225 1
2 0 2156 1639 4
2 1 2456 1639 4
2 2 2355 1640 4
2 3 2256 1640 4
2 4 2656 1640 4
2 6 2975 1725 4
2 9 3475 1600 4
2 15 4275 1725 5
2 19 4550 1750 5
2 21 4775 1725 5
2 23 4860 1565 5
2 24 5010 1565 5
2 27 5460 1565 5
2 31 6675 1575 2
2 32 6675 1725 2
2 33 6525 1725 2
2 35 7075 1575 2
2 37 7259 1576 2
2 43 7825 1675 3
2 50 8275 1575 3
2 53 8825 1625 3
2 54 8820 1928 3
2 62 6825 1925 2
2 66 6200 1975 2
2 68 6000 1975 2
2 77 5075 2075 5
2 78 4775 1875 5
2 79 4925 1925 5
2 80 4675 1950 5
2 82 4425 2050 5
2 83 4525 2050 5
2 88 3875 2075 5
2 90 3975 2075 5
2 99 4600 2225 5
2 100 4600 2325 5
2 101 4775 2125 5
2 102 5175 2325 8
2 104 6775 2225 2
2 107 7425 2325 2
2 108 7525 2375 2
2 112 7875 2350 3
2 114 8725 2375 3
2 115 8703 2197 3
2 116 8825 2425 3
2 117 8575 2450 3
2 120 8375 2600 3
2 123 8225 2500 3
2 124 8225 2600 3
2 131 5250 2400 8
2 133 5175 2675 8
2 134 5075 2575 8
2 135 4975 2525 8
2 136 5025 2675 8
2 138 4175 2425 5
2 143 2925 2425 4
2 145 2675 2525 4
2 150 2249 2786 4
2 151 2352 2786 4
2 155 2925 2925 4
2 164 5450 2825 8
2 174 8125 2775 7
2 175 8075 2875 7
2 176 8025 2775 7
2 179 8775 2825 7
2 180 8775 2925 7
2 182 8775 3125 7
2 184 8625 3225 7
2 185 8525 3225 7
2 188 7975 3075 7
2 189 7825 3125 7
2 191 7600 3175 6
2 192 7425 3275 6
2 194 7425 3025 6
2 200 5450 3025 8
2 202 5075 3275 8
2 209 4275 3125 1
2 211 3975 3275 1
2 217 3975 3375 1
2 218 4325 3575 1
2 219 4275 3300 1
2 221 4125 3300 1
2 223 4400 3300 1
2 226 4775 3375 1
2 229 5175 3475 8
2 230 5025 3450 8
2 237 6575 3525 6
2 241 7150 3325 6
2 242 7150 3475 6
2 243 7625 3525 6
2 244 7575 3425 6
2 246 7425 3425 6
2 254 8325 3525 7
2 255 8575 3325 7
2 259 8425 3625 7
2 262 8175 3625 7
2 263 8225 3775 7
2 265 8075 3675 7
2 266 7925 3775 7
2 268 7075 3675 6
2 272 6375 3750 6
3 8 3375 1600 7
3 10 3575 1600 7
3 11 3700 1600 7
3 14 4275 1625 7
3 16 4375 1675 7
3 18 4450 1750 7
3 20 4560 1565 7
3 22 4710 1565 7
3 28 5610 1565 8
3 38 7625 1775 4
3 39 7410 1575 4
3 41 7409 1576 4
3 42 7560 1576 4
3 44 7710 1575 4
3 47 7975 1575 4
3 49 8175 1575 4
3 52 8475 1575 4
3 56 7725 1825 4
3 57 7725 1975 4
3 63 6775 2075 2
3 64 6975 2075 2
3 65 6675 1925 2
3 67 6425 2075 2
3 70 5675 1825 8
3 71 5275 1825 8
3 73 5525 1825 8
3 81 4775 1975 7
3 86 4275 2050 7
3 89 3975 1975 7
3 91 2925 1875 6
3 93 4175 2150 7
3 94 4325 2150 7
3 95 4275 2225 7
3 96 4275 2325 7
3 98 4525 2150 7
3 103 5450 2375 8
3 105 7275 2275 2
3 106 7075 2175 2
3 111 7825 2175 4
3 113 8825 2225 4
3 118 8725 2525 5
3 122 7975 2475 4
3 125 8125 2575 5
3 130 5450 2675 8
3 137 4875 2675 1
3 139 4175 2625 7
3 141 3725 2450 7
3 142 3325 2450 6
3 144 2575 2525 6
3 152 2451 2785 6
3 153 2552 2785 6
3 156 3325 2900 6
3 157 3725 2900 6
3 158 3925 2900 1
3 159 4175 2925 1
3 160 4175 2725 1
3 161 4975 2825 1
3 162 5075 2775 1
3 163 5175 2875 1
3 166 6125 2875 3
3 167 6025 2875 3
3 168 7575 2875 5
3 170 7925 2875 5
3 172 7825 2925 5
3 173 7750 2800 5
3 177 8125 2975 5
3 181 8775 3025 5
3 186 8075 3075 5
3 195 7325 3225 5
3 198 5375 3250 1
3 201 5175 3150 1
3 204 4575 3125 1
3 205 4575 3025 1
3 210 4275 3025 1
3 214 2925 3475 6
3 220 4175 3400 1
3 224 4725 3525 1
3 231 5375 3525 1
3 233 6050 3375 3
3 236 6675 3325 3
3 239 6875 3325 3
3 240 6775 3425 3
3 247 7825 3525 5
3 248 7725 3525 5
3 249 7825 3375 5
3 250 7725 3375 5
3 251 8225 3425 5
3 252 8225 3325 5
3 258 8575 3700 5
3 260 8325 3625 5
3 264 8075 3775 5
3 267 7875 3675 5
3 270 6975 3725 3
3 273 5975 3750 3
3 280 4925 3800 1
3 284 4425 3675 1
3 285 4325 3725 1
3 290 3325 3750 6
3 292 2925 3725 6
3 296 2375 3675 6
