1 36 806.139 537.748 3
1 74 795.061 496.701 3
1 325 763.859 558.636 3
1 377 827.455 580.479 3
1 81 748.357 537.031 3
1 27 828.34 584.111 3
1 105 755.117 581.702 3
1 269 746.616 491.772 3
1 268 818.774 606.902 3
1 219 811.997 466.21 3
1 296 868.559 484.797 3
1 175 884.474 559.131 3
1 249 818.209 629.891 3
1 273 709.83 561.077 3
1 222 853.959 621.638 3
1 385 724.782 471.166 3
1 230 814.209 436.493 3
1 290 786.058 432.582 3
1 367 693.672 555.594 3
1 98 730.64 446.995 3
1 19 691.414 576.653 3
1 62 908.764 483.318 3
1 165 678.108 546.502 3
1 110 692.786 475.055 3
1 169 852.354 420.312 3
1 217 881.955 436.361 3
1 369 760.5 411.841 3
1 103 700.979 439.308 3
1 320 920.634 460.336 3
1 56 699.395 641.832 3
1 317 818.496 388.539 3
1 336 782.186 687.569 3
1 387 885.712 666.382 3
1 142 725.65 402.263 3
1 26 913.249 428.902 3
1 247 805.435 372.793 3
1 226 648.783 603.79 3
1 214 642.573 589.53 3
1 354 800.506 368.529 3
1 220 963.481 584.969 3
1 376 825.413 709.361 3
1 370 626.521 526.724 3
1 125 923.029 410.17 3
1 11 946.1 432.995 3
1 178 669.764 662.314 3
1 309 747.866 360.265 3
1 333 740.572 359.87 3
1 161 310.765 220.815 2
1 312 344.638 230.393 2
1 224 272.482 202.425 2
1 258 360.033 175.038 2
1 286 273.595 173.028 2
1 260 260.672 213.383 2
1 348 382.173 228.74 2
1 314 257.178 178.95 2
1 382 274.222 258.428 2
1 101 258.125 251.372 2
1 228 399.475 192.268 2
1 78 370.272 274.581 2
1 231 291.053 292.049 2
1 174 417.205 194.188 2
1 391 256.231 126.549 2
1 89 316.686 311.822 2
1 113 226.997 149.199 2
1 180 424.972 239.973 2
1 144 429.87 229.253 2
1 374 377.688 314.408 2
1 209 382.491 96.1738 2
1 120 368.488 322.474 2
1 318 438.962 136.901 2
1 203 372.177 77.9249 2
1 251 203.288 280.22 2
1 164 257.714 332.927 2
1 155 267.979 69.0196 2
1 43 460.829 255.503 2
1 50 232.874 327.742 2
1 342 172.907 173.232 2
1 87 192.47 292.712 2
1 7 476.864 203.976 2
1 243 195.262 304.483 2
1 37 445.404 306.86 2
1 365 214.744 82.1886 2
1 127 476.331 253.181 2
1 70 156.993 187.479 2
1 40 156.444 178.995 2
1 237 227.183 343.604 2
1 126 153.759 230.999 2
1 334 494.045 199.61 2
1 184 153.897 253.897 2
1 64 171.854 111.942 2
1 29 271.361 736.904 1
1 75 298.827 796.84 1
1 68 267.929 788.352 1
1 396 349.224 799.328 1
1 340 257.615 814.539 1
1 315 233.293 789.181 1
1 14 247.619 698.637 1
1 20 237.167 707.298 1
1 117 207.262 753.08 1
1 136 359.094 688.825 1
1 319 344.937 837.515 1
1 300 236.206 683.44 1
1 275 384.806 812.568 1
1 6 233.569 850.798 1
1 67 327.208 868.8 1
1 299 414.131 748.199 1
1 63 195.225 821.483 1
1 395 367.23 863.354 1
1 195 172.306 772.747 1
1 106 168.354 774.785 1
1 100 377.453 863.505 1
1 250 415.46 823.742 1
1 46 279.893 896.021 1
1 390 165.76 712.313 1
1 159 165.471 811.813 1
1 114 326.41 615.676 1
1 310 430.779 816.476 1
1 221 312.678 611.344 1
1 349 407.053 857.824 1
1 122 284.623 905.817 1
1 272 431.006 685.786 1
1 55 421.545 669.856 1
1 252 325.896 907.59 1
1 129 439.629 819.344 1
1 246 256.513 606.643 1
1 306 451.636 797.971 1
1 112 433.068 854.106 1
1 205 295.533 923.189 1
1 303 334.192 594.83 1
1 157 456.946 809.262 1
1 41 140.141 704.084 1
1 47 331.283 923.481 1
1 119 245.176 595.849 1
1 338 463.399 711.7 1
1 327 189.042 621.271 1
2 42 963.235 442.629 1
2 261 934.248 685.015 1
2 95 653.011 671.869 1
2 79 789.206 738.168 1
2 375 961.419 413.034 1
2 227 783.667 742.083 1
2 65 599.164 587.5 1
2 102 659.297 693.415 1
2 104 801.207 327.664 1
2 225 762.214 751.456 1
2 256 599.164 619.972 1
2 259 809.911 758.316 1
2 51 870.562 747.862 1
2 111 615.258 416.034 1
2 130 959.404 382.332 1
2 170 850.689 321.301 1
2 146 578.122 545.104 1
2 140 840.931 757.357 1
2 13 861.254 754.12 1
2 279 808.889 763.527 1
2 302 732.088 320.501 1
2 21 583.448 609.201 1
2 107 607.71 673.196 1
2 124 942.046 733.577 1
2 280 775.352 780.347 1
2 293 890.36 307.257 1
2 193 776.794 291.288 1
2 352 891.084 771.611 1
2 30 979.153 716.97 1
2 366 560.439 622.937 1
2 32 817.106 281.12 1
2 4 796.042 796.519 1
2 353 609.907 714.945 1
2 289 540.007 528.659 1
2 254 826.909 802.719 1
2 241 980.725 735.09 1
2 359 603.56 723.736 1
2 211 759.957 814.02 1
2 298 616.789 748.507 1
2 351 534.254 449.898 1
2 72 745.996 818.744 1
2 381 738.931 820.767 1
2 9 954.573 785.053 1
2 265 852.864 824.65 1
2 188 951.537 792.325 1
2 149 875.589 251.226 1
2 257 327.353 384.372 2
2 90 494.944 163.27 2
2 236 344.656 388.185 2
2 358 235.387 41.3129 2
2 152 134 228.874 2
2 148 509.211 164.053 2
2 191 331.085 8.82753 2
2 179 420.178 34.4287 2
2 82 486.979 88.5907 2
2 83 148.737 95.1072 2
2 238 491.148 328.614 2
2 308 236.339 400.124 2
2 158 217.245 20.1127 2
2 84 231.984 10.131 2
2 262 176.023 365.196 2
2 339 99.6077 192.347 2
2 192 547.387 204.852 2
2 380 109.524 120.779 2
2 177 262.003 425.604 2
2 285 314.339 438.079 2
2 346 286.889 436.077 2
2 189 190.116 9.77048 2
2 307 197.287 1.98716 2
2 295 473.917 22.3053 2
2 49 511.528 60.4103 2
2 337 559.929 171.432 2
2 235 175.856 408.861 2
2 397 127.116 42.9147 2
2 248 462.037 417.062 2
2 393 524.925 53.7248 2
2 54 550.99 317.71 2
2 160 381.612 457.549 2
2 151 485.894 5.4797 2
2 242 58.1823 207.452 2
2 52 126.307 27.0835 2
2 132 475.22 422.92 2
2 283 114.258 377.412 2
2 167 560.389 331.015 2
2 398 587.637 139.566 2
2 277 52.5835 271.001 2
2 94 109.477 27.3525 2
2 39 555.492 359.315 2
2 210 134.598 416.191 2
2 25 196.656 613.862 3
2 274 452.184 663.382 3
2 123 347.487 932.543 3
2 128 232.085 588.069 3
2 156 476.475 711.843 3
2 71 186.101 903.489 3
2 34 278.353 945.623 3
2 8 406.271 601.839 3
2 166 176.011 611.721 3
2 343 483.206 814.332 3
2 326 477.087 834.773 3
2 141 449.959 883.516 3
2 38 306.696 552.626 3
2 150 101.219 820.45 3
2 109 505.772 795.094 3
2 200 417.302 581.199 3
2 22 404.171 942.218 3
2 270 231.083 960.553 3
2 335 225.447 556.169 3
2 0 435.841 587.522 3
2 294 304.468 535.688 3
2 5 88.9064 838.954 3
2 292 509.984 834.341 3
2 153 167.243 943.593 3
2 297 91.7265 661.356 3
2 61 489.34 885.471 3
2 202 486.743 625.481 3
2 215 228.193 537.552 3
2 322 123.803 911.149 3
2 183 180.64 963.276 3
2 328 500.418 885.256 3
2 91 525.118 681.256 3
2 116 175.187 551.629 3
2 163 135.318 579.262 3
2 278 152.733 951.553 3
2 383 82.5408 643.565 3
2 357 517.93 649.464 3
2 190 347.579 997.518 3
2 287 49.9968 742.733 3
2 147 541.69 818.375 3
2 3 444.217 553.301 3
2 35 168.54 974.806 3
2 172 104.725 588.78 3
2 253 512.472 906.526 3
2 361 498.328 926.571 3
3 323 826.839 234.883 2
3 384 592.712 764.167 1
3 138 607.208 778.844 1
3 60 764.19 227.841 2
3 134 844.594 856.238 1
3 1 602.539 801.704 1
3 145 980.879 821.977 1
3 282 988.743 256.46 2
3 329 807.777 879.354 1
3 182 967.473 235.618 2
3 137 901.1 207.153 2
3 92 835.669 882.708 1
3 234 769.072 182.917 2
3 240 789.06 180.381 2
3 93 775.205 181.054 2
3 372 918.947 876.684 1
3 371 995.853 234.577 2
3 85 972.905 220.419 2
3 45 931.464 198.146 2
3 176 868.707 180.065 2
3 386 778.131 902.453 1
3 332 752.455 173.084 2
3 80 800.35 158.589 2
3 96 628.285 197.058 2
3 194 756.586 917.899 1
3 392 927.385 899.534 1
3 313 754.786 929.344 1
3 143 882.698 149.994 2
3 218 680.574 156.194 2
3 69 792.919 136.517 2
3 301 974.766 171.802 2
3 324 967.716 166.523 2
3 271 683.546 930.491 1
3 2 861.563 954.019 1
3 197 904.883 126.216 2
3 360 910.373 948.618 1
3 206 879.339 967.331 1
3 389 741.314 972.935 1
3 363 779.11 99.0186 2
3 15 963.227 965.824 1
3 115 756.359 997.073 1
3 291 995.164 77.7478 2
3 373 989.579 47.3211 2
3 321 950.473 33.9817 2
3 350 957.659 25.5349 2
3 173 64.3447 87.0233 3
3 86 40.56 259.589 3
3 76 91.6001 378.018 3
3 196 85.7052 33.6732 3
3 364 582.097 75.6071 2
3 245 557.17 378.511 2
3 108 569.788 359.946 2
3 347 34.4571 282.052 3
3 388 26.8873 163.883 3
3 198 87.5416 389.28 3
3 368 90.496 16.7955 3
3 186 23.8826 240.295 3
3 311 21.823 256.845 3
3 356 122.621 436.923 3
3 17 563.237 20.7366 2
3 304 561.254 14.0532 2
3 379 620.154 281.819 2
3 355 6.5945 196.999 3
3 199 21.9732 102.51 3
3 28 49.6047 40.6059 3
3 233 92.7453 433.967 3
3 263 606.972 355.066 2
3 330 6.13562 122.624 3
3 394 72.1925 423.799 3
3 24 20.0806 62.8968 3
3 399 22.8315 355.085 3
3 204 117.937 480.467 3
3 232 607.013 13.6116 2
3 53 25.7158 384.711 3
3 288 6.42906 353.95 3
3 181 615.069 4.82106 2
3 73 672.67 141.516 2
3 162 2.19756 25.8493 3
3 216 645.769 36.6176 2
3 139 682.389 84.7105 2
3 187 701.018 43.4543 2
3 133 734.709 76.166 2
3 171 745.771 57.0821 2
3 266 746.32 56.0444 2
3 207 889.914 107.701 2
3 276 886.343 4.94442 2
3 77 917.898 105.225 2
3 168 416.783 521.535 3
3 12 83.0742 601.487 3
3 185 138.308 544.775 3
3 281 178.085 519.553 3
3 284 236.126 494.214 3
3 59 547.886 870.165 1
3 255 374.105 494.356 3
3 344 537.144 893.849 1
3 31 489.418 957.946 1
3 316 109.638 555.178 3
3 18 55.259 619.092 3
3 16 125.872 536.987 3
3 44 385.534 487.846 3
3 118 127.313 986.134 3
3 239 25.5217 669.796 3
3 213 244.594 473.987 3
3 33 332.771 466.52 3
3 57 30.6059 881.315 3
3 201 205.641 477.219 3
3 48 33.5356 889.86 3
3 135 10.2508 829.527 3
3 58 486.626 987.924 1
3 97 1.94865 712.335 3
3 66 132.524 507.626 3
3 267 93.5555 531.101 3
3 341 42.8894 926.489 3
3 212 44.5069 940.863 3
3 23 15.771 614.642 3
3 362 548.665 952.849 1
3 223 518.363 989.629 1
3 229 32.4988 938.751 3
3 121 618.453 808.454 1
3 99 580.371 933.465 1
3 305 33.0116 545.758 3
3 244 543.707 996.057 1
3 154 156.372 445.891 3
3 378 35.7801 990.366 3
3 208 636.977 852.552 1
3 10 593.326 968.644 1
3 345 2.99018 973.272 3
3 88 24.0393 509.808 3
3 264 667.645 810.279 1
3 131 659.332 989.174 1
3 331 680.526 979.535 1
