1 1 602.539 801.704 2
1 3 444.217 553.301 2
1 5 88.9064 838.954 2
1 6 233.569 850.798 2
1 9 954.573 785.053 1
1 13 861.254 754.12 1
1 14 247.619 698.637 2
1 16 125.872 536.987 3
1 24 20.0806 62.8968 3
1 26 913.249 428.902 1
1 28 49.6047 40.6059 3
1 29 271.361 736.904 2
1 35 168.54 974.806 2
1 37 445.404 306.86 3
1 38 306.696 552.626 2
1 39 555.492 359.315 1
1 42 963.235 442.629 1
1 43 460.829 255.503 3
1 51 870.562 747.862 1
1 53 25.7158 384.711 3
1 56 699.395 641.832 1
1 60 764.19 227.841 1
1 61 489.34 885.471 2
1 62 908.764 483.318 1
1 71 186.101 903.489 2
1 72 745.996 818.744 1
1 73 672.67 141.516 1
1 75 298.827 796.84 2
1 78 370.272 274.581 3
1 80 800.35 158.589 1
1 82 486.979 88.5907 3
1 89 316.686 311.822 3
1 91 525.118 681.256 2
1 98 730.64 446.995 1
1 104 801.207 327.664 1
1 108 569.788 359.946 1
1 111 615.258 416.034 1
1 112 433.068 854.106 2
1 113 226.997 149.199 3
1 114 326.41 615.676 2
1 115 756.359 997.073 2
1 117 207.262 753.08 2
1 120 368.488 322.474 3
1 121 618.453 808.454 2
1 123 347.487 932.543 2
1 128 232.085 588.069 2
1 129 439.629 819.344 2
1 130 959.404 382.332 1
1 132 475.22 422.92 3
1 141 449.959 883.516 2
1 142 725.65 402.263 1
1 144 429.87 229.253 3
1 149 875.589 251.226 1
1 150 101.219 820.45 2
1 151 485.894 5.4797 3
1 154 156.372 445.891 3
1 155 267.979 69.0196 3
1 156 476.475 711.843 2
1 157 456.946 809.262 2
1 174 417.205 194.188 3
1 178 669.764 662.314 1
1 182 967.473 235.618 1
1 192 547.387 204.852 3
1 193 776.794 291.288 1
1 195 172.306 772.747 2
1 197 904.883 126.216 1
1 200 417.302 581.199 2
1 201 205.641 477.219 3
1 211 759.957 814.02 1
1 212 44.5069 940.863 2
1 213 244.594 473.987 3
1 214 642.573 589.53 1
1 217 881.955 436.361 1
1 221 312.678 611.344 2
1 224 272.482 202.425 3
1 227 783.667 742.083 1
1 231 291.053 292.049 3
1 232 607.013 13.6116 3
1 233 92.7453 433.967 3
1 237 227.183 343.604 3
1 238 491.148 328.614 3
1 239 25.5217 669.796 2
1 240 789.06 180.381 1
1 241 980.725 735.09 1
1 242 58.1823 207.452 3
1 243 195.262 304.483 3
1 245 557.17 378.511 1
1 246 256.513 606.643 2
1 248 462.037 417.062 3
1 250 415.46 823.742 2
1 255 374.105 494.356 3
1 258 360.033 175.038 3
1 260 260.672 213.383 3
1 262 176.023 365.196 3
1 264 667.645 810.279 2
1 268 818.774 606.902 1
1 270 231.083 960.553 2
1 273 709.83 561.077 1
1 275 384.806 812.568 2
1 279 808.889 763.527 1
1 285 314.339 438.079 3
1 287 49.9968 742.733 2
1 288 6.42906 353.95 3
1 289 540.007 528.659 1
1 291 995.164 77.7478 1
1 295 473.917 22.3053 3
1 296 868.559 484.797 1
1 299 414.131 748.199 2
1 300 236.206 683.44 2
1 306 451.636 797.971 2
1 307 197.287 1.98716 3
1 310 430.779 816.476 2
1 316 109.638 555.178 3
1 317 818.496 388.539 1
1 319 344.937 837.515 2
1 320 920.634 460.336 1
1 323 826.839 234.883 1
1 326 477.087 834.773 2
1 328 500.418 885.256 2
1 329 807.777 879.354 1
1 341 42.8894 926.489 2
1 344 537.144 893.849 2
1 347 34.4571 282.052 3
1 356 122.621 436.923 3
1 362 548.665 952.849 2
1 365 214.744 82.1886 3
1 366 560.439 622.937 2
1 367 693.672 555.594 1
1 371 995.853 234.577 1
1 375 961.419 413.034 1
1 384 592.712 764.167 2
1 387 885.712 666.382 1
1 388 26.8873 163.883 3
2 2 861.563 954.019 2
2 8 406.271 601.839 2
2 10 593.326 968.644 2
2 12 83.0742 601.487 3
2 18 55.259 619.092 3
2 19 691.414 576.653 2
2 20 237.167 707.298 3
2 22 404.171 942.218 2
2 23 15.771 614.642 3
2 32 817.106 281.12 1
2 33 332.771 466.52 3
2 36 806.139 537.748 2
2 40 156.444 178.995 3
2 41 140.141 704.084 3
2 45 931.464 198.146 1
2 48 33.5356 889.86 3
2 49 511.528 60.4103 1
2 50 232.874 327.742 3
2 52 126.307 27.0835 3
2 54 550.99 317.71 1
2 58 486.626 987.924 2
2 59 547.886 870.165 2
2 65 599.164 587.5 2
2 67 327.208 868.8 2
2 74 795.061 496.701 1
2 76 91.6001 378.018 3
2 85 972.905 220.419 1
2 87 192.47 292.712 3
2 96 628.285 197.058 1
2 99 580.371 933.465 2
2 100 377.453 863.505 2
2 105 755.117 581.702 2
2 106 168.354 774.785 3
2 118 127.313 986.134 2
2 119 245.176 595.849 3
2 122 284.623 905.817 2
2 124 942.046 733.577 2
2 125 923.029 410.17 1
2 133 734.709 76.166 1
2 135 10.2508 829.527 3
2 137 901.1 207.153 1
2 138 607.208 778.844 2
2 140 840.931 757.357 2
2 143 882.698 149.994 1
2 145 980.879 821.977 2
2 147 541.69 818.375 2
2 148 509.211 164.053 1
2 152 134 228.874 3
2 160 381.612 457.549 3
2 161 310.765 220.815 3
2 162 2.19756 25.8493 3
2 165 678.108 546.502 2
2 166 176.011 611.721 3
2 167 560.389 331.015 1
2 170 850.689 321.301 1
2 171 745.771 57.0821 1
2 172 104.725 588.78 3
2 176 868.707 180.065 1
2 180 424.972 239.973 1
2 181 615.069 4.82106 1
2 184 153.897 253.897 3
2 185 138.308 544.775 3
2 190 347.579 997.518 2
2 191 331.085 8.82753 1
2 194 756.586 917.899 2
2 196 85.7052 33.6732 3
2 202 486.743 625.481 2
2 203 372.177 77.9249 1
2 204 117.937 480.467 3
2 205 295.533 923.189 2
2 206 879.339 967.331 2
2 208 636.977 852.552 2
2 209 382.491 96.1738 1
2 215 228.193 537.552 3
2 218 680.574 156.194 1
2 222 853.959 621.638 2
2 223 518.363 989.629 2
2 226 648.783 603.79 2
2 235 175.856 408.861 3
2 236 344.656 388.185 3
2 244 543.707 996.057 2
2 247 805.435 372.793 1
2 251 203.288 280.22 3
2 256 599.164 619.972 2
2 257 327.353 384.372 3
2 263 606.972 355.066 1
2 267 93.5555 531.101 3
2 269 746.616 491.772 1
2 271 683.546 930.491 2
2 274 452.184 663.382 2
2 278 152.733 951.553 2
2 280 775.352 780.347 2
2 282 988.743 256.46 1
2 283 114.258 377.412 3
2 284 236.126 494.214 3
2 298 616.789 748.507 2
2 304 561.254 14.0532 1
2 305 33.0116 545.758 3
2 308 236.339 400.124 3
2 314 257.178 178.95 3
2 315 233.293 789.181 3
2 318 438.962 136.901 1
2 321 950.473 33.9817 1
2 324 967.716 166.523 1
2 325 763.859 558.636 2
2 327 189.042 621.271 3
2 331 680.526 979.535 2
2 333 740.572 359.87 1
2 334 494.045 199.61 1
2 335 225.447 556.169 3
2 336 782.186 687.569 2
2 338 463.399 711.7 2
2 342 172.907 173.232 3
2 343 483.206 814.332 2
2 345 2.99018 973.272 3
2 348 382.173 228.74 3
2 352 891.084 771.611 2
2 353 609.907 714.945 2
2 357 517.93 649.464 2
2 360 910.373 948.618 2
2 363 779.11 99.0186 1
2 373 989.579 47.3211 1
2 374 377.688 314.408 3
2 379 620.154 281.819 1
2 380 109.524 120.779 3
2 381 738.931 820.767 2
2 382 274.222 258.428 3
2 385 724.782 471.166 1
2 393 524.925 53.7248 1
2 394 72.1925 423.799 3
2 395 367.23 863.354 2
2 396 349.224 799.328 2
2 398 587.637 139.566 1
2 399 22.8315 355.085 3
3 0 435.841 587.522 2
3 4 796.042 796.519 1
3 7 476.864 203.976 3
3 11 946.1 432.995 1
3 15 963.227 965.824 1
3 17 563.237 20.7366 3
3 21 583.448 609.201 1
3 25 196.656 613.862 2
3 27 828.34 584.111 1
3 30 979.153 716.97 1
3 31 489.418 957.946 2
3 34 278.353 945.623 2
3 44 385.534 487.846 2
3 46 279.893 896.021 2
3 47 331.283 923.481 2
3 55 421.545 669.856 2
3 57 30.6059 881.315 2
3 63 195.225 821.483 2
3 64 171.854 111.942 3
3 66 132.524 507.626 2
3 68 267.929 788.352 2
3 69 792.919 136.517 1
3 70 156.993 187.479 3
3 77 917.898 105.225 1
3 79 789.206 738.168 1
3 81 748.357 537.031 1
3 83 148.737 95.1072 3
3 84 231.984 10.131 3
3 86 40.56 259.589 3
3 88 24.0393 509.808 2
3 90 494.944 163.27 3
3 92 835.669 882.708 1
3 93 775.205 181.054 1
3 94 109.477 27.3525 3
3 95 653.011 671.869 1
3 97 1.94865 712.335 2
3 101 258.125 251.372 3
3 102 659.297 693.415 1
3 103 700.979 439.308 1
3 107 607.71 673.196 1
3 109 505.772 795.094 2
3 110 692.786 475.055 1
3 116 175.187 551.629 2
3 126 153.759 230.999 3
3 127 476.331 253.181 3
3 131 659.332 989.174 1
3 134 844.594 856.238 1
3 136 359.094 688.825 2
3 139 682.389 84.7105 3
3 146 578.122 545.104 1
3 153 167.243 943.593 2
3 158 217.245 20.1127 3
3 159 165.471 811.813 2
3 163 135.318 579.262 2
3 164 257.714 332.927 3
3 168 416.783 521.535 2
3 169 852.354 420.312 1
3 173 64.3447 87.0233 3
3 175 884.474 559.131 1
3 177 262.003 425.604 3
3 179 420.178 34.4287 3
3 183 180.64 963.276 2
3 186 23.8826 240.295 3
3 187 701.018 43.4543 3
3 188 951.537 792.325 1
3 189 190.116 9.77048 3
3 198 87.5416 389.28 3
3 199 21.9732 102.51 3
3 207 889.914 107.701 1
3 210 134.598 416.191 3
3 216 645.769 36.6176 3
3 219 811.997 466.21 1
3 220 963.481 584.969 1
3 225 762.214 751.456 1
3 228 399.475 192.268 3
3 229 32.4988 938.751 2
3 230 814.209 436.493 1
3 234 769.072 182.917 1
3 249 818.209 629.891 1
3 252 325.896 907.59 2
3 253 512.472 906.526 2
3 254 826.909 802.719 1
3 259 809.911 758.316 1
3 261 934.248 685.015 1
3 265 852.864 824.65 1
3 266 746.32 56.0444 3
3 272 431.006 685.786 2
3 276 886.343 4.94442 1
3 277 52.5835 271.001 3
3 281 178.085 519.553 2
3 286 273.595 173.028 3
3 290 786.058 432.582 1
3 292 509.984 834.341 2
3 293 890.36 307.257 1
3 294 304.468 535.688 2
3 297 91.7265 661.356 2
3 301 974.766 171.802 1
3 302 732.088 320.501 1
3 303 334.192 594.83 2
3 309 747.866 360.265 1
3 311 21.823 256.845 3
3 312 344.638 230.393 3
3 313 754.786 929.344 1
3 322 123.803 911.149 2
3 330 6.13562 122.624 3
3 332 752.455 173.084 1
3 337 559.929 171.432 3
3 339 99.6077 192.347 3
3 340 257.615 814.539 2
3 346 286.889 436.077 3
3 349 407.053 857.824 2
3 350 957.659 25.5349 1
3 351 534.254 449.898 1
3 354 800.506 368.529 1
3 355 6.5945 196.999 3
3 358 235.387 41.3129 3
3 359 603.56 723.736 1
3 361 498.328 926.571 2
3 364 582.097 75.6071 3
3 368 90.496 16.7955 3
3 369 760.5 411.841 1
3 370 626.521 526.724 1
3 372 918.947 876.684 1
3 376 825.413 709.361 1
3 377 827.455 580.479 1
3 378 35.7801 990.366 2
3 383 82.5408 643.565 2
3 386 778.131 902.453 1
3 389 741.314 972.935 1
3 390 165.76 712.313 2
3 391 256.231 126.549 3
3 392 927.385 899.534 1
3 397 127.116 42.9147 3
