1 3 41.11 -8.36 1
1 6 36.43 -4.25 1
1 10 39.28 -0.22 1
1 13 40.24 -3.41 1
1 20 44.5 -0.34 1
1 29 45.1 5.43 5
1 33 47.23 0.41 3
1 49 52.05 5.08 5
1 53 50.5 -0.08 3
1 54 51.29 -3.13 3
1 61 53.5 -1.35 3
1 66 57.1 -2.04 3
1 70 52.4 -8.38 3
1 71 53.2 -6.15 3
1 75 64.11 -51.44 2
1 78 68.26 17.25 5
1 88 55.36 13 5
1 96 53.33 9.59 5
1 109 51.28 7.13 5
1 113 50.58 11.01 5
1 118 49.14 6.59 5
1 126 48.08 11.34 5
1 130 47.33 7.35 5
1 135 48.13 16.2 4
1 143 44.29 11.2 5
1 150 41.07 16.52 4
1 152 38.11 15.33 4
1 157 54.23 18.4 5
1 166 51.15 22.35 4
1 169 49.5 18.17 4
1 178 46.47 23.36 4
1 181 45.39 25.37 4
1 188 43.52 18.25 4
1 198 40.38 22.56 4
1 200 37.58 23.43 4
2 4 37.23 -5.59 4
2 8 37.53 -4.46 4
2 12 41.38 -0.53 4
2 15 43.15 -2.58 4
2 19 42.3 1.31 4
2 22 43.18 5.24 3
2 23 43.42 7.15 3
2 26 45.5 1.16 4
2 27 45.26 4.24 3
2 32 47.13 -1.33 4
2 36 49.15 4.02 3
2 39 48.35 7.45 3
2 40 49.36 6.09 3
2 44 51.03 3.43 3
2 45 51.13 4.25 3
2 48 52.22 4.54 3
2 51 50.23 -4.1 4
2 56 51.3 -0.1 4
2 57 52.3 -1.5 4
2 58 53.25 -2.55 4
2 64 55.53 -4.15 4
2 65 56.28 -3 4
2 76 76.34 -68.47 2
2 80 61.3 23.45 5
2 83 63.25 10.25 5
2 87 57.43 11.58 5
2 90 59.2 18.03 5
2 92 56.09 10.13 5
2 93 55.24 10.23 5
2 95 53.04 8.49 3
2 98 54.05 12.07 5
2 100 52.24 9.44 3
2 106 51.12 6.47 3
2 108 51.28 7.01 3
2 111 51.31 7.28 3
2 116 50.5 12.55 3
2 119 50.07 8.4 3
2 120 49.25 8.43 3
2 124 48.46 9.11 3
2 127 46.12 6.09 3
2 132 47.16 11.24 3
2 133 47.48 13.02 3
2 134 48.18 14.18 3
2 136 47.05 15.27 1
2 138 45.28 9.12 3
2 142 44.25 8.57 3
2 145 43.55 12.28 3
2 147 41.54 12.29 1
2 151 40.28 17.15 1
2 154 38.07 13.21 1
2 155 35.54 14.31 1
2 159 52.25 16.55 5
2 160 51.46 19.3 5
2 162 53.09 23.09 5
2 164 50.16 19 5
2 168 50.05 14.26 5
2 171 48.09 17.07 1
2 173 47.3 19.05 1
2 174 47.32 21.38 1
2 176 46.15 20.09 1
2 177 45.45 21.13 1
2 179 47.1 27.35 1
2 183 44.11 28.39 1
2 185 45.2 14.27 1
2 187 43.31 16.27 1
2 190 42.38 18.07 1
2 191 41.59 21.26 1
2 192 41.2 19.5 1
2 194 42.09 24.45 1
2 195 43.13 27.55 1
2 201 35.2 25.09 1
3 1 37.44 -25.4 5
3 2 38.43 -9.08 5
3 5 36.32 -6.18 5
3 7 37.13 -3.41 5
3 9 38.21 -0.29 5
3 11 41.23 2.11 5
3 14 41.39 -4.43 5
3 16 43.22 -8.23 5
3 17 38.54 1.26 5
3 18 39.34 2.39 5
3 21 43.36 1.26 5
3 24 43.42 7.23 3
3 25 42.42 9.27 3
3 28 45.45 4.51 3
3 30 48.24 -4.29 1
3 31 48.05 -1.41 1
3 34 49.3 0.08 1
3 35 48.52 2.2 3
3 37 47.19 5.01 3
3 38 48.41 6.12 3
3 41 50.38 5.34 3
3 42 50.5 4.2 3
3 43 50.38 3.04 3
3 46 51.26 5.28 3
3 47 51.55 4.28 3
3 50 53.13 6.33 3
3 52 50.43 -1.54 1
3 55 51.27 -2.35 1
3 59 53.3 -2.15 1
3 60 53.23 -1.3 1
3 62 54.59 -1.35 1
3 63 55.57 -3.13 1
3 67 60.09 -1.09 1
3 68 62.01 -6.46 1
3 69 51.54 -8.28 1
3 72 54.35 -5.55 1
3 73 55 -7.19 1
3 74 64.09 -21.51 1
3 77 70.4 23.42 2
3 79 65.01 25.28 2
3 81 60.27 22.17 2
3 82 60.1 24.58 2
3 84 60.23 5.2 1
3 85 58.58 5.45 1
3 86 59.55 10.45 2
3 89 58.25 15.37 2
3 91 57.38 18.18 2
3 94 55.4 12.35 2
3 97 54.2 10.08 3
3 99 51.57 7.37 3
3 101 52.07 11.38 3
3 102 52.31 13.24 3
3 103 50.47 6.05 3
3 104 50.44 7.05 3
3 105 50.56 6.59 3
3 107 51.17 7.17 3
3 110 51.32 7.13 3
3 112 51.19 9.29 3
3 114 51.29 11.58 3
3 115 51.19 12.2 3
3 117 51.03 13.44 3
3 121 49.48 9.56 3
3 122 49.27 11.04 3
3 123 49.03 8.24 3
3 125 49.01 12.06 3
3 128 46.31 6.38 3
3 129 46.57 7.26 3
3 131 47.23 8.32 3
3 137 45.03 7.4 3
3 139 45.27 11 3
3 140 45.27 12.21 3
3 141 45.4 13.46 3
3 144 43.46 11.15 3
3 146 39.2 9 3
3 148 40.51 14.17 4
3 149 41.27 15.34 4
3 153 37.3 15.06 4
3 156 53.24 14.32 2
3 158 53.08 18 2
3 161 52.15 21 2
3 163 51.06 17 2
3 165 50.03 19.58 4
3 167 49.45 13.23 3
3 170 49.12 16.37 4
3 172 48.43 21.15 4
3 175 46.05 18.13 4
3 180 45.48 24.09 4
3 182 44.26 26.06 4
3 184 46.03 14.31 3
3 186 45.48 15.58 4
3 189 44.5 20.3 4
3 193 42.41 23.19 4
3 196 42.3 27.28 4
3 197 39.36 19.56 4
3 199 38.15 21.44 4
3 202 35.1 33.22 4
