119 49.25 8.43 0 0 0 1 0
122 49.03 8.24 0 0 0 1 0
118 50.07 8.4 0 0 0 1 0
123 48.46 9.11 0 0 0 1 0
120 49.48 9.56 0 0 0 1 0
38 48.35 7.45 0 0 0 1 0
103 50.44 7.05 0 0 0 1 0
117 49.14 6.59 0 0 0 1 0
111 51.19 9.29 0 0 0 1 0
130 47.23 8.32 0 0 0 1 0
104 50.56 6.59 0 0 0 1 0
106 51.17 7.17 0 0 0 1 0
129 47.33 7.35 0 0 0 1 0
110 51.31 7.28 0 0 0 1 0
108 51.28 7.13 0 0 0 1 0
39 49.36 6.09 0 0 0 1 0
109 51.32 7.13 0 0 0 1 0
107 51.28 7.01 0 0 0 1 0
98 51.57 7.37 0 0 0 1 0
37 48.41 6.12 0 0 0 1 0
121 49.27 11.04 0 0 0 1 0
102 50.47 6.05 0 0 0 1 0
105 51.12 6.47 0 0 0 1 0
112 50.58 11.01 0 0 0 1 0
128 46.57 7.26 0 0 0 1 0
74 64.11 -51.44 0 0 0 0 1
30 48.05 -1.41 1 0 0 0 0
29 48.24 -4.29 1 0 0 0 0
31 47.13 -1.33 1 0 0 0 0
50 50.23 -4.1 1 0 0 0 0
51 50.43 -1.54 1 0 0 0 0
33 49.3 0.08 1 0 0 0 0
32 47.23 0.41 1 0 0 0 0
54 51.27 -2.35 1 0 0 0 0
53 51.29 -3.13 1 0 0 0 0
52 50.5 -0.08 1 0 0 0 0
19 44.5 -0.34 1 0 0 0 0
55 51.3 -0.1 1 0 0 0 0
25 45.5 1.16 1 0 0 0 0
56 52.3 -1.5 1 0 0 0 0
14 43.15 -2.58 1 0 0 0 0
57 53.25 -2.55 1 0 0 0 0
58 53.3 -2.15 1 0 0 0 0
59 53.23 -1.3 1 0 0 0 0
60 53.5 -1.35 1 0 0 0 0
89 59.2 18.03 0 0 1 0 0
90 57.38 18.18 0 0 1 0 0
88 58.25 15.37 0 0 1 0 0
80 60.27 22.17 0 0 1 0 0
156 54.23 18.4 0 0 1 0 0
79 61.3 23.45 0 0 1 0 0
157 53.08 18 0 0 1 0 0
188 44.5 20.3 0 1 0 0 0
187 43.52 18.25 0 1 0 0 0
176 45.45 21.13 0 1 0 0 0
175 46.15 20.09 0 1 0 0 0
189 42.38 18.07 0 1 0 0 0
174 46.05 18.13 0 1 0 0 0
191 41.2 19.5 0 1 0 0 0
190 41.59 21.26 0 1 0 0 0
172 47.3 19.05 0 1 0 0 0
186 43.31 16.27 0 1 0 0 0
173 47.32 21.38 0 1 0 0 0
192 42.41 23.19 0 1 0 0 0
185 45.48 15.58 0 1 0 0 0
149 41.07 16.52 0 1 0 0 0
150 40.28 17.15 0 1 0 0 0
177 46.47 23.36 0 1 0 0 0
171 48.43 21.15 0 1 0 0 0
170 48.09 17.07 0 1 0 0 0
99 52.24 9.44 0 0 0 0 1
125 48.08 11.34 0 0 0 0 1
40 50.38 5.34 0 0 0 0 1
131 47.16 11.24 0 0 0 0 1
124 49.01 12.06 0 0 0 0 1
127 46.31 6.38 0 0 0 0 1
45 51.26 5.28 0 0 0 0 1
113 51.29 11.58 0 0 0 0 1
94 53.04 8.49 0 0 0 0 1
126 46.12 6.09 0 0 0 0 1
100 52.07 11.38 0 0 0 0 1
36 47.19 5.01 0 0 0 0 1
137 45.28 9.12 0 0 0 0 1
95 53.33 9.59 0 0 0 0 1
114 51.19 12.2 0 0 0 0 1
115 50.5 12.55 0 0 0 0 1
48 52.05 5.08 0 0 0 0 1
49 53.13 6.33 0 0 0 0 1
41 50.5 4.2 0 0 0 0 1
35 49.15 4.02 0 0 0 0 1
136 45.03 7.4 0 0 0 0 1
44 51.13 4.25 0 0 0 0 1
46 51.55 4.28 0 0 0 0 1
166 49.45 13.23 0 0 0 0 1
75 76.34 -68.47 0 1 0 0 0
20 43.36 1.26 0 0 0 1 0
70 53.2 -6.15 0 0 1 0 0
68 51.54 -8.28 0 0 1 0 0
13 41.39 -4.43 0 0 0 1 0
11 41.38 -0.53 0 0 0 1 0
18 42.3 1.31 0 0 0 1 0
61 54.59 -1.35 0 0 1 0 0
71 54.35 -5.55 0 0 1 0 0
15 43.22 -8.23 0 0 0 1 0
69 52.4 -8.38 0 0 1 0 0
26 45.26 4.24 0 0 0 0 1
12 40.24 -3.41 0 0 0 1 0
27 45.45 4.51 0 0 0 0 1
62 55.57 -3.13 0 0 1 0 0
63 55.53 -4.15 0 0 1 0 0
10 41.23 2.11 0 0 0 1 0
72 55 -7.19 0 0 1 0 0
64 56.28 -3 0 0 1 0 0
2 41.11 -8.36 0 0 0 1 0
81 60.1 24.58 1 0 0 0 0
87 55.36 13 0 0 0 0 1
86 57.43 11.58 0 0 0 0 1
160 52.15 21 1 0 0 0 0
161 53.09 23.09 1 0 0 0 0
159 51.46 19.3 1 0 0 0 0
196 39.36 19.56 1 0 0 0 0
179 45.48 24.09 1 0 0 0 0
197 40.38 22.56 1 0 0 0 0
148 41.27 15.34 1 0 0 0 0
135 47.05 15.27 1 0 0 0 0
134 48.13 16.2 1 0 0 0 0
193 42.09 24.45 1 0 0 0 0
184 45.2 14.27 1 0 0 0 0
183 46.03 14.31 1 0 0 0 0
168 49.5 18.17 1 0 0 0 0
169 49.12 16.37 1 0 0 0 0
164 50.03 19.58 1 0 0 0 0
180 45.39 25.37 1 0 0 0 0
163 50.16 19 1 0 0 0 0
140 45.4 13.46 1 0 0 0 0
198 38.15 21.44 1 0 0 0 0
147 40.51 14.17 1 0 0 0 0
181 44.26 26.06 1 0 0 0 0
138 45.27 11 0 0 1 0 0
47 52.22 4.54 0 0 0 1 0
132 47.48 13.02 0 0 1 0 0
141 44.25 8.57 0 0 1 0 0
96 54.2 10.08 0 1 0 0 0
28 45.1 5.43 0 0 1 0 0
116 51.03 13.44 0 1 0 0 0
43 51.03 3.43 0 0 0 1 0
42 50.38 3.04 0 0 0 1 0
139 45.27 12.21 0 0 1 0 0
101 52.31 13.24 0 1 0 0 0
142 44.29 11.2 0 0 1 0 0
97 54.05 12.07 0 1 0 0 0
23 43.42 7.23 0 0 1 0 0
22 43.42 7.15 0 0 1 0 0
92 55.24 10.23 0 1 0 0 0
34 48.52 2.2 0 0 0 1 0
143 43.46 11.15 0 0 1 0 0
144 43.55 12.28 0 0 1 0 0
91 56.09 10.13 0 1 0 0 0
24 42.42 9.27 0 0 1 0 0
155 53.24 14.32 0 1 0 0 0
93 55.4 12.35 0 1 0 0 0
145 39.2 9 0 0 1 0 0
9 39.28 -0.22 1 0 0 0 0
21 43.18 5.24 0 0 1 0 0
65 57.1 -2.04 0 0 0 1 0
8 38.21 -0.29 1 0 0 0 0
17 39.34 2.39 1 0 0 0 0
16 38.54 1.26 1 0 0 0 0
7 37.53 -4.46 1 0 0 0 0
6 37.13 -3.41 1 0 0 0 0
3 37.23 -5.59 1 0 0 0 0
1 38.43 -9.08 1 0 0 0 0
5 36.43 -4.25 1 0 0 0 0
4 36.32 -6.18 1 0 0 0 0
66 60.09 -1.09 0 0 0 1 0
84 58.58 5.45 0 0 0 1 0
67 62.01 -6.46 0 0 0 1 0
83 60.23 5.2 0 0 0 1 0
73 64.09 -21.51 0 0 0 1 0
0 37.44 -25.4 1 0 0 0 0
85 59.55 10.45 0 1 0 0 0
78 65.01 25.28 0 1 0 0 0
82 63.25 10.25 0 1 0 0 0
77 68.26 17.25 0 1 0 0 0
76 70.4 23.42 0 1 0 0 0
133 48.18 14.18 0 0 1 0 0
151 38.11 15.33 0 0 1 0 0
162 51.06 17 0 1 0 0 0
199 37.58 23.43 0 0 0 0 1
165 51.15 22.35 0 1 0 0 0
146 41.54 12.29 0 0 1 0 0
167 50.05 14.26 0 1 0 0 0
195 42.3 27.28 0 0 0 0 1
194 43.13 27.55 0 0 0 0 1
152 37.3 15.06 0 0 1 0 0
178 47.1 27.35 0 0 0 0 1
158 52.25 16.55 0 1 0 0 0
153 38.07 13.21 0 0 1 0 0
182 44.11 28.39 0 0 0 0 1
154 35.54 14.31 0 0 1 0 0
200 35.2 25.09 0 0 0 0 1
201 35.1 33.22 0 0 0 0 1
