1 148 690.966 134.579 1
1 90 396.774 460.756 2
1 11 697.388 180.396 1
1 19 633.392 534.94 1
1 102 634.318 612.829 1
1 2 612.176 494.317 1
1 130 635.497 133.323 1
1 101 500.383 198.743 1
1 134 381.654 360.334 2
1 9 661.051 445.938 1
1 138 398.55 392.649 2
1 58 498.807 576.21 1
1 54 358.917 404.467 2
1 25 475.898 468.539 1
1 46 390.697 423.977 2
1 83 396.127 539.465 2
1 6 689.945 468.535 1
1 17 649.731 62.3332 1
1 99 656.694 558.111 1
1 40 616.655 339.341 1
1 146 299.588 530.589 2
1 92 350.425 420.653 2
1 107 101.869 635.099 2
1 103 59.7537 551.632 2
1 85 395.691 699.538 2
1 76 10.0261 488.931 2
1 111 269.367 367.476 2
1 5 143.061 631.72 2
1 35 189.751 460.382 2
1 113 88.4678 384.051 2
1 62 43.6892 305.472 3
1 143 193.661 669.743 2
1 1 37.4394 541.209 2
1 73 22.7643 455.534 2
1 105 283.005 376.444 2
1 45 91.5848 110.02 3
1 13 192.407 20.4394 3
1 44 138.244 137.168 3
1 22 17.3633 240.241 3
1 72 297.791 166.313 3
1 145 308.435 115.205 3
1 79 192.119 314.184 3
1 49 334.351 153.797 3
1 27 397.559 74.7588 3
1 136 249.059 76.6595 3
1 31 356.71 67.6477 3
1 71 117.862 112.98 3
1 77 315.293 273.228 3
1 122 299.481 251.83 3
1 59 224.318 312.468 3
2 66 623.249 69.1893 3
2 132 484.803 677.073 1
2 50 531.029 612.387 1
2 137 562.905 670.038 1
2 57 530.363 137.688 3
2 114 658.913 583.958 1
2 42 629.998 433.455 1
2 120 598.416 414.556 1
2 61 661.559 217.046 3
2 39 547.266 161.659 3
2 36 659.912 226.628 3
2 65 432.264 629.409 1
2 60 595.836 81.813 3
2 116 506.619 233.002 3
2 67 436.519 282.936 3
2 86 559.016 560.887 1
2 141 461.411 530.525 1
2 41 494.859 148.122 3
2 108 588.197 580.595 1
2 135 557.607 595.319 1
2 126 255.557 448.865 2
2 75 342.358 599.388 1
2 3 38.1312 353.148 2
2 96 144.6 457.422 2
2 26 322.422 550.317 1
2 93 216.701 466.482 2
2 121 172.309 344.396 2
2 95 72.633 645.785 2
2 124 197.897 512.389 2
2 52 228.833 410.446 2
2 82 42.5331 656.365 2
2 63 79.4653 445.964 2
2 34 58.7767 507.171 2
2 97 212.373 594.922 2
2 8 141.488 504.818 2
2 112 239.905 102.63 3
2 14 282.787 229.8 3
2 91 87.7495 19.617 3
2 144 352.314 140.327 3
2 106 146.539 39.4232 3
2 74 259.71 10.62 3
2 64 210.416 130.715 3
2 80 271.504 225.292 3
2 4 53.4418 131.485 2
2 15 240.825 281.514 2
2 129 398.23 119.558 3
2 78 220.704 270.082 2
2 16 246.928 322.461 2
2 147 334.275 152.149 3
2 21 141.404 228.433 2
3 43 471.101 314.222 2
3 20 488.312 437.487 2
3 12 536.489 287.228 2
3 110 537.466 472.584 2
3 24 565.785 282.386 2
3 118 594.405 275.874 2
3 37 639.031 467.23 2
3 70 579.327 601.036 2
3 81 530.732 504.067 2
3 127 608.426 222.542 2
3 53 578.381 321.33 2
3 28 672.862 432.883 2
3 51 475.735 385.784 2
3 69 630.923 230.343 2
3 109 457.263 350.016 2
3 55 486.465 593.043 2
3 47 565.162 429.16 2
3 139 590.894 370.741 2
3 29 571.219 530.262 2
3 7 112.748 529.418 3
3 142 354.724 685.405 3
3 56 343.169 509.312 3
3 84 118.663 508.713 3
3 30 104.653 482.822 3
3 100 176.594 648.524 3
3 10 98.7899 384.593 3
3 94 130.924 351.149 3
3 33 282.304 426.838 3
3 18 352.966 666.787 3
3 48 54.5249 438.552 3
3 87 22.6471 526.247 3
3 98 49.9187 541.435 3
3 88 135.638 325.841 3
3 89 141.451 485.248 3
3 115 97.7359 157.456 1
3 68 59.4163 40.128 1
3 23 397.559 231.359 2
3 119 66.2308 24.1317 1
3 150 91.6468 166.354 1
3 128 70.2723 77.9227 1
3 32 400.407 253.679 2
3 123 303.838 21.0526 1
3 117 500.257 64.9136 2
3 104 15.2146 143.044 1
3 38 415.026 233.305 2
3 125 56.02 243.066 1
3 140 558.201 0.419881 2
3 131 378.348 272.291 2
3 133 278.871 299.931 3
3 149 48.0798 270.968 1
