1 63 210.416 130.715 3
1 111 239.905 102.63 3
1 71 297.791 166.313 3
1 79 271.504 225.292 3
1 135 249.059 76.6595 3
1 13 282.787 229.8 3
1 144 308.435 115.205 3
1 43 138.244 137.168 3
1 48 334.351 153.797 3
1 146 334.275 152.149 3
1 77 220.704 270.082 3
1 121 299.481 251.83 3
1 20 141.404 228.433 3
1 143 352.314 140.327 3
1 14 240.825 281.514 3
1 70 117.862 112.98 3
1 7 141.488 504.818 2
1 88 141.451 485.248 2
1 123 197.897 512.389 2
1 34 189.751 460.382 2
1 95 144.6 457.422 2
1 83 118.663 508.713 2
1 92 216.701 466.482 2
1 6 112.748 529.418 2
1 29 104.653 482.822 2
1 62 79.4653 445.964 2
1 125 255.557 448.865 2
1 96 212.373 594.922 2
1 33 58.7767 507.171 2
1 51 228.833 410.446 2
1 102 59.7537 551.632 2
1 97 49.9187 541.435 2
1 46 565.162 429.16 1
1 138 590.894 370.741 1
1 119 598.416 414.556 1
1 52 578.381 321.33 1
1 50 475.735 385.784 1
1 19 488.312 437.487 1
1 109 537.466 472.584 1
1 39 616.655 339.341 1
1 41 629.998 433.455 1
1 108 457.263 350.016 1
1 11 536.489 287.228 1
1 24 475.898 468.539 1
1 23 565.785 282.386 1
1 36 639.031 467.23 1
1 42 471.101 314.222 1
1 80 530.732 504.067 1
1 1 612.176 494.317 1
1 8 661.051 445.938 1
1 117 594.405 275.874 1
1 27 672.862 432.883 1
2 114 97.7359 157.456 3
2 76 315.293 273.228 3
2 149 91.6468 166.354 3
2 12 192.407 20.4394 3
2 132 278.871 299.931 3
2 105 146.539 39.4232 3
2 44 91.5848 110.02 3
2 73 259.71 10.62 3
2 30 356.71 67.6477 3
2 58 224.318 312.468 3
2 122 303.838 21.0526 3
2 78 192.119 314.184 3
2 15 246.928 322.461 3
2 128 398.23 119.558 3
2 22 397.559 231.359 3
2 47 54.5249 438.552 2
2 4 143.061 631.72 2
2 9 98.7899 384.593 2
2 0 37.4394 541.209 2
2 145 299.588 530.589 2
2 32 282.304 426.838 2
2 112 88.4678 384.051 2
2 86 22.6471 526.247 2
2 99 176.594 648.524 2
2 106 101.869 635.099 2
2 72 22.7643 455.534 2
2 93 130.924 351.149 2
2 120 172.309 344.396 2
2 75 10.0261 488.931 2
2 25 322.422 550.317 2
2 28 571.219 530.262 1
2 137 398.55 392.649 1
2 5 689.945 468.535 1
2 66 436.519 282.936 1
2 18 633.392 534.94 1
2 115 506.619 233.002 1
2 45 390.697 423.977 1
2 140 461.411 530.525 1
2 85 559.016 560.887 1
2 89 396.774 460.756 1
2 133 381.654 360.334 1
2 126 608.426 222.542 1
2 68 630.923 230.343 1
2 107 588.197 580.595 1
2 57 498.807 576.21 1
2 98 656.694 558.111 1
2 53 358.917 404.467 1
2 35 659.912 226.628 1
2 100 500.383 198.743 1
2 134 557.607 595.319 1
3 3 53.4418 131.485 3
3 127 70.2723 77.9227 3
3 130 378.348 272.291 1
3 26 397.559 74.7588 1
3 31 400.407 253.679 1
3 37 415.026 233.305 1
3 124 56.02 243.066 3
3 90 87.7495 19.617 3
3 67 59.4163 40.128 3
3 118 66.2308 24.1317 3
3 148 48.0798 270.968 3
3 103 15.2146 143.044 3
3 21 17.3633 240.241 3
3 116 500.257 64.9136 1
3 139 558.201 0.419881 1
3 110 269.367 367.476 2
3 104 283.005 376.444 2
3 142 193.661 669.743 2
3 94 72.633 645.785 2
3 55 343.169 509.312 2
3 87 135.638 325.841 3
3 2 38.1312 353.148 3
3 81 42.5331 656.365 2
3 91 350.425 420.653 2
3 74 342.358 599.388 2
3 61 43.6892 305.472 3
3 17 352.966 666.787 2
3 141 354.724 685.405 2
3 84 395.691 699.538 2
3 60 661.559 217.046 1
3 69 579.327 601.036 2
3 54 486.465 593.043 2
3 82 396.127 539.465 2
3 113 658.913 583.958 2
3 49 531.029 612.387 2
3 38 547.266 161.659 1
3 101 634.318 612.829 2
3 40 494.859 148.122 1
3 56 530.363 137.688 1
3 10 697.388 180.396 1
3 64 432.264 629.409 2
3 129 635.497 133.323 1
3 136 562.905 670.038 2
3 147 690.966 134.579 1
3 131 484.803 677.073 2
3 59 595.836 81.813 1
3 65 623.249 69.1893 1
3 16 649.731 62.3332 1
