1 3 53.4418 131.485 1
1 9 98.7899 384.593 1
1 12 192.407 20.4394 1
1 19 488.312 437.487 2
1 24 475.898 468.539 2
1 25 322.422 550.317 2
1 27 672.862 432.883 3
1 28 571.219 530.262 2
1 29 104.653 482.822 2
1 30 356.71 67.6477 1
1 39 616.655 339.341 3
1 41 629.998 433.455 3
1 45 390.697 423.977 2
1 46 565.162 429.16 3
1 57 498.807 576.21 2
1 58 224.318 312.468 1
1 59 595.836 81.813 3
1 60 661.559 217.046 3
1 64 432.264 629.409 2
1 65 623.249 69.1893 3
1 74 342.358 599.388 2
1 78 192.119 314.184 1
1 79 271.504 225.292 1
1 82 396.127 539.465 2
1 85 559.016 560.887 2
1 88 141.451 485.248 2
1 94 72.633 645.785 2
1 96 212.373 594.922 2
1 101 634.318 612.829 2
1 108 457.263 350.016 3
1 111 239.905 102.63 1
1 115 506.619 233.002 3
1 116 500.257 64.9136 3
1 123 197.897 512.389 2
1 127 70.2723 77.9227 1
1 129 635.497 133.323 3
1 131 484.803 677.073 2
1 133 381.654 360.334 2
1 134 557.607 595.319 2
1 137 398.55 392.649 2
1 138 590.894 370.741 3
1 140 461.411 530.525 2
1 143 352.314 140.327 1
1 145 299.588 530.589 2
1 146 334.275 152.149 1
1 147 690.966 134.579 3
1 148 48.0798 270.968 1
1 149 91.6468 166.354 1
2 0 37.4394 541.209 3
2 1 612.176 494.317 1
2 2 38.1312 353.148 3
2 6 112.748 529.418 3
2 7 141.488 504.818 3
2 8 661.051 445.938 1
2 16 649.731 62.3332 2
2 17 352.966 666.787 1
2 18 633.392 534.94 1
2 20 141.404 228.433 3
2 32 282.304 426.838 3
2 33 58.7767 507.171 3
2 38 547.266 161.659 2
2 43 138.244 137.168 2
2 47 54.5249 438.552 3
2 48 334.351 153.797 2
2 50 475.735 385.784 1
2 53 358.917 404.467 1
2 61 43.6892 305.472 3
2 66 436.519 282.936 2
2 70 117.862 112.98 2
2 73 259.71 10.62 2
2 76 315.293 273.228 2
2 83 118.663 508.713 3
2 84 395.691 699.538 1
2 86 22.6471 526.247 3
2 87 135.638 325.841 3
2 91 350.425 420.653 1
2 92 216.701 466.482 3
2 95 144.6 457.422 3
2 104 283.005 376.444 3
2 105 146.539 39.4232 2
2 107 588.197 580.595 1
2 109 537.466 472.584 1
2 110 269.367 367.476 3
2 112 88.4678 384.051 3
2 114 97.7359 157.456 2
2 119 598.416 414.556 1
2 120 172.309 344.396 3
2 124 56.02 243.066 3
2 125 255.557 448.865 3
2 126 608.426 222.542 2
2 128 398.23 119.558 2
2 130 378.348 272.291 2
2 132 278.871 299.931 2
2 135 249.059 76.6595 2
2 136 562.905 670.038 1
2 139 558.201 0.419881 2
2 141 354.724 685.405 1
2 142 193.661 669.743 3
2 144 308.435 115.205 2
3 4 143.061 631.72 1
3 5 689.945 468.535 2
3 10 697.388 180.396 2
3 11 536.489 287.228 2
3 13 282.787 229.8 3
3 14 240.825 281.514 3
3 15 246.928 322.461 3
3 21 17.3633 240.241 3
3 22 397.559 231.359 2
3 23 565.785 282.386 2
3 26 397.559 74.7588 3
3 31 400.407 253.679 2
3 34 189.751 460.382 1
3 35 659.912 226.628 2
3 36 639.031 467.23 2
3 37 415.026 233.305 2
3 40 494.859 148.122 2
3 42 471.101 314.222 2
3 44 91.5848 110.02 3
3 49 531.029 612.387 2
3 51 228.833 410.446 1
3 52 578.381 321.33 2
3 54 486.465 593.043 2
3 55 343.169 509.312 1
3 56 530.363 137.688 2
3 62 79.4653 445.964 1
3 63 210.416 130.715 3
3 67 59.4163 40.128 3
3 68 630.923 230.343 2
3 69 579.327 601.036 2
3 71 297.791 166.313 3
3 72 22.7643 455.534 1
3 75 10.0261 488.931 1
3 77 220.704 270.082 3
3 80 530.732 504.067 2
3 81 42.5331 656.365 1
3 89 396.774 460.756 2
3 90 87.7495 19.617 3
3 93 130.924 351.149 1
3 97 49.9187 541.435 1
3 98 656.694 558.111 2
3 99 176.594 648.524 1
3 100 500.383 198.743 2
3 102 59.7537 551.632 1
3 103 15.2146 143.044 3
3 106 101.869 635.099 1
3 113 658.913 583.958 2
3 117 594.405 275.874 2
3 118 66.2308 24.1317 3
3 121 299.481 251.83 3
3 122 303.838 21.0526 3
