200 2
-1.6510462189202884 3.445989608581592
0.7675227889508035 4.397596708910778
1.0692385339646449 4.530684839209695
-1.4682690325929921 3.267654469185099
1.1552129830701285 5.0996188654606085
-1.0629522267803457 2.207553877217132
2.367906447304533 0.5521908780500973
1.756448051017495 2.0553828922281285
1.0524173341686671 4.544980945515211
-1.641296109370745 2.680972552913053
0.7343639103625873 5.0372543696778465
-1.1106401216078259 2.8221381984453626
1.4328927136346912 4.376792337344087
1.2138741061434821 3.6479504222100867
0.43189105991654975 4.334954564926074
-1.1865298465103038 2.78427720102403
2.5270642986982637 0.617812201896371
2.1404394194253458 0.7060666096508798
0.4883823093198226 3.268017766049384
-2.745314693890802 4.156577978148714
-1.1797911145845783 3.127674935529027
1.608414628203814 0.40180053674252825
1.0037251889273626 4.19147701743289
1.5446212592107438 4.2107812715938895
-2.880242550863219 2.3043781551517606
0.00793137001172417 4.1761431593200085
1.6690964797331436 -0.43637823139671905
-1.9853903675657711 2.0552073770521755
-1.0121496586465035 3.602543381327667
-1.5638798544792938 2.853499095558418
1.255667542384771 3.382041115682056
0.9825700909789874 5.375309623791891
-1.5522068839962528 2.745749945899178
0.7280986900906466 3.8553144405839355
1.5672489659103563 0.017809063256428503
2.3696021357334014 0.9507169121647336
1.1900899168511363 4.727731228363559
2.223222280858821 0.8387734261521621
2.4393464370914333 -0.0725099666485638
-2.6327457433158945 2.6310978589088307
1.4885997678819276 0.6516338440164078
-1.9183491626541174 2.6833102362205623
-2.588027083628124 3.131171336979384
-1.1130131145010322 3.698989999072122
2.096805454802437 4.847414122413621
1.7144444869831275 5.025215236719037
0.5716704821520695 4.322885662413
-0.8857983736323 2.64585077902229
0.2723960354779992 5.469960038837965
1.0161804119763957 4.485270466092259
0.595676822337917 4.086142627856107
1.9755391748807045 0.7189891322968999
-1.9182801731829169 2.6051686739524564
-1.621504222920195 4.271916359712049
-1.593228407561389 3.5299858883626025
-1.738963062476225 1.9479977481425033
2.1491714442121035 1.0369722816581022
2.6077828157013694 1.0889002517037496
1.3222245685154597 4.178808074101593
1.869221394823855 5.44132083306674
-2.3274590960635573 2.1098517578545897
-0.5380230538973697 3.016418914625523
0.9593607415433021 4.56078644976664
1.6968778800536604 0.7549106220963326
1.8337584186674118 0.754036153392381
-1.3550977998865377 3.283188562018393
1.130789312766103 0.9356208564581359
1.5075741861663827 1.5678734327954484
-1.5037256821177925 1.9238531999399506
2.0143225582380992 1.9256692929275567
1.8698597400046046 -0.10793862386004904
0.33381850564016957 4.936458363607072
0.7151779475135126 5.413345564535995
-1.7665734307796304 3.139915794041634
0.22459286251653932 4.770281540947536
-1.497207024231851 3.2141843271016968
1.781948019322472 0.9081511553529709
3.410852891847389 0.8723093689415512
1.4817005211372116 0.690074594518305
-3.12240735601995 3.281673975948751
-1.9037565490068526 2.62926599025665
1.0827257638987469 4.0627187657234325
0.9143387674703604 4.550146428611414
3.485154386351243 1.4643513521321851
2.36923351775193 0.794735861204588
1.4949317978621983 3.858488315204525
0.670478769495503 4.0409427464816785
-1.7457201398569167 3.0119045744965414
0.45953466751367356 5.44982629930781
2.1552716186563954 1.2786825220732005
-2.2213171687364177 2.7305069106577067
-1.0785910126991263 2.204515288210881
2.294695328816956 -0.7658919939180533
0.45379178903736606 3.956477528589741
2.768085396844259 1.0878292270928467
0.8154680559756669 4.785261164926227
1.2176750632530244 3.892901272884202
-1.5978024402990472 2.509775338935013
-1.9396065798391149 2.1894358194766506
2.47019077207499 1.3145131461315405
1.8428711746807875 0.07269288388712558
1.8959376071615694 5.185402589388561
-1.814697501626674 3.29009724033923
0.5727938098809244 4.088055430524065
-1.6071249490229689 3.5645285449188804
-0.0018489296331316574 4.581456680763854
2.715063278965146 1.2908218983714956
0.4389901418302897 4.535928826163947
-0.5555238109539522 4.695958484712606
1.6115297235980899 1.8234724171819783
0.6697869960051712 3.5954080169749427
-0.7081849043604226 2.5042127506031604
1.2657230751259654 0.6207128970491115
-0.6469567838773989 3.429413425009862
0.7438739881017237 4.122405677103188
1.2425880181937505 4.50399192387295
1.6599104892724754 3.5628918352361985
2.6249200055883346 0.9501944047690514
-1.886096375375697 2.248344069756886
-1.5363132801834383 3.0144391623120566
1.6974790983625732 0.866123282176209
1.7771099366452214 1.1865525442020142
-1.1409153341841487 1.975508216153051
1.2021253972398727 3.6441468530978733
1.6728053061015404 0.6593005713406582
0.34713829950623953 3.451776565141005
-2.5804383632845367 3.1884429384166717
0.8934996379249738 1.010930818014234
-2.2029994984759513 2.479475609614228
1.3447177007541433 4.857111330388306
-1.3586389900321278 2.3220080947753745
1.4347218163621993 1.306620370906913
1.2008309760433589 0.6016717299206205
1.1605129658095148 1.161298680696659
1.3796469327539564 4.548264429193056
1.868735818413795 0.9561037596992069
1.9961960067776185 0.4995766881206724
1.5463231290618487 4.212973002469771
1.455138312999139 -0.029198998128630027
-1.2306589468123923 2.848219897912503
-1.608473833628898 3.60001707889474
-1.7914575925974603 2.7496689642224172
1.8727175224410586 4.180692369188909
1.3419519667624606 0.5935738473587243
2.5693658885744926 0.5070483039578487
0.7893385592700715 4.3374865327862375
-1.9497241787356456 3.4838386963148196
-2.3108201242630955 3.9127606691040357
1.3926375177758077 0.9289627074945215
0.5947624315191664 4.70964730441629
2.0316978304963804 0.1968075612932184
-2.154056032910078 3.6445694351427433
-1.9421339218925402 3.839708493880601
-2.1182104558323958 2.034781256854971
1.4137244158530171 4.381177073902836
3.3532090910012915 1.6995804295997718
2.518341852161078 1.3917661523161757
1.7295506358228474 1.1472936876947921
0.5595293627076758 4.2140066032517876
0.2771801740764812 4.844283219620902
-0.1445539946115404 2.2818727677001944
-1.0219252547777236 2.7682071132365533
-1.3621941985875416 2.383333211535806
-1.7578318987306707 2.9744932149233674
1.6835378212422856 4.19583242596098
0.2139790794550549 4.885425352343197
2.0406718467935168 0.45484511441452363
-1.0669061042348538 3.131657951816496
2.0450552731160134 1.125154701270986
1.2795533755988089 1.0578941815474465
0.44359862996842747 3.1153094465140336
2.4304063920491905 -0.06357093342611164
-0.04749203582851247 5.474252564587464
2.74666646030275 1.5454348151600295
-1.1270741640027568 2.6414503888999907
-1.1078297237575039 2.920144794784884
2.1061604967802476 3.4951318907629223
-2.5457675048812582 3.150250546570161
0.5143204338793053 4.62733684222348
1.3200062101347771 1.404281445778865
1.1012350653926113 4.889770749338617
-1.6875441353582852 2.2410754624511187
2.3110227598997386 1.3038084809560841
3.2288149063832945 1.1317196535506926
2.951958248127699 -0.34432735507018264
2.3381228529390596 3.431167922689131
-1.9586666463529812 2.4300864682006766
1.3667863299862164 0.6349716330912765
1.0626962212430218 5.176351431626175
2.130035294434726 5.1920962023090445
-0.9677949887533233 3.12186125161388
-1.702006430870623 2.460986934246149
1.1055044830318288 1.2638912874022599
1.5732217229285732 0.48393379328781655
1.3615580623397303 1.3663825209639329
2.731249074696782 0.24970475491988287
-1.9373105518642353 3.913612739047046
2.601374866288433 1.087994589052718
1.1641106995370358 3.791329883867355
1.6199090943547274 0.06764528670090364
