200 2
2.3535056956389337 2.2240495566249674
-0.7405760511129292 2.45146316459718
1.153696220800248 3.902006391240128
-3.5038200041483396 6.81295317200599
1.310512699384438 0.07122512127892244
0.9867700992673155 6.089657821354225
-1.837790184920377 3.0152824276019063
0.0884843309163823 2.322990859224463
2.2065607592742156 5.506167176232801
1.7053606407240318 4.4327702382058005
0.34194798486553146 3.941046161461252
2.6804989724600654 -0.7043939956688108
-2.4828490137146826 2.571900485633736
-3.06770102766653 2.9811442555334544
3.978209547913263 2.378178451372361
2.4645222723420948 6.199676503478973
-1.6129493191378357 7.992163870913958
-1.263937886348705 7.996388183939817
-1.5159893116401166 6.707448684171587
1.1940418363781755 2.8077286130369705
-1.967860163297943 7.022467027087517
-0.37457244843878534 3.997500853369944
1.701273610179394 -0.47728763348008196
-1.0331622358727168 2.8017783222987562
3.0046883283586387 0.9852149013231277
1.5997350179155347 0.9151428189629935
0.11627607335632106 7.146010831091656
1.3606996617015126 0.7480291196102661
0.5640099287272724 1.3370553612024738
1.4201333112919208 4.637461654822657
-0.5010674405415184 6.646515060437858
1.1845450566233553 5.2804263639321025
-1.3703974752565298 3.1500632975333986
2.8270580726465453 1.7211678139016682
-0.6167251051293134 3.235100476524425
2.509049292904953 5.7731460973486755
-0.8353652621517188 3.612631404989129
1.7373078036934886 4.425462343941218
0.08080351735281943 4.690689825307652
-1.6891784070387417 7.5551045204570855
-0.6049413096832224 6.264836607008141
-1.3098821768417976 7.728154739350419
-0.17974637543014116 7.382074211790206
0.5626510977867477 3.5563325160076324
0.7393601109213568 0.43607905512322787
-2.715763271005934 2.4110659070344354
1.3786117197240442 3.618977236508077
-3.0041463581838697 8.286394477447509
-1.8469097116691362 6.7195630296812
1.1031821712501149 4.705776690893091
-1.1987607930960595 8.32929679192255
-1.0058391367691468 2.3420942915200564
-2.57215737936886 4.129027551015824
-1.3819573344145895 8.913203821617858
2.859420775602749 2.9560282663059434
-1.6016875235033492 6.218985826990561
-1.637444670454378 3.9380549730489225
1.9568149970074455 0.23418537357582947
-0.7300001120785176 6.25456272268018
3.154927117319991 1.5529273906605345
-3.0913253249027988 7.357486011601107
0.5889432611385428 4.001484576873055
2.6693468917789582 1.8198703315044638
1.0427873009296629 4.606259225188172
-1.4389092683275495 7.440610501608144
0.303809630770544 3.9442341659078486
1.4194214430539969 1.5740969548844366
-2.9463615941784047 8.222740491036657
-2.833430864957222 4.576012940951311
-1.0030129893876998 3.006304348377784
2.451274234094523 -0.19539784879256894
0.9077988690217755 0.4598436151935028
2.1550496497061458 4.123862491636039
-0.07228288652059756 2.883769390269415
-2.1549915728634845 2.436855142872335
-0.47500279734355055 6.651579375448277
-1.5439244270833459 3.2970339968882048
-3.463183819068412 3.1066608581269515
3.922826481859448 1.8037083182133222
2.912098133335569 0.24663806663778998
-1.6331355839274257 7.929811604958668
0.5730931315733154 5.526232397830817
2.7275622784453133 1.3051254961790473
0.7770126844620364 1.8578664386115755
-1.9263530424847806 3.2879381491806416
-0.6376277690114565 4.091047047234421
2.4703491517041014 4.098629063682589
2.0309413970339425 0.15963275073224814
-0.8605209311899911 2.4571624739445697
-2.25250139168549 1.5345183059380674
-0.5497986256388142 7.839230904727864
-1.455159450910122 8.715638927722376
-2.375081583502894 7.104782262776769
-0.6539282684195495 4.7665695829741646
1.1203136497073731 5.758060834411365
1.1424452959887192 2.01467994803379
-1.9904999878679996 3.399363735106585
-1.9360933857748326 6.621382612547474
3.2460247025341027 2.8494216528496255
-0.27652528150343114 5.0812776832803
-0.4066245106725138 7.586001435480645
1.7872641504814974 1.700120055734332
4.4384122962968195 1.8421431469283507
-2.0123996986525934 6.397668541840016
-0.6697342770172718 8.185114472634767
-1.4291790455070499 3.5008359410864163
0.6647175464191224 4.359952669678135
2.976126345213697 1.216391312880958
3.002519489206626 0.7426535668471026
0.10547292936461328 3.7249376626839745
-1.405922790909966 10.092183512939803
-1.3849508499011258 2.598553844188028
-2.4713502691401557 2.507832568130574
0.82983200260271 1.7420266363394838
1.4116491185999873 -1.3257394922864898
1.1312175042434114 4.681949847050563
-0.03241946873053658 0.8478972363195902
-2.950964922204437 2.4245623779709287
-1.209625222905962 6.17874491331964
0.163123796502041 2.577504725116713
-1.952956050602384 8.778720740611089
-1.8359169822690276 1.241878455003146
0.06897171416325287 4.355732723244529
2.69539904753047 -0.7192923843728976
0.46546494097762203 3.123155143325978
-3.109842410556987 3.528261640440328
1.8407062774060008 3.561622307041948
-2.124220082187268 2.679960531597116
0.7624106117094294 1.1647145292871197
0.9480878502078401 4.7321191979788075
-2.2189538610062964 4.454259315578921
1.9870259161082466 2.6110063815873037
0.4290082950287888 3.307975584021049
-0.6809654968934808 7.61278491512644
-0.48159259310106417 8.191752833113883
-1.659784590808861 2.6200913819313945
-0.3164074006318466 8.175424999442857
-1.9322666724833668 9.495010811831467
2.4316930525885074 -0.20173713064625765
-0.3903318504538139 8.976561882299167
1.2518578572590369 0.2081138821877363
-2.0697654892386232 3.3339323075945484
2.221941016805407 1.5326950968300432
1.2853514469875615 1.4369128512297542
-1.1278576675817753 0.14528950490647263
3.181903443539385 -0.1822678484254865
0.8730512267529372 4.714385829386762
3.2432973137851797 1.2146062718627864
-3.5575884810033997 4.982375122692442
-3.907428012742891 8.441779540000974
-1.727911588754098 8.455818313985107
-1.540093137494013 7.073967803829971
1.2893377801973964 3.449691588146665
-2.1232180516724135 2.8653149650635763
1.0210246796484133 1.5792581782195638
-0.18887976223686143 5.2046138144025775
-1.9005493746811695 7.314270703340483
-1.645068058350475 2.2377040573362725
-0.5544826220560177 7.675886577495327
1.3157045250415647 2.4406782553446726
-3.016794225423181 8.190941808385363
2.631858338047819 0.6893649043599419
2.5785441819646318 0.7261173287156888
-0.837085848687117 4.219728490898121
-1.2405603243296257 3.5267260958085735
0.39987915746140934 7.9996877711289285
2.1156707630897955 3.0689615070947376
1.6860856834904343 0.6582844823620104
4.218503470713568 2.234191609374329
-2.683086445043818 3.699080363043116
1.6201139697112406 2.7469273884172787
1.441932518276955 2.7675436411711662
-1.6628537139002262 4.054773623935818
0.2183229408280274 8.688011955102827
-2.405611033937004 7.523167764515901
-1.290427226036729 7.548572823251686
-0.09448254296404746 5.358239054379527
-0.19685332656766485 6.247408513097683
-1.2469794141786672 2.819731871690165
-1.5767197372875836 4.957405922888751
0.7324049374689467 2.8756251096724803
2.0159847032053824 -0.2704298378032606
0.6283579292203425 4.46013629655237
0.9508841820044274 0.9498287391989112
0.46661789679484156 3.8657130258372034
-2.3402682724261084 1.4514579335306088
-2.861162484624659 1.5711647555355674
-2.233766512430301 6.3636250081780075
-0.29421491993923854 5.273184035606401
-0.4337359522582839 7.894385604823224
1.3809348607755019 0.9294942182122881
1.0550521740433132 -0.6471074368396748
1.3326364757208968 5.010360495640338
-0.9678140694298543 6.842336404712014
-2.1643410387741344 2.520610447004325
-2.179312595608925 2.5269288861455217
-1.1006452824438044 3.594790296363368
1.0220285958479411 4.116603477422556
-0.9737394170222107 6.944544932646066
1.557235070740573 2.8271957137549224
