84 2
3.58924592117251 3.91122715666704
3.88418648231925 3.79393819973931
4.97481849648341 1.68362695129482
1.42319309300091 0.769682976611324
1.25436548390042 1.02390567248765
2.79349164826598 0.010689993825975
4.05401856339525 3.69971905561425
4.08792154221698 3.67822129589045
4.89096341601206 1.3486495879298
1.55549681131662 3.38326083508626
1.37528010709946 3.16631268089362
3.12137687357145 3.99631351609962
2.93941333420841 0.000917896651501326
3.6857245586961 3.87877136171516
3.08020986956155 0.001609053056705
1.59998901532673 3.4282749184923
2.04858127091123 0.240794951707133
4.01973306892472 0.279492961902981
2.76960925200777 3.98668570821848
2.43691284160744 3.91909688448848
2.57882990111505 3.95515108055752
3.81618972133706 10.1741209408113
1.07831049421327 11.4458254396409
2.69723798733255 10.0230490234491
1.78821519238182 13.5910932028092
2.71968563753307 13.9802585331705
2.56473198184465 13.9520608987353
2.58716606805447 13.9569282420759
4.02030839602833 10.2798340844575
1.86407566384558 13.6461093227766
4.79721564739919 11.1224944919013
3.68505748180696 10.1209852989877
4.3340023823559 13.4901132990041
1.66901418197889 13.492808344104
4.95948861452602 12.4005051429669
4.53712409250782 13.279550516483
1.61900939462418 10.5533262469155
2.62781934855563 13.9650652820429
4.30233526314462 13.5178678672302
2.27409698159597 13.8636160569903
1.35980271508232 10.8555556516157
1.54517019575319 13.3723958032125
12.9807080763586 10.0000930467439
12.9800232999609 10.0000997696246
11.2198965876248 12.9117191679733
13.2422381094195 13.9852759753608
13.7866688022209 13.8387909602813
14.2615888459097 13.5518999915833
14.9556464643184 11.5811361717705
14.4617543640521 13.3650180142308
14.9598008228353 12.3989746042219
12.9180935408409 13.9983221291744
11.9113717428242 10.3222370496169
14.603409954128 13.1954398851482
14.3807127402161 13.4469389513745
13.3439481433059 10.0297970473283
13.6656648692779 10.1140280273002
13.5038391406863 13.9354963498577
13.9190074212689 13.7763516993131
14.9292128915344 12.5273875416972
13.3257859515016 13.9732874888886
13.3203614630338 10.0258245941652
11.4834382843942 13.3038560360557
12.9371860448484 3.99901335839414
11.8376203360837 3.62753602630293
13.5195335402577 0.0686572286237441
13.4588536764686 0.0533481812118317
11.1981303161682 1.13209122455868
11.7700415842483 0.422913351929716
11.8219766836307 0.383750926963817
11.7562886978905 0.433736230066922
13.5407916674395 0.0745015262462618
13.1543867121814 3.99403228236201
12.9964640539304 3.99999687426891
12.7807326611842 0.0120558775134993
12.9614291738721 3.99962803825407
14.4957096234469 0.672275358996364
11.8338454350053 3.62483338547124
13.561247300651 0.0803642357176377
11.823902062129 3.6176506546642
11.3282848283909 0.902107298042306
11.568164487616 0.603630756040499
13.4838345757412 3.94059375020052
11.2083115611435 2.88873648404231