1 109 505.772 795.094 3
1 147 541.69 818.375 3
1 343 483.206 814.332 3
1 292 509.984 834.341 3
1 384 592.712 764.167 3
1 156 476.475 711.843 3
1 306 451.636 797.971 3
1 157 456.946 809.262 3
1 326 477.087 834.773 3
1 338 463.399 711.7 3
1 138 607.208 778.844 3
1 1 602.539 801.704 3
1 91 525.118 681.256 3
1 359 603.56 723.736 3
1 298 616.789 748.507 3
1 129 439.629 819.344 3
1 121 618.453 808.454 3
1 59 547.886 870.165 3
1 353 609.907 714.945 3
1 310 430.779 816.476 3
1 299 414.131 748.199 3
1 328 500.418 885.256 3
1 61 489.34 885.471 3
1 254 826.909 802.719 4
1 265 852.864 824.65 4
1 140 840.931 757.357 4
1 279 808.889 763.527 4
1 4 796.042 796.519 4
1 13 861.254 754.12 4
1 259 809.911 758.316 4
1 51 870.562 747.862 4
1 352 891.084 771.611 4
1 134 844.594 856.238 4
1 280 775.352 780.347 4
1 79 789.206 738.168 4
1 227 783.667 742.083 4
1 211 759.957 814.02 4
1 376 825.413 709.361 4
1 92 835.669 882.708 4
1 225 762.214 751.456 4
1 40 156.444 178.995 7
1 342 172.907 173.232 7
1 70 156.993 187.479 7
1 64 171.854 111.942 7
1 380 109.524 120.779 7
1 83 148.737 95.1072 7
1 339 99.6077 192.347 7
1 113 226.997 149.199 7
1 126 153.759 230.999 7
1 152 134 228.874 7
1 365 214.744 82.1886 7
1 184 153.897 253.897 7
1 391 256.231 126.549 7
1 314 257.178 178.95 7
1 173 64.3447 87.0233 7
1 242 58.1823 207.452 7
1 397 127.116 42.9147 7
1 286 273.595 173.028 7
1 281 178.085 519.553 2
1 201 205.641 477.219 2
1 116 175.187 551.629 2
1 284 236.126 494.214 2
1 215 228.193 537.552 2
1 66 132.524 507.626 2
1 335 225.447 556.169 2
1 185 138.308 544.775 2
1 213 244.594 473.987 2
1 16 125.872 536.987 2
1 154 156.372 445.891 2
1 204 117.937 480.467 2
1 163 135.318 579.262 2
1 128 232.085 588.069 2
1 316 109.638 555.178 2
1 356 122.621 436.923 2
1 267 93.5555 531.101 2
1 235 175.856 408.861 2
1 119 245.176 595.849 2
1 166 176.011 611.721 2
1 25 196.656 613.862 2
1 210 134.598 416.191 2
1 192 547.387 204.852 1
1 337 559.929 171.432 1
1 148 509.211 164.053 1
1 334 494.045 199.61 1
1 398 587.637 139.566 1
1 90 494.944 163.27 1
1 96 628.285 197.058 1
1 7 476.864 203.976 1
1 127 476.331 253.181 1
1 43 460.829 255.503 1
1 379 620.154 281.819 1
1 364 582.097 75.6071 1
1 82 486.979 88.5907 1
1 318 438.962 136.901 1
1 54 550.99 317.71 1
1 144 429.87 229.253 1
1 73 672.67 141.516 1
1 218 680.574 156.194 1
1 49 511.528 60.4103 1
1 174 417.205 194.188 1
1 180 424.972 239.973 1
1 170 850.689 321.301 6
1 104 801.207 327.664 6
1 247 805.435 372.793 6
1 354 800.506 368.529 6
1 317 818.496 388.539 6
1 293 890.36 307.257 6
1 32 817.106 281.12 6
1 169 852.354 420.312 6
1 193 776.794 291.288 6
1 230 814.209 436.493 6
1 309 747.866 360.265 6
1 217 881.955 436.361 6
1 149 875.589 251.226 6
1 125 923.029 410.17 6
1 333 740.572 359.87 6
1 290 786.058 432.582 6
1 369 760.5 411.841 6
1 26 913.249 428.902 6
1 302 732.088 320.501 6
1 130 959.404 382.332 6
1 219 811.997 466.21 6
1 142 725.65 402.263 6
1 71 186.101 903.489 5
1 63 195.225 821.483 5
1 6 233.569 850.798 5
1 159 165.471 811.813 5
1 322 123.803 911.149 5
1 153 167.243 943.593 5
1 340 257.615 814.539 5
1 315 233.293 789.181 5
1 278 152.733 951.553 5
1 106 168.354 774.785 5
1 195 172.306 772.747 5
1 46 279.893 896.021 5
1 183 180.64 963.276 5
1 150 101.219 820.45 5
1 270 231.083 960.553 5
1 5 88.9064 838.954 5
2 250 415.46 823.742 5
2 357 517.93 649.464 5
2 112 433.068 854.106 5
2 344 537.144 893.849 5
2 272 431.006 685.786 5
2 274 452.184 663.382 5
2 107 607.71 673.196 5
2 141 449.959 883.516 5
2 253 512.472 906.526 5
2 208 636.977 852.552 5
2 55 421.545 669.856 5
2 275 384.806 812.568 5
2 349 407.053 857.824 5
2 202 486.743 625.481 5
2 366 560.439 622.937 5
2 102 659.297 693.415 5
2 361 498.328 926.571 5
2 95 653.011 671.869 5
2 256 599.164 619.972 5
2 21 583.448 609.201 5
2 99 580.371 933.465 5
2 100 377.453 863.505 1
2 329 807.777 879.354 3
2 72 745.996 818.744 3
2 381 738.931 820.767 3
2 188 951.537 792.325 3
2 372 918.947 876.684 3
2 9 954.573 785.053 3
2 124 942.046 733.577 3
2 336 782.186 687.569 3
2 386 778.131 902.453 3
2 387 885.712 666.382 3
2 392 927.385 899.534 3
2 145 980.879 821.977 3
2 261 934.248 685.015 3
2 194 756.586 917.899 3
2 241 980.725 735.09 3
2 30 979.153 716.97 3
2 260 260.672 213.383 7
2 52 126.307 27.0835 7
2 224 272.482 202.425 7
2 388 26.8873 163.883 7
2 94 109.477 27.3525 7
2 358 235.387 41.3129 7
2 196 85.7052 33.6732 7
2 251 203.288 280.22 6
2 155 267.979 69.0196 7
2 199 21.9732 102.51 7
2 101 258.125 251.372 7
2 158 217.245 20.1127 7
2 87 192.47 292.712 6
2 189 190.116 9.77048 7
2 368 90.496 16.7955 7
2 330 6.13562 122.624 7
2 28 49.6047 40.6059 7
2 177 262.003 425.604 6
2 327 189.042 621.271 6
2 172 104.725 588.78 6
2 308 236.339 400.124 6
2 294 304.468 535.688 6
2 246 256.513 606.643 6
2 346 286.889 436.077 6
2 233 92.7453 433.967 6
2 38 306.696 552.626 6
2 12 83.0742 601.487 6
2 285 314.339 438.079 6
2 262 176.023 365.196 6
2 394 72.1925 423.799 6
2 33 332.771 466.52 6
2 283 114.258 377.412 6
2 198 87.5416 389.28 6
2 221 312.678 611.344 6
2 305 33.0116 545.758 6
2 76 91.6001 378.018 6
2 88 24.0393 509.808 6
2 237 227.183 343.604 6
2 393 524.925 53.7248 4
2 167 560.389 331.015 4
2 238 491.148 328.614 4
2 228 399.475 192.268 4
2 37 445.404 306.86 4
2 139 682.389 84.7105 4
2 17 563.237 20.7366 4
2 39 555.492 359.315 4
2 108 569.788 359.946 4
2 348 382.173 228.74 4
2 263 606.972 355.066 4
2 304 561.254 14.0532 4
2 216 645.769 36.6176 4
2 232 607.013 13.6116 4
2 295 473.917 22.3053 4
2 245 557.17 378.511 4
2 258 360.033 175.038 4
2 209 382.491 96.1738 4
2 181 615.069 4.82106 4
2 151 485.894 5.4797 4
2 332 752.455 173.084 2
2 11 946.1 432.995 2
2 375 961.419 413.034 2
2 320 920.634 460.336 2
2 296 868.559 484.797 2
2 137 901.1 207.153 2
2 98 730.64 446.995 2
2 62 908.764 483.318 2
2 42 963.235 442.629 2
2 74 795.061 496.701 2
2 182 967.473 235.618 2
2 176 868.707 180.065 2
2 103 700.979 439.308 2
2 282 988.743 256.46 2
2 45 931.464 198.146 2
2 385 724.782 471.166 2
2 269 746.616 491.772 2
2 85 972.905 220.419 2
2 371 995.853 234.577 2
2 80 800.35 158.589 2
2 36 806.139 537.748 2
2 110 692.786 475.055 2
2 122 284.623 905.817 1
2 35 168.54 974.806 1
2 68 267.929 788.352 1
2 117 207.262 753.08 1
2 34 278.353 945.623 1
2 205 295.533 923.189 1
2 75 298.827 796.84 1
2 118 127.313 986.134 1
2 67 327.208 868.8 1
2 252 325.896 907.59 1
2 47 331.283 923.481 1
2 29 271.361 736.904 1
2 390 165.76 712.313 1
2 48 33.5356 889.86 1
2 341 42.8894 926.489 1
3 178 669.764 662.314 7
3 136 359.094 688.825 4
3 362 548.665 952.849 6
3 31 489.418 957.946 6
3 65 599.164 587.5 7
3 0 435.841 587.522 4
3 8 406.271 601.839 4
3 226 648.783 603.79 7
3 22 404.171 942.218 6
3 10 593.326 968.644 6
3 214 642.573 589.53 7
3 200 417.302 581.199 4
3 56 699.395 641.832 7
3 223 518.363 989.629 6
3 58 486.626 987.924 6
3 271 683.546 930.491 5
3 244 543.707 996.057 6
3 3 444.217 553.301 4
3 146 578.122 545.104 7
3 289 540.007 528.659 4
3 131 659.332 989.174 5
3 313 754.786 929.344 5
3 2 861.563 954.019 5
3 249 818.209 629.891 7
3 360 910.373 948.618 5
3 222 853.959 621.638 7
3 264 667.645 810.279 5
3 206 879.339 967.331 5
3 268 818.774 606.902 7
3 389 741.314 972.935 5
3 27 828.34 584.111 7
3 15 963.227 965.824 5
3 377 827.455 580.479 7
3 115 756.359 997.073 5
3 220 963.481 584.969 7
3 331 680.526 979.535 5
3 355 6.5945 196.999 1
3 307 197.287 1.98716 1
3 277 52.5835 271.001 1
3 86 40.56 259.589 1
3 243 195.262 304.483 1
3 186 23.8826 240.295 1
3 382 274.222 258.428 1
3 84 231.984 10.131 1
3 24 20.0806 62.8968 1
3 311 21.823 256.845 1
3 161 310.765 220.815 1
3 347 34.4571 282.052 1
3 231 291.053 292.049 1
3 162 2.19756 25.8493 1
3 191 331.085 8.82753 1
3 89 316.686 311.822 1
3 303 334.192 594.83 4
3 383 82.5408 643.565 2
3 18 55.259 619.092 2
3 114 326.41 615.676 4
3 300 236.206 683.44 2
3 297 91.7265 661.356 2
3 255 374.105 494.356 4
3 257 327.353 384.372 4
3 50 232.874 327.742 1
3 164 257.714 332.927 1
3 236 344.656 388.185 4
3 44 385.534 487.846 4
3 160 381.612 457.549 4
3 14 247.619 698.637 2
3 23 15.771 614.642 2
3 53 25.7158 384.711 1
3 20 237.167 707.298 2
3 399 22.8315 355.085 1
3 168 416.783 521.535 4
3 239 25.5217 669.796 2
3 288 6.42906 353.95 1
3 78 370.272 274.581 1
3 179 420.178 34.4287 1
3 187 701.018 43.4543 3
3 203 372.177 77.9249 1
3 312 344.638 230.393 1
3 133 734.709 76.166 3
3 374 377.688 314.408 4
3 60 764.19 227.841 3
3 234 769.072 182.917 3
3 93 775.205 181.054 3
3 120 368.488 322.474 4
3 171 745.771 57.0821 3
3 266 746.32 56.0444 3
3 111 615.258 416.034 7
3 240 789.06 180.381 3
3 363 779.11 99.0186 3
3 248 462.037 417.062 4
3 132 475.22 422.92 4
3 351 534.254 449.898 4
3 323 826.839 234.883 3
3 143 882.698 149.994 3
3 81 748.357 537.031 7
3 69 792.919 136.517 3
3 175 884.474 559.131 7
3 301 974.766 171.802 3
3 324 967.716 166.523 3
3 325 763.859 558.636 7
3 197 904.883 126.216 3
3 207 889.914 107.701 3
3 77 917.898 105.225 3
3 105 755.117 581.702 7
3 273 709.83 561.077 7
3 367 693.672 555.594 7
3 165 678.108 546.502 7
3 19 691.414 576.653 7
3 370 626.521 526.724 7
3 291 995.164 77.7478 3
3 321 950.473 33.9817 3
3 373 989.579 47.3211 3
3 350 957.659 25.5349 3
3 276 886.343 4.94442 3
3 57 30.6059 881.315 2
3 319 344.937 837.515 6
3 212 44.5069 940.863 2
3 41 140.141 704.084 2
3 229 32.4988 938.751 2
3 123 347.487 932.543 6
3 396 349.224 799.328 6
3 395 367.23 863.354 6
3 135 10.2508 829.527 2
3 287 49.9968 742.733 2
3 378 35.7801 990.366 2
3 190 347.579 997.518 6
3 345 2.99018 973.272 2
3 97 1.94865 712.335 2
