1 40 156.444 178.995 2
1 342 172.907 173.232 2
1 70 156.993 187.479 2
1 64 171.854 111.942 2
1 126 153.759 230.999 2
1 339 99.6077 192.347 2
1 152 134 228.874 2
1 380 109.524 120.779 2
1 113 226.997 149.199 2
1 83 148.737 95.1072 2
1 184 153.897 253.897 2
1 314 257.178 178.95 2
1 365 214.744 82.1886 2
1 391 256.231 126.549 2
1 242 58.1823 207.452 2
1 260 260.672 213.383 2
1 286 273.595 173.028 2
1 224 272.482 202.425 2
1 251 203.288 280.22 2
1 264 667.645 810.279 4
1 121 618.453 808.454 4
1 208 636.977 852.552 4
1 381 738.931 820.767 4
1 1 602.539 801.704 4
1 138 607.208 778.844 4
1 72 745.996 818.744 4
1 298 616.789 748.507 4
1 211 759.957 814.02 4
1 384 592.712 764.167 4
1 225 762.214 751.456 4
1 280 775.352 780.347 4
1 359 603.56 723.736 4
1 353 609.907 714.945 4
1 102 659.297 693.415 4
1 271 683.546 930.491 4
1 4 796.042 796.519 4
1 147 541.69 818.375 4
1 227 783.667 742.083 4
1 194 756.586 917.899 4
1 79 789.206 738.168 4
1 95 653.011 671.869 4
1 386 778.131 902.453 4
1 279 808.889 763.527 4
1 313 754.786 929.344 4
1 259 809.911 758.316 4
1 178 669.764 662.314 4
1 107 607.71 673.196 4
1 36 806.139 537.748 3
1 74 795.061 496.701 3
1 377 827.455 580.479 3
1 325 763.859 558.636 3
1 27 828.34 584.111 3
1 81 748.357 537.031 3
1 105 755.117 581.702 3
1 268 818.774 606.902 3
1 219 811.997 466.21 3
1 269 746.616 491.772 3
1 175 884.474 559.131 3
1 296 868.559 484.797 3
1 249 818.209 629.891 3
1 222 853.959 621.638 3
1 230 814.209 436.493 3
1 90 494.944 163.27 7
1 148 509.211 164.053 7
1 334 494.045 199.61 7
1 7 476.864 203.976 7
1 192 547.387 204.852 7
1 337 559.929 171.432 7
1 318 438.962 136.901 7
1 82 486.979 88.5907 7
1 174 417.205 194.188 7
1 127 476.331 253.181 7
1 144 429.87 229.253 7
1 43 460.829 255.503 7
1 398 587.637 139.566 7
1 228 399.475 192.268 7
1 215 228.193 537.552 1
1 284 236.126 494.214 1
1 335 225.447 556.169 1
1 213 244.594 473.987 1
1 201 205.641 477.219 1
1 281 178.085 519.553 1
1 294 304.468 535.688 1
1 128 232.085 588.069 1
1 116 175.187 551.629 1
1 38 306.696 552.626 1
1 119 245.176 595.849 1
1 246 256.513 606.643 1
1 346 286.889 436.077 1
1 177 262.003 425.604 1
1 25 196.656 613.862 1
1 185 138.308 544.775 1
1 66 132.524 507.626 1
1 33 332.771 466.52 1
1 154 156.372 445.891 1
1 166 176.011 611.721 1
1 285 314.339 438.079 1
1 327 189.042 621.271 1
1 16 125.872 536.987 1
1 221 312.678 611.344 1
1 163 135.318 579.262 1
1 308 236.339 400.124 1
1 6 233.569 850.798 6
1 46 279.893 896.021 6
1 122 284.623 905.817 6
1 340 257.615 814.539 6
1 67 327.208 868.8 6
1 205 295.533 923.189 6
1 68 267.929 788.352 6
1 252 325.896 907.59 6
1 75 298.827 796.84 6
1 63 195.225 821.483 6
1 315 233.293 789.181 6
1 34 278.353 945.623 6
1 71 186.101 903.489 6
1 319 344.937 837.515 6
1 47 331.283 923.481 6
1 270 231.083 960.553 6
1 395 367.23 863.354 6
1 396 349.224 799.328 6
1 123 347.487 932.543 6
1 176 868.707 180.065 5
1 323 826.839 234.883 5
1 240 789.06 180.381 5
1 80 800.35 158.589 5
1 137 901.1 207.153 5
1 143 882.698 149.994 5
1 149 875.589 251.226 5
1 93 775.205 181.054 5
1 234 769.072 182.917 5
1 69 792.919 136.517 5
1 60 764.19 227.841 5
1 32 817.106 281.12 5
1 45 931.464 198.146 5
1 332 752.455 173.084 5
1 197 904.883 126.216 5
1 207 889.914 107.701 5
1 193 776.794 291.288 5
2 173 64.3447 87.0233 3
2 87 192.47 292.712 3
2 101 258.125 251.372 3
2 397 127.116 42.9147 3
2 388 26.8873 163.883 3
2 243 195.262 304.483 3
2 382 274.222 258.428 3
2 52 126.307 27.0835 3
2 277 52.5835 271.001 3
2 155 267.979 69.0196 3
2 86 40.56 259.589 3
2 358 235.387 41.3129 3
2 94 109.477 27.3525 3
2 199 21.9732 102.51 3
2 186 23.8826 240.295 3
2 196 85.7052 33.6732 3
2 355 6.5945 196.999 3
2 330 6.13562 122.624 3
2 161 310.765 220.815 5
2 329 807.777 879.354 2
2 99 580.371 933.465 2
2 254 826.909 802.719 2
2 109 505.772 795.094 2
2 331 680.526 979.535 2
2 56 699.395 641.832 6
2 140 840.931 757.357 2
2 10 593.326 968.644 2
2 389 741.314 972.935 2
2 134 844.594 856.238 2
2 92 835.669 882.708 2
2 131 659.332 989.174 2
2 265 852.864 824.65 2
2 376 825.413 709.361 2
2 253 512.472 906.526 2
2 362 548.665 952.849 2
2 91 525.118 681.256 6
2 13 861.254 754.12 2
2 256 599.164 619.972 6
2 115 756.359 997.073 2
2 226 648.783 603.79 6
2 51 870.562 747.862 2
2 361 498.328 926.571 2
2 366 560.439 622.937 6
2 156 476.475 711.843 6
2 21 583.448 609.201 6
2 214 642.573 589.53 6
2 273 709.83 561.077 6
2 385 724.782 471.166 6
2 290 786.058 432.582 4
2 62 908.764 483.318 4
2 367 693.672 555.594 6
2 98 730.64 446.995 6
2 19 691.414 576.653 6
2 217 881.955 436.361 4
2 165 678.108 546.502 6
2 110 692.786 475.055 6
2 369 760.5 411.841 4
2 320 920.634 460.336 4
2 103 700.979 439.308 6
2 26 913.249 428.902 4
2 180 424.972 239.973 5
2 49 511.528 60.4103 5
2 393 524.925 53.7248 5
2 364 582.097 75.6071 5
2 348 382.173 228.74 5
2 96 628.285 197.058 5
2 209 382.491 96.1738 5
2 258 360.033 175.038 5
2 37 445.404 306.86 5
2 295 473.917 22.3053 5
2 203 372.177 77.9249 5
2 179 420.178 34.4287 5
2 54 550.99 317.71 5
2 303 334.192 594.83 7
2 204 117.937 480.467 7
2 235 175.856 408.861 7
2 114 326.41 615.676 7
2 316 109.638 555.178 7
2 255 374.105 494.356 7
2 356 122.621 436.923 7
2 267 93.5555 531.101 7
2 210 134.598 416.191 7
2 172 104.725 588.78 7
2 44 385.534 487.846 7
2 160 381.612 457.549 7
2 257 327.353 384.372 7
2 300 236.206 683.44 1
2 233 92.7453 433.967 7
2 236 344.656 388.185 7
2 12 83.0742 601.487 7
2 168 416.783 521.535 6
2 14 247.619 698.637 1
2 8 406.271 601.839 6
2 20 237.167 707.298 1
2 200 417.302 581.199 6
2 394 72.1925 423.799 7
2 383 82.5408 643.565 7
2 198 87.5416 389.28 7
2 297 91.7265 661.356 7
2 159 165.471 811.813 1
2 100 377.453 863.505 1
2 153 167.243 943.593 1
2 117 207.262 753.08 1
2 29 271.361 736.904 1
2 183 180.64 963.276 1
2 195 172.306 772.747 1
2 106 168.354 774.785 1
2 278 152.733 951.553 1
2 35 168.54 974.806 1
2 322 123.803 911.149 1
2 250 415.46 823.742 1
2 150 101.219 820.45 1
2 310 430.779 816.476 1
2 5 88.9064 838.954 1
2 390 165.76 712.313 1
2 118 127.313 986.134 1
2 129 439.629 819.344 1
2 363 779.11 99.0186 4
2 77 917.898 105.225 4
2 293 890.36 307.257 4
2 170 850.689 321.301 4
2 324 967.716 166.523 4
2 182 967.473 235.618 4
2 85 972.905 220.419 4
2 301 974.766 171.802 4
2 104 801.207 327.664 4
2 282 988.743 256.46 4
2 371 995.853 234.577 4
2 133 734.709 76.166 4
2 302 732.088 320.501 4
2 171 745.771 57.0821 4
2 266 746.32 56.0444 4
2 354 800.506 368.529 4
3 158 217.245 20.1127 4
3 189 190.116 9.77048 4
3 311 21.823 256.845 4
3 368 90.496 16.7955 4
3 347 34.4571 282.052 4
3 28 49.6047 40.6059 4
3 307 197.287 1.98716 4
3 50 232.874 327.742 4
3 24 20.0806 62.8968 4
3 84 231.984 10.131 4
3 231 291.053 292.049 4
3 237 227.183 343.604 4
3 164 257.714 332.927 4
3 262 176.023 365.196 4
3 89 316.686 311.822 4
3 162 2.19756 25.8493 4
3 283 114.258 377.412 4
3 191 331.085 8.82753 4
3 357 517.93 649.464 2
3 352 891.084 771.611 1
3 244 543.707 996.057 2
3 338 463.399 711.7 2
3 141 449.959 883.516 2
3 65 599.164 587.5 7
3 31 489.418 957.946 2
3 223 518.363 989.629 2
3 2 861.563 954.019 1
3 112 433.068 854.106 2
3 372 918.947 876.684 1
3 58 486.626 987.924 2
3 206 879.339 967.331 1
3 202 486.743 625.481 7
3 274 452.184 663.382 2
3 349 407.053 857.824 2
3 392 927.385 899.534 1
3 272 431.006 685.786 2
3 360 910.373 948.618 1
3 188 951.537 792.325 1
3 124 942.046 733.577 1
3 9 954.573 785.053 1
3 275 384.806 812.568 2
3 22 404.171 942.218 2
3 15 963.227 965.824 1
3 190 347.579 997.518 2
3 387 885.712 666.382 1
3 336 782.186 687.569 1
3 142 725.65 402.263 6
3 220 963.481 584.969 6
3 11 946.1 432.995 6
3 42 963.235 442.629 6
3 370 626.521 526.724 7
3 261 934.248 685.015 1
3 375 961.419 413.034 6
3 146 578.122 545.104 7
3 30 979.153 716.97 1
3 241 980.725 735.09 1
3 289 540.007 528.659 7
3 145 980.879 821.977 1
3 238 491.148 328.614 7
3 312 344.638 230.393 4
3 78 370.272 274.581 7
3 17 563.237 20.7366 3
3 151 485.894 5.4797 3
3 379 620.154 281.819 7
3 304 561.254 14.0532 3
3 167 560.389 331.015 7
3 73 672.67 141.516 3
3 218 680.574 156.194 3
3 232 607.013 13.6116 3
3 39 555.492 359.315 7
3 76 91.6001 378.018 4
3 305 33.0116 545.758 5
3 136 359.094 688.825 2
3 18 55.259 619.092 5
3 3 444.217 553.301 7
3 41 140.141 704.084 5
3 0 435.841 587.522 7
3 88 24.0393 509.808 5
3 120 368.488 322.474 7
3 55 421.545 669.856 2
3 23 15.771 614.642 5
3 248 462.037 417.062 7
3 374 377.688 314.408 7
3 53 25.7158 384.711 4
3 132 475.22 422.92 7
3 239 25.5217 669.796 5
3 399 22.8315 355.085 4
3 288 6.42906 353.95 4
3 287 49.9968 742.733 5
3 351 534.254 449.898 7
3 97 1.94865 712.335 5
3 245 557.17 378.511 7
3 108 569.788 359.946 7
3 111 615.258 416.034 7
3 263 606.972 355.066 7
3 299 414.131 748.199 2
3 306 451.636 797.971 2
3 157 456.946 809.262 2
3 326 477.087 834.773 2
3 343 483.206 814.332 2
3 61 489.34 885.471 2
3 341 42.8894 926.489 5
3 48 33.5356 889.86 5
3 212 44.5069 940.863 5
3 57 30.6059 881.315 5
3 328 500.418 885.256 2
3 229 32.4988 938.751 5
3 292 509.984 834.341 2
3 135 10.2508 829.527 5
3 378 35.7801 990.366 5
3 344 537.144 893.849 2
3 345 2.99018 973.272 5
3 59 547.886 870.165 2
3 247 805.435 372.793 6
3 309 747.866 360.265 6
3 333 740.572 359.87 6
3 317 818.496 388.539 6
3 291 995.164 77.7478 3
3 139 682.389 84.7105 3
3 321 950.473 33.9817 3
3 276 886.343 4.94442 3
3 350 957.659 25.5349 3
3 187 701.018 43.4543 3
3 373 989.579 47.3211 3
3 130 959.404 382.332 6
3 169 852.354 420.312 6
3 125 923.029 410.17 6
3 216 645.769 36.6176 3
3 181 615.069 4.82106 3
