0 1 435.841 587.522 1
0 2 602.539 801.704 1
0 3 861.563 954.019 4
0 4 444.217 553.301 1
0 5 796.042 796.519 4
0 6 88.9064 838.954 7
0 7 233.569 850.798 7
0 8 476.864 203.976 3
0 9 406.271 601.839 1
0 10 954.573 785.053 4
0 11 593.326 968.644 1
0 12 946.1 432.995 6
0 13 83.0742 601.487 2
0 14 861.254 754.12 4
0 15 247.619 698.637 7
0 16 963.227 965.824 4
0 17 125.872 536.987 2
0 18 563.237 20.7366 3
0 19 55.259 619.092 2
0 20 691.414 576.653 4
0 21 237.167 707.298 7
0 22 583.448 609.201 1
0 23 404.171 942.218 1
0 24 15.771 614.642 2
0 25 20.0806 62.8968 5
0 26 196.656 613.862 2
0 27 913.249 428.902 6
0 28 828.34 584.111 4
0 29 49.6047 40.6059 5
0 30 271.361 736.904 7
0 31 979.153 716.97 4
0 32 489.418 957.946 1
0 33 817.106 281.12 6
0 34 332.771 466.52 2
0 35 278.353 945.623 7
0 36 168.54 974.806 7
0 37 806.139 537.748 4
0 38 445.404 306.86 3
0 39 306.696 552.626 2
0 40 555.492 359.315 3
0 41 156.444 178.995 5
0 42 140.141 704.084 7
0 43 963.235 442.629 6
0 44 460.829 255.503 3
0 45 385.534 487.846 2
0 46 931.464 198.146 6
0 47 279.893 896.021 7
0 48 331.283 923.481 7
0 49 33.5356 889.86 7
0 50 511.528 60.4103 3
0 51 232.874 327.742 2
0 52 870.562 747.862 4
0 53 126.307 27.0835 5
0 54 25.7158 384.711 2
0 55 550.99 317.71 3
0 56 421.545 669.856 1
0 57 699.395 641.832 4
0 58 30.6059 881.315 7
0 59 486.626 987.924 1
0 60 547.886 870.165 1
0 61 764.19 227.841 6
0 62 489.34 885.471 1
0 63 908.764 483.318 6
0 64 195.225 821.483 7
0 65 171.854 111.942 5
0 66 599.164 587.5 1
0 67 132.524 507.626 2
0 68 327.208 868.8 7
0 69 267.929 788.352 7
0 70 792.919 136.517 6
0 71 156.993 187.479 5
0 72 186.101 903.489 7
0 73 745.996 818.744 4
0 74 672.67 141.516 3
0 75 795.061 496.701 6
0 76 298.827 796.84 7
0 77 91.6001 378.018 2
0 78 917.898 105.225 6
0 79 370.272 274.581 3
0 80 789.206 738.168 4
0 81 800.35 158.589 6
0 82 748.357 537.031 4
0 83 486.979 88.5907 3
0 84 148.737 95.1072 5
0 85 231.984 10.131 5
0 86 972.905 220.419 6
0 87 40.56 259.589 5
0 88 192.47 292.712 5
0 89 24.0393 509.808 2
0 90 316.686 311.822 3
0 91 494.944 163.27 3
0 92 525.118 681.256 1
0 93 835.669 882.708 4
0 94 775.205 181.054 6
0 95 109.477 27.3525 5
0 96 653.011 671.869 1
0 97 628.285 197.058 3
0 98 1.94865 712.335 7
0 99 730.64 446.995 6
0 100 580.371 933.465 1
0 101 377.453 863.505 1
0 102 258.125 251.372 5
0 103 659.297 693.415 1
0 104 700.979 439.308 6
0 105 801.207 327.664 6
0 106 755.117 581.702 4
0 107 168.354 774.785 7
0 108 607.71 673.196 1
0 109 569.788 359.946 3
0 110 505.772 795.094 1
0 111 692.786 475.055 6
0 112 615.258 416.034 3
0 113 433.068 854.106 1
0 114 226.997 149.199 5
0 115 326.41 615.676 2
0 116 756.359 997.073 4
0 117 175.187 551.629 2
0 118 207.262 753.08 7
0 119 127.313 986.134 7
0 120 245.176 595.849 2
0 121 368.488 322.474 3
0 122 618.453 808.454 1
0 123 284.623 905.817 7
0 124 347.487 932.543 7
0 125 942.046 733.577 4
0 126 923.029 410.17 6
0 127 153.759 230.999 5
0 128 476.331 253.181 3
0 129 232.085 588.069 2
0 130 439.629 819.344 1
0 131 959.404 382.332 6
0 132 659.332 989.174 1
0 133 475.22 422.92 3
0 134 734.709 76.166 6
0 135 844.594 856.238 4
0 136 10.2508 829.527 7
0 137 359.094 688.825 1
0 138 901.1 207.153 6
0 139 607.208 778.844 1
0 140 682.389 84.7105 3
0 141 840.931 757.357 4
0 142 449.959 883.516 1
0 143 725.65 402.263 6
0 144 882.698 149.994 6
0 145 429.87 229.253 3
0 146 980.879 821.977 4
0 147 578.122 545.104 1
0 148 541.69 818.375 1
0 149 509.211 164.053 3
0 150 875.589 251.226 6
0 151 101.219 820.45 7
0 152 485.894 5.4797 3
0 153 134 228.874 5
0 154 167.243 943.593 7
0 155 156.372 445.891 2
0 156 267.979 69.0196 5
0 157 476.475 711.843 1
0 158 456.946 809.262 1
0 159 217.245 20.1127 5
0 160 165.471 811.813 7
0 161 381.612 457.549 2
0 162 310.765 220.815 5
0 163 2.19756 25.8493 5
0 164 135.318 579.262 2
0 165 257.714 332.927 2
0 166 678.108 546.502 4
0 167 176.011 611.721 2
0 168 560.389 331.015 3
0 169 416.783 521.535 2
0 170 852.354 420.312 6
0 171 850.689 321.301 6
0 172 745.771 57.0821 6
0 173 104.725 588.78 2
0 174 64.3447 87.0233 5
0 175 417.205 194.188 3
0 176 884.474 559.131 4
0 177 868.707 180.065 6
0 178 262.003 425.604 2
0 179 669.764 662.314 4
0 180 420.178 34.4287 3
0 181 424.972 239.973 3
0 182 615.069 4.82106 3
0 183 967.473 235.618 6
0 184 180.64 963.276 7
0 185 153.897 253.897 5
0 186 138.308 544.775 2
0 187 23.8826 240.295 5
0 188 701.018 43.4543 3
0 189 951.537 792.325 4
0 190 190.116 9.77048 5
0 191 347.579 997.518 7
0 192 331.085 8.82753 5
0 193 547.387 204.852 3
0 194 776.794 291.288 6
0 195 756.586 917.899 4
0 196 172.306 772.747 7
0 197 85.7052 33.6732 5
0 198 904.883 126.216 6
0 199 87.5416 389.28 2
0 200 21.9732 102.51 5
0 201 417.302 581.199 1
0 202 205.641 477.219 2
0 203 486.743 625.481 1
0 204 372.177 77.9249 3
0 205 117.937 480.467 2
0 206 295.533 923.189 7
0 207 879.339 967.331 4
0 208 889.914 107.701 6
0 209 636.977 852.552 1
0 210 382.491 96.1738 3
0 211 134.598 416.191 2
0 212 759.957 814.02 4
0 213 44.5069 940.863 7
0 214 244.594 473.987 2
0 215 642.573 589.53 1
0 216 228.193 537.552 2
0 217 645.769 36.6176 3
0 218 881.955 436.361 6
0 219 680.574 156.194 3
0 220 811.997 466.21 6
0 221 963.481 584.969 4
0 222 312.678 611.344 2
0 223 853.959 621.638 4
0 224 518.363 989.629 1
0 225 272.482 202.425 5
0 226 762.214 751.456 4
0 227 648.783 603.79 1
0 228 783.667 742.083 4
0 229 399.475 192.268 3
0 230 32.4988 938.751 7
0 231 814.209 436.493 6
0 232 291.053 292.049 5
0 233 607.013 13.6116 3
0 234 92.7453 433.967 2
0 235 769.072 182.917 6
0 236 175.856 408.861 2
0 237 344.656 388.185 2
0 238 227.183 343.604 2
0 239 491.148 328.614 3
0 240 25.5217 669.796 2
0 241 789.06 180.381 6
0 242 980.725 735.09 4
0 243 58.1823 207.452 5
0 244 195.262 304.483 5
0 245 543.707 996.057 1
0 246 557.17 378.511 3
0 247 256.513 606.643 2
0 248 805.435 372.793 6
0 249 462.037 417.062 3
0 250 818.209 629.891 4
0 251 415.46 823.742 1
0 252 203.288 280.22 5
0 253 325.896 907.59 7
0 254 512.472 906.526 1
0 255 826.909 802.719 4
0 256 374.105 494.356 2
0 257 599.164 619.972 1
0 258 327.353 384.372 2
0 259 360.033 175.038 3
0 260 809.911 758.316 4
0 261 260.672 213.383 5
0 262 934.248 685.015 4
0 263 176.023 365.196 2
0 264 606.972 355.066 3
0 265 667.645 810.279 1
0 266 852.864 824.65 4
0 267 746.32 56.0444 6
0 268 93.5555 531.101 2
0 269 818.774 606.902 4
0 270 746.616 491.772 6
0 271 231.083 960.553 7
0 272 683.546 930.491 1
0 273 431.006 685.786 1
0 274 709.83 561.077 4
0 275 452.184 663.382 1
0 276 384.806 812.568 1
0 277 886.343 4.94442 6
0 278 52.5835 271.001 5
0 279 152.733 951.553 7
0 280 808.889 763.527 4
0 281 775.352 780.347 4
0 282 178.085 519.553 2
0 283 988.743 256.46 6
0 284 114.258 377.412 2
0 285 236.126 494.214 2
0 286 314.339 438.079 2
0 287 273.595 173.028 5
0 288 49.9968 742.733 7
0 289 6.42906 353.95 2
0 290 540.007 528.659 1
0 291 786.058 432.582 6
0 292 995.164 77.7478 6
0 293 509.984 834.341 1
0 294 890.36 307.257 6
0 295 304.468 535.688 2
0 296 473.917 22.3053 3
0 297 868.559 484.797 6
0 298 91.7265 661.356 2
0 299 616.789 748.507 1
0 300 414.131 748.199 1
0 301 236.206 683.44 7
0 302 974.766 171.802 6
0 303 732.088 320.501 6
0 304 334.192 594.83 2
0 305 561.254 14.0532 3
0 306 33.0116 545.758 2
0 307 451.636 797.971 1
0 308 197.287 1.98716 5
0 309 236.339 400.124 2
0 310 747.866 360.265 6
0 311 430.779 816.476 1
0 312 21.823 256.845 5
0 313 344.638 230.393 3
0 314 754.786 929.344 4
0 315 257.178 178.95 5
0 316 233.293 789.181 7
0 317 109.638 555.178 2
0 318 818.496 388.539 6
0 319 438.962 136.901 3
0 320 344.937 837.515 7
0 321 920.634 460.336 6
0 322 950.473 33.9817 6
0 323 123.803 911.149 7
0 324 826.839 234.883 6
0 325 967.716 166.523 6
0 326 763.859 558.636 4
0 327 477.087 834.773 1
0 328 189.042 621.271 2
0 329 500.418 885.256 1
0 330 807.777 879.354 4
0 331 6.13562 122.624 5
0 332 680.526 979.535 1
0 333 752.455 173.084 6
0 334 740.572 359.87 6
0 335 494.045 199.61 3
0 336 225.447 556.169 2
0 337 782.186 687.569 4
0 338 559.929 171.432 3
0 339 463.399 711.7 1
0 340 99.6077 192.347 5
0 341 257.615 814.539 7
0 342 42.8894 926.489 7
0 343 172.907 173.232 5
0 344 483.206 814.332 1
0 345 537.144 893.849 1
0 346 2.99018 973.272 7
0 347 286.889 436.077 2
0 348 34.4571 282.052 5
0 349 382.173 228.74 3
0 350 407.053 857.824 1
0 351 957.659 25.5349 6
0 352 534.254 449.898 3
0 353 891.084 771.611 4
0 354 609.907 714.945 1
0 355 800.506 368.529 6
0 356 6.5945 196.999 5
0 357 122.621 436.923 2
0 358 517.93 649.464 1
0 359 235.387 41.3129 5
0 360 603.56 723.736 1
0 361 910.373 948.618 4
0 362 498.328 926.571 1
0 363 548.665 952.849 1
0 364 779.11 99.0186 6
0 365 582.097 75.6071 3
0 366 214.744 82.1886 5
0 367 560.439 622.937 1
0 368 693.672 555.594 4
0 369 90.496 16.7955 5
0 370 760.5 411.841 6
0 371 626.521 526.724 1
0 372 995.853 234.577 6
0 373 918.947 876.684 4
0 374 989.579 47.3211 6
0 375 377.688 314.408 3
0 376 961.419 413.034 6
0 377 825.413 709.361 4
0 378 827.455 580.479 4
0 379 35.7801 990.366 7
0 380 620.154 281.819 3
0 381 109.524 120.779 5
0 382 738.931 820.767 4
0 383 274.222 258.428 5
0 384 82.5408 643.565 2
0 385 592.712 764.167 1
0 386 724.782 471.166 6
0 387 778.131 902.453 4
0 388 885.712 666.382 4
0 389 26.8873 163.883 5
0 390 741.314 972.935 4
0 391 165.76 712.313 7
0 392 256.231 126.549 5
0 393 927.385 899.534 4
0 394 524.925 53.7248 3
0 395 72.1925 423.799 2
0 396 367.23 863.354 7
0 397 349.224 799.328 7
0 398 127.116 42.9147 5
0 399 587.637 139.566 3
0 400 22.8315 355.085 2
