1 0 435.841 587.522 4
1 2 861.563 954.019 6
1 5 88.9064 838.954 7
1 9 954.573 785.053 6
1 10 593.326 968.644 2
1 11 946.1 432.995 5
1 15 963.227 965.824 6
1 17 563.237 20.7366 3
1 23 15.771 614.642 4
1 24 20.0806 62.8968 1
1 28 49.6047 40.6059 1
1 30 979.153 716.97 6
1 31 489.418 957.946 2
1 35 168.54 974.806 7
1 40 156.444 178.995 1
1 42 963.235 442.629 5
1 45 931.464 198.146 5
1 48 33.5356 889.86 7
1 51 870.562 747.862 6
1 52 126.307 27.0835 1
1 53 25.7158 384.711 4
1 57 30.6059 881.315 7
1 58 486.626 987.924 2
1 67 327.208 868.8 7
1 69 792.919 136.517 5
1 70 156.993 187.479 1
1 71 186.101 903.489 7
1 77 917.898 105.225 5
1 80 800.35 158.589 5
1 83 148.737 95.1072 1
1 84 231.984 10.131 1
1 85 972.905 220.419 5
1 86 40.56 259.589 1
1 88 24.0393 509.808 4
1 92 835.669 882.708 6
1 94 109.477 27.3525 1
1 97 1.94865 712.335 4
1 115 756.359 997.073 2
1 118 127.313 986.134 7
1 122 284.623 905.817 7
1 123 347.487 932.543 7
1 124 942.046 733.577 6
1 130 959.404 382.332 5
1 131 659.332 989.174 2
1 134 844.594 856.238 6
1 135 10.2508 829.527 7
1 137 901.1 207.153 5
1 139 682.389 84.7105 3
1 140 840.931 757.357 6
1 143 882.698 149.994 5
1 145 980.879 821.977 6
1 149 875.589 251.226 5
1 150 101.219 820.45 7
1 153 167.243 943.593 7
1 155 267.979 69.0196 1
1 158 217.245 20.1127 1
1 162 2.19756 25.8493 1
1 171 745.771 57.0821 3
1 173 64.3447 87.0233 1
1 175 884.474 559.131 6
1 176 868.707 180.065 5
1 179 420.178 34.4287 3
1 181 615.069 4.82106 3
1 182 967.473 235.618 5
1 183 180.64 963.276 7
1 186 23.8826 240.295 1
1 187 701.018 43.4543 3
1 188 951.537 792.325 6
1 190 347.579 997.518 7
1 191 331.085 8.82753 1
1 194 756.586 917.899 2
1 196 85.7052 33.6732 1
1 205 295.533 923.189 7
1 206 879.339 967.331 6
1 207 889.914 107.701 5
1 212 44.5069 940.863 7
1 216 645.769 36.6176 3
1 220 963.481 584.969 6
1 223 518.363 989.629 2
1 229 32.4988 938.751 7
1 232 607.013 13.6116 3
1 239 25.5217 669.796 4
1 241 980.725 735.09 6
1 242 58.1823 207.452 1
1 244 543.707 996.057 2
1 254 826.909 802.719 6
1 261 934.248 685.015 6
1 265 852.864 824.65 6
1 266 746.32 56.0444 3
1 270 231.083 960.553 7
1 271 683.546 930.491 2
1 276 886.343 4.94442 5
1 277 52.5835 271.001 1
1 278 152.733 951.553 7
1 282 988.743 256.46 5
1 287 49.9968 742.733 7
1 288 6.42906 353.95 4
1 293 890.36 307.257 5
1 295 473.917 22.3053 3
1 301 974.766 171.802 5
1 304 561.254 14.0532 3
1 305 33.0116 545.758 4
1 307 197.287 1.98716 1
1 311 21.823 256.845 1
1 313 754.786 929.344 2
1 316 109.638 555.178 4
1 322 123.803 911.149 7
1 324 967.716 166.523 5
1 329 807.777 879.354 6
1 330 6.13562 122.624 1
1 331 680.526 979.535 2
1 339 99.6077 192.347 1
1 341 42.8894 926.489 7
1 342 172.907 173.232 1
1 345 2.99018 973.272 7
1 347 34.4571 282.052 1
1 350 957.659 25.5349 5
1 352 891.084 771.611 6
1 355 6.5945 196.999 1
1 360 910.373 948.618 6
1 362 548.665 952.849 2
1 365 214.744 82.1886 1
1 368 90.496 16.7955 1
1 371 995.853 234.577 5
1 372 918.947 876.684 6
1 373 989.579 47.3211 5
1 378 35.7801 990.366 7
1 380 109.524 120.779 1
1 386 778.131 902.453 2
1 388 26.8873 163.883 1
1 389 741.314 972.935 2
1 392 927.385 899.534 6
1 397 127.116 42.9147 1
1 399 22.8315 355.085 4
2 4 796.042 796.519 3
2 6 233.569 850.798 2
2 12 83.0742 601.487 4
2 13 861.254 754.12 3
2 16 125.872 536.987 4
2 18 55.259 619.092 4
2 22 404.171 942.218 6
2 26 913.249 428.902 7
2 27 828.34 584.111 3
2 32 817.106 281.12 7
2 34 278.353 945.623 2
2 41 140.141 704.084 2
2 46 279.893 896.021 2
2 47 331.283 923.481 2
2 59 547.886 870.165 6
2 60 764.19 227.841 1
2 61 489.34 885.471 6
2 62 908.764 483.318 7
2 63 195.225 821.483 2
2 64 171.854 111.942 5
2 66 132.524 507.626 4
2 68 267.929 788.352 2
2 72 745.996 818.744 3
2 73 672.67 141.516 1
2 75 298.827 796.84 2
2 76 91.6001 378.018 4
2 79 789.206 738.168 3
2 82 486.979 88.5907 1
2 87 192.47 292.712 5
2 90 494.944 163.27 1
2 93 775.205 181.054 1
2 96 628.285 197.058 1
2 99 580.371 933.465 6
2 100 377.453 863.505 6
2 101 258.125 251.372 5
2 104 801.207 327.664 7
2 106 168.354 774.785 2
2 112 433.068 854.106 6
2 113 226.997 149.199 5
2 117 207.262 753.08 2
2 121 618.453 808.454 6
2 125 923.029 410.17 7
2 126 153.759 230.999 5
2 141 449.959 883.516 6
2 152 134 228.874 5
2 159 165.471 811.813 2
2 161 310.765 220.815 5
2 163 135.318 579.262 4
2 166 176.011 611.721 4
2 169 852.354 420.312 7
2 170 850.689 321.301 7
2 172 104.725 588.78 4
2 177 262.003 425.604 4
2 184 153.897 253.897 5
2 185 138.308 544.775 4
2 189 190.116 9.77048 5
2 193 776.794 291.288 7
2 195 172.306 772.747 2
2 197 904.883 126.216 1
2 198 87.5416 389.28 4
2 199 21.9732 102.51 5
2 203 372.177 77.9249 5
2 204 117.937 480.467 4
2 208 636.977 852.552 6
2 209 382.491 96.1738 5
2 210 134.598 416.191 4
2 211 759.957 814.02 3
2 217 881.955 436.361 7
2 218 680.574 156.194 1
2 219 811.997 466.21 7
2 222 853.959 621.638 3
2 224 272.482 202.425 5
2 225 762.214 751.456 3
2 227 783.667 742.083 3
2 230 814.209 436.493 7
2 233 92.7453 433.967 4
2 234 769.072 182.917 1
2 240 789.06 180.381 1
2 243 195.262 304.483 5
2 247 805.435 372.793 7
2 249 818.209 629.891 3
2 251 203.288 280.22 5
2 252 325.896 907.59 2
2 253 512.472 906.526 6
2 258 360.033 175.038 5
2 259 809.911 758.316 3
2 260 260.672 213.383 5
2 262 176.023 365.196 4
2 264 667.645 810.279 3
2 267 93.5555 531.101 4
2 268 818.774 606.902 3
2 279 808.889 763.527 3
2 280 775.352 780.347 3
2 281 178.085 519.553 4
2 283 114.258 377.412 4
2 286 273.595 173.028 5
2 291 995.164 77.7478 1
2 292 509.984 834.341 6
2 296 868.559 484.797 7
2 297 91.7265 661.356 4
2 314 257.178 178.95 5
2 315 233.293 789.181 2
2 317 818.496 388.539 7
2 318 438.962 136.901 5
2 319 344.937 837.515 2
2 320 920.634 460.336 7
2 321 950.473 33.9817 1
2 323 826.839 234.883 1
2 328 500.418 885.256 6
2 332 752.455 173.084 1
2 336 782.186 687.569 3
2 337 559.929 171.432 1
2 340 257.615 814.539 2
2 344 537.144 893.849 6
2 349 407.053 857.824 6
2 354 800.506 368.529 7
2 356 122.621 436.923 4
2 358 235.387 41.3129 5
2 361 498.328 926.571 6
2 363 779.11 99.0186 1
2 364 582.097 75.6071 1
2 375 961.419 413.034 7
2 376 825.413 709.361 3
2 377 827.455 580.479 3
2 381 738.931 820.767 3
2 383 82.5408 643.565 4
2 387 885.712 666.382 3
2 390 165.76 712.313 2
2 391 256.231 126.549 5
2 393 524.925 53.7248 1
2 394 72.1925 423.799 4
2 395 367.23 863.354 2
2 396 349.224 799.328 2
2 398 587.637 139.566 1
3 1 602.539 801.704 7
3 3 444.217 553.301 3
3 7 476.864 203.976 5
3 8 406.271 601.839 3
3 14 247.619 698.637 3
3 19 691.414 576.653 6
3 20 237.167 707.298 3
3 21 583.448 609.201 7
3 25 196.656 613.862 3
3 29 271.361 736.904 3
3 33 332.771 466.52 2
3 36 806.139 537.748 6
3 37 445.404 306.86 1
3 38 306.696 552.626 3
3 39 555.492 359.315 1
3 43 460.829 255.503 5
3 44 385.534 487.846 2
3 49 511.528 60.4103 5
3 50 232.874 327.742 2
3 54 550.99 317.71 1
3 55 421.545 669.856 4
3 56 699.395 641.832 7
3 65 599.164 587.5 7
3 74 795.061 496.701 6
3 78 370.272 274.581 5
3 81 748.357 537.031 6
3 89 316.686 311.822 2
3 91 525.118 681.256 7
3 95 653.011 671.869 7
3 98 730.64 446.995 6
3 102 659.297 693.415 7
3 103 700.979 439.308 6
3 105 755.117 581.702 6
3 107 607.71 673.196 7
3 108 569.788 359.946 1
3 109 505.772 795.094 4
3 110 692.786 475.055 6
3 111 615.258 416.034 1
3 114 326.41 615.676 3
3 116 175.187 551.629 3
3 119 245.176 595.849 3
3 120 368.488 322.474 2
3 127 476.331 253.181 5
3 128 232.085 588.069 3
3 129 439.629 819.344 4
3 132 475.22 422.92 1
3 133 734.709 76.166 5
3 136 359.094 688.825 3
3 138 607.208 778.844 7
3 142 725.65 402.263 6
3 144 429.87 229.253 5
3 146 578.122 545.104 7
3 147 541.69 818.375 4
3 148 509.211 164.053 5
3 151 485.894 5.4797 5
3 154 156.372 445.891 2
3 156 476.475 711.843 4
3 157 456.946 809.262 4
3 160 381.612 457.549 2
3 164 257.714 332.927 2
3 165 678.108 546.502 6
3 167 560.389 331.015 1
3 168 416.783 521.535 3
3 174 417.205 194.188 5
3 178 669.764 662.314 7
3 180 424.972 239.973 5
3 192 547.387 204.852 5
3 200 417.302 581.199 3
3 201 205.641 477.219 2
3 202 486.743 625.481 7
3 213 244.594 473.987 2
3 214 642.573 589.53 7
3 215 228.193 537.552 3
3 221 312.678 611.344 3
3 226 648.783 603.79 7
3 228 399.475 192.268 5
3 231 291.053 292.049 2
3 235 175.856 408.861 2
3 236 344.656 388.185 2
3 237 227.183 343.604 2
3 238 491.148 328.614 1
3 245 557.17 378.511 1
3 246 256.513 606.643 3
3 248 462.037 417.062 1
3 250 415.46 823.742 4
3 255 374.105 494.356 2
3 256 599.164 619.972 7
3 257 327.353 384.372 2
3 263 606.972 355.066 1
3 269 746.616 491.772 6
3 272 431.006 685.786 4
3 273 709.83 561.077 6
3 274 452.184 663.382 4
3 275 384.806 812.568 4
3 284 236.126 494.214 2
3 285 314.339 438.079 2
3 289 540.007 528.659 7
3 290 786.058 432.582 6
3 294 304.468 535.688 3
3 298 616.789 748.507 7
3 299 414.131 748.199 4
3 300 236.206 683.44 3
3 302 732.088 320.501 6
3 303 334.192 594.83 3
3 306 451.636 797.971 4
3 308 236.339 400.124 2
3 309 747.866 360.265 6
3 310 430.779 816.476 4
3 312 344.638 230.393 5
3 325 763.859 558.636 6
3 326 477.087 834.773 4
3 327 189.042 621.271 3
3 333 740.572 359.87 6
3 334 494.045 199.61 5
3 335 225.447 556.169 3
3 338 463.399 711.7 4
3 343 483.206 814.332 4
3 346 286.889 436.077 2
3 348 382.173 228.74 5
3 351 534.254 449.898 1
3 353 609.907 714.945 7
3 357 517.93 649.464 7
3 359 603.56 723.736 7
3 366 560.439 622.937 7
3 367 693.672 555.594 6
3 369 760.5 411.841 6
3 370 626.521 526.724 6
3 374 377.688 314.408 2
3 379 620.154 281.819 1
3 382 274.222 258.428 2
3 384 592.712 764.167 7
3 385 724.782 471.166 6
