1 63 195.225 821.483 1
1 6 233.569 850.798 1
1 159 165.471 811.813 1
1 315 233.293 789.181 1
1 340 257.615 814.539 1
1 106 168.354 774.785 1
1 195 172.306 772.747 1
1 71 186.101 903.489 1
1 117 207.262 753.08 1
1 68 267.929 788.352 1
1 150 101.219 820.45 1
1 46 279.893 896.021 1
1 75 298.827 796.84 1
1 322 123.803 911.149 1
1 5 88.9064 838.954 1
1 122 284.623 905.817 1
1 153 167.243 943.593 1
1 29 271.361 736.904 1
1 390 165.76 712.313 1
1 278 152.733 951.553 1
1 270 231.083 960.553 1
1 107 607.71 673.196 5
1 353 609.907 714.945 5
1 359 603.56 723.736 5
1 91 525.118 681.256 5
1 357 517.93 649.464 5
1 366 560.439 622.937 5
1 298 616.789 748.507 5
1 384 592.712 764.167 5
1 256 599.164 619.972 5
1 95 653.011 671.869 5
1 21 583.448 609.201 5
1 102 659.297 693.415 5
1 138 607.208 778.844 5
1 156 476.475 711.843 5
1 178 669.764 662.314 5
1 65 599.164 587.5 5
1 202 486.743 625.481 5
1 338 463.399 711.7 5
1 1 602.539 801.704 5
1 226 648.783 603.79 5
1 109 505.772 795.094 5
1 274 452.184 663.382 5
1 214 642.573 589.53 5
1 121 618.453 808.454 5
1 147 541.69 818.375 5
1 56 699.395 641.832 5
1 272 431.006 685.786 5
1 380 109.524 120.779 3
1 40 156.444 178.995 3
1 70 156.993 187.479 3
1 339 99.6077 192.347 3
1 342 172.907 173.232 3
1 64 171.854 111.942 3
1 83 148.737 95.1072 3
1 152 134 228.874 3
1 126 153.759 230.999 3
1 242 58.1823 207.452 3
1 173 64.3447 87.0233 3
1 113 226.997 149.199 3
1 388 26.8873 163.883 3
1 184 153.897 253.897 3
1 397 127.116 42.9147 3
1 365 214.744 82.1886 3
1 148 509.211 164.053 2
1 90 494.944 163.27 2
1 334 494.045 199.61 2
1 192 547.387 204.852 2
1 7 476.864 203.976 2
1 337 559.929 171.432 2
1 398 587.637 139.566 2
1 318 438.962 136.901 2
1 127 476.331 253.181 2
1 82 486.979 88.5907 2
1 43 460.829 255.503 2
1 174 417.205 194.188 2
1 144 429.87 229.253 2
1 180 424.972 239.973 2
1 228 399.475 192.268 2
1 49 511.528 60.4103 2
1 96 628.285 197.058 2
1 364 582.097 75.6071 2
1 393 524.925 53.7248 2
1 348 382.173 228.74 2
1 201 205.641 477.219 6
1 284 236.126 494.214 6
1 213 244.594 473.987 6
1 281 178.085 519.553 6
1 215 228.193 537.552 6
1 154 156.372 445.891 6
1 177 262.003 425.604 6
1 335 225.447 556.169 6
1 116 175.187 551.629 6
1 235 175.856 408.861 6
1 66 132.524 507.626 6
1 308 236.339 400.124 6
1 346 286.889 436.077 6
1 204 117.937 480.467 6
1 185 138.308 544.775 6
1 356 122.621 436.923 6
1 210 134.598 416.191 6
1 16 125.872 536.987 6
1 265 852.864 824.65 4
1 254 826.909 802.719 4
1 134 844.594 856.238 4
1 4 796.042 796.519 4
1 92 835.669 882.708 4
1 329 807.777 879.354 4
1 279 808.889 763.527 4
1 140 840.931 757.357 4
1 211 759.957 814.02 4
1 259 809.911 758.316 4
1 280 775.352 780.347 4
1 13 861.254 754.12 4
1 352 891.084 771.611 4
1 72 745.996 818.744 4
1 51 870.562 747.862 4
1 170 850.689 321.301 7
1 293 890.36 307.257 7
1 32 817.106 281.12 7
1 149 875.589 251.226 7
1 104 801.207 327.664 7
1 323 826.839 234.883 7
1 193 776.794 291.288 7
1 354 800.506 368.529 7
1 247 805.435 372.793 7
1 137 901.1 207.153 7
1 317 818.496 388.539 7
1 176 868.707 180.065 7
1 45 931.464 198.146 7
1 309 747.866 360.265 7
1 169 852.354 420.312 7
1 302 732.088 320.501 7
1 182 967.473 235.618 7
1 333 740.572 359.87 7
1 240 789.06 180.381 7
1 125 923.029 410.17 7
1 130 959.404 382.332 7
2 205 295.533 923.189 1
2 20 237.167 707.298 4
2 183 180.64 963.276 1
2 67 327.208 868.8 1
2 34 278.353 945.623 1
2 41 140.141 704.084 4
2 14 247.619 698.637 4
2 319 344.937 837.515 1
2 35 168.54 974.806 1
2 252 325.896 907.59 1
2 396 349.224 799.328 1
2 300 236.206 683.44 4
2 47 331.283 923.481 1
2 118 127.313 986.134 1
2 395 367.23 863.354 1
2 287 49.9968 742.733 4
2 48 33.5356 889.86 1
2 57 30.6059 881.315 1
2 123 347.487 932.543 1
2 100 377.453 863.505 1
2 146 578.122 545.104 2
2 343 483.206 814.332 1
2 55 421.545 669.856 4
2 292 509.984 834.341 1
2 306 451.636 797.971 1
2 157 456.946 809.262 1
2 19 691.414 576.653 2
2 289 540.007 528.659 2
2 299 414.131 748.199 1
2 326 477.087 834.773 1
2 0 435.841 587.522 4
2 208 636.977 852.552 6
2 370 626.521 526.724 2
2 59 547.886 870.165 1
2 165 678.108 546.502 2
2 367 693.672 555.594 2
2 129 439.629 819.344 1
2 310 430.779 816.476 1
2 3 444.217 553.301 4
2 8 406.271 601.839 4
2 273 709.83 561.077 2
2 200 417.302 581.199 4
2 344 537.144 893.849 1
2 250 415.46 823.742 1
2 328 500.418 885.256 1
2 61 489.34 885.471 1
2 199 21.9732 102.51 5
2 330 6.13562 122.624 5
2 52 126.307 27.0835 5
2 196 85.7052 33.6732 5
2 94 109.477 27.3525 5
2 355 6.5945 196.999 5
2 391 256.231 126.549 5
2 314 257.178 178.95 5
2 186 23.8826 240.295 5
2 28 49.6047 40.6059 5
2 86 40.56 259.589 5
2 277 52.5835 271.001 5
2 24 20.0806 62.8968 5
2 368 90.496 16.7955 5
2 260 260.672 213.383 5
2 311 21.823 256.845 5
2 54 550.99 317.71 3
2 37 445.404 306.86 3
2 379 620.154 281.819 3
2 258 360.033 175.038 3
2 238 491.148 328.614 3
2 209 382.491 96.1738 3
2 295 473.917 22.3053 3
2 167 560.389 331.015 3
2 73 672.67 141.516 3
2 17 563.237 20.7366 3
2 218 680.574 156.194 3
2 304 561.254 14.0532 3
2 179 420.178 34.4287 3
2 203 372.177 77.9249 3
2 78 370.272 274.581 3
2 151 485.894 5.4797 3
2 312 344.638 230.393 3
2 39 555.492 359.315 3
2 232 607.013 13.6116 3
2 294 304.468 535.688 4
2 128 232.085 588.069 4
2 285 314.339 438.079 4
2 38 306.696 552.626 4
2 119 245.176 595.849 4
2 33 332.771 466.52 4
2 262 176.023 365.196 5
2 163 135.318 579.262 4
2 316 109.638 555.178 4
2 267 93.5555 531.101 4
2 233 92.7453 433.967 4
2 246 256.513 606.643 4
2 25 196.656 613.862 4
2 166 176.011 611.721 4
2 237 227.183 343.604 5
2 327 189.042 621.271 4
2 283 114.258 377.412 5
2 386 778.131 902.453 6
2 381 738.931 820.767 6
2 227 783.667 742.083 6
2 79 789.206 738.168 6
2 372 918.947 876.684 6
2 225 762.214 751.456 6
2 194 756.586 917.899 6
2 376 825.413 709.361 6
2 392 927.385 899.534 6
2 188 951.537 792.325 6
2 313 754.786 929.344 6
2 2 861.563 954.019 6
2 9 954.573 785.053 6
2 360 910.373 948.618 6
2 124 942.046 733.577 6
2 282 988.743 256.46 7
2 85 972.905 220.419 7
2 217 881.955 436.361 2
2 26 913.249 428.902 2
2 230 814.209 436.493 2
2 80 800.35 158.589 7
2 143 882.698 149.994 7
2 369 760.5 411.841 2
2 290 786.058 432.582 2
2 371 995.853 234.577 7
2 375 961.419 413.034 2
2 11 946.1 432.995 2
2 142 725.65 402.263 2
2 69 792.919 136.517 7
2 324 967.716 166.523 7
2 301 974.766 171.802 7
2 219 811.997 466.21 2
2 197 904.883 126.216 7
2 320 920.634 460.336 2
2 42 963.235 442.629 2
3 341 42.8894 926.489 6
3 212 44.5069 940.863 6
3 135 10.2508 829.527 6
3 229 32.4988 938.751 6
3 297 91.7265 661.356 7
3 136 359.094 688.825 5
3 190 347.579 997.518 2
3 383 82.5408 643.565 7
3 378 35.7801 990.366 6
3 22 404.171 942.218 2
3 97 1.94865 712.335 7
3 239 25.5217 669.796 7
3 345 2.99018 973.272 6
3 18 55.259 619.092 7
3 23 15.771 614.642 7
3 58 486.626 987.924 2
3 305 33.0116 545.758 7
3 223 518.363 989.629 2
3 88 24.0393 509.808 7
3 244 543.707 996.057 2
3 105 755.117 581.702 1
3 112 433.068 854.106 2
3 253 512.472 906.526 2
3 275 384.806 812.568 2
3 141 449.959 883.516 2
3 168 416.783 521.535 5
3 325 763.859 558.636 1
3 349 407.053 857.824 2
3 81 748.357 537.031 1
3 99 580.371 933.465 2
3 351 534.254 449.898 5
3 361 498.328 926.571 2
3 249 818.209 629.891 1
3 268 818.774 606.902 1
3 362 548.665 952.849 2
3 10 593.326 968.644 2
3 27 828.34 584.111 1
3 377 827.455 580.479 1
3 31 489.418 957.946 2
3 111 615.258 416.034 5
3 132 475.22 422.92 5
3 222 853.959 621.638 1
3 248 462.037 417.062 5
3 245 557.17 378.511 5
3 175 884.474 559.131 1
3 220 963.481 584.969 1
3 286 273.595 173.028 3
3 224 272.482 202.425 3
3 87 192.47 292.712 3
3 358 235.387 41.3129 3
3 189 190.116 9.77048 3
3 347 34.4571 282.052 3
3 158 217.245 20.1127 3
3 155 267.979 69.0196 3
3 243 195.262 304.483 3
3 307 197.287 1.98716 3
3 84 231.984 10.131 3
3 162 2.19756 25.8493 3
3 399 22.8315 355.085 7
3 288 6.42906 353.95 7
3 53 25.7158 384.711 7
3 108 569.788 359.946 5
3 374 377.688 314.408 5
3 139 682.389 84.7105 4
3 216 645.769 36.6176 4
3 181 615.069 4.82106 4
3 263 606.972 355.066 5
3 120 368.488 322.474 5
3 161 310.765 220.815 3
3 187 701.018 43.4543 4
3 89 316.686 311.822 3
3 332 752.455 173.084 4
3 133 734.709 76.166 4
3 191 331.085 8.82753 3
3 231 291.053 292.049 3
3 382 274.222 258.428 3
3 234 769.072 182.917 4
3 60 764.19 227.841 4
3 93 775.205 181.054 4
3 257 327.353 384.372 5
3 172 104.725 588.78 7
3 394 72.1925 423.799 7
3 50 232.874 327.742 3
3 164 257.714 332.927 3
3 198 87.5416 389.28 7
3 76 91.6001 378.018 7
3 255 374.105 494.356 5
3 236 344.656 388.185 5
3 221 312.678 611.344 5
3 303 334.192 594.83 5
3 160 381.612 457.549 5
3 44 385.534 487.846 5
3 114 326.41 615.676 5
3 12 83.0742 601.487 7
3 251 203.288 280.22 3
3 101 258.125 251.372 3
3 206 879.339 967.331 2
3 336 782.186 687.569 1
3 145 980.879 821.977 1
3 264 667.645 810.279 2
3 389 741.314 972.935 2
3 387 885.712 666.382 1
3 241 980.725 735.09 1
3 261 934.248 685.015 1
3 271 683.546 930.491 2
3 115 756.359 997.073 2
3 30 979.153 716.97 1
3 15 963.227 965.824 2
3 331 680.526 979.535 2
3 131 659.332 989.174 2
3 296 868.559 484.797 1
3 207 889.914 107.701 4
3 62 908.764 483.318 1
3 98 730.64 446.995 1
3 77 917.898 105.225 4
3 74 795.061 496.701 1
3 363 779.11 99.0186 4
3 103 700.979 439.308 1
3 385 724.782 471.166 1
3 269 746.616 491.772 1
3 110 692.786 475.055 1
3 36 806.139 537.748 1
3 291 995.164 77.7478 4
3 171 745.771 57.0821 4
3 266 746.32 56.0444 4
3 321 950.473 33.9817 4
3 373 989.579 47.3211 4
3 350 957.659 25.5349 4
3 276 886.343 4.94442 4
