1 2 2355 1640 4
1 7 3275 1600 8
1 8 3375 1600 8
1 16 4375 1675 8
1 17 4500 1675 8
1 22 4710 1565 6
1 23 4860 1565 6
1 31 6675 1575 3
1 32 6675 1725 3
1 33 6525 1725 3
1 35 7075 1575 3
1 40 7560 1575 3
1 41 7409 1576 3
1 42 7560 1576 3
1 49 8175 1575 5
1 55 8825 1825 5
1 60 7575 2075 3
1 61 7075 1975 3
1 63 6775 2075 3
1 67 6425 2075 3
1 70 5675 1825 6
1 71 5275 1825 6
1 72 5425 1825 6
1 73 5525 1825 6
1 75 4975 2025 6
1 78 4775 1875 6
1 81 4775 1975 6
1 82 4425 2050 8
1 85 4125 2050 8
1 86 4275 2050 8
1 90 3975 2075 8
1 91 2925 1875 4
1 93 4175 2150 8
1 97 4425 2150 8
1 98 4525 2150 8
1 100 4600 2325 8
1 105 7275 2275 3
1 108 7525 2375 3
1 109 7475 2175 3
1 116 8825 2425 5
1 121 8475 2600 5
1 122 7975 2475 5
1 124 8225 2600 5
1 126 7975 2625 5
1 128 5350 2400 6
1 130 5450 2675 6
1 133 5175 2675 6
1 134 5075 2575 6
1 141 3725 2450 8
1 144 2575 2525 4
1 146 2275 2525 4
1 147 2375 2525 4
1 151 2352 2786 4
1 152 2451 2785 4
1 157 3725 2900 1
1 170 7925 2875 5
1 174 8125 2775 5
1 175 8075 2875 5
1 178 7975 2975 5
1 186 8075 3075 2
1 192 7425 3275 2
1 196 6125 3025 7
1 197 6025 3175 7
1 198 5375 3250 9
1 199 5275 3250 9
1 210 4275 3025 1
1 211 3975 3275 1
1 212 3875 3275 1
1 213 2925 3198 4
1 215 3925 3475 1
1 217 3975 3375 1
1 218 4325 3575 1
1 225 4675 3400 9
1 230 5025 3450 9
1 232 5275 3525 9
1 235 6450 3375 7
1 236 6675 3325 7
1 241 7150 3325 7
1 243 7625 3525 2
1 250 7725 3375 2
1 253 8475 3525 2
1 256 8775 3700 2
1 259 8425 3625 2
1 260 8325 3625 2
1 264 8075 3775 2
1 265 8075 3675 2
1 266 7925 3775 2
1 267 7875 3675 2
1 268 7075 3675 7
1 269 7150 3750 7
1 271 6575 3750 7
1 272 6375 3750 7
1 276 5375 3675 9
1 279 4675 3675 9
1 280 4925 3800 9
1 282 4775 3675 9
1 284 4425 3675 1
1 286 3825 3650 1
1 287 3625 3750 1
1 288 3475 3750 1
2 0 2156 1639 4
2 1 2456 1639 4
2 3 2256 1640 4
2 5 2556 1639 4
2 6 2975 1725 4
2 9 3475 1600 8
2 11 3700 1600 8
2 13 3875 1775 8
2 15 4275 1725 8
2 18 4450 1750 8
2 19 4550 1750 8
2 27 5460 1565 7
2 28 5610 1565 7
2 29 6375 1575 7
2 36 7260 1575 6
2 37 7259 1576 6
2 38 7625 1775 6
2 39 7410 1575 6
2 45 7711 1575 6
2 51 8375 1575 6
2 52 8475 1575 6
2 58 7475 1975 6
2 59 7625 1925 6
2 66 6200 1975 7
2 68 6000 1975 7
2 80 4675 1950 8
2 89 3975 1975 8
2 94 4325 2150 8
2 95 4275 2225 8
2 96 4275 2325 8
2 101 4775 2125 8
2 103 5450 2375 7
2 110 7775 2350 6
2 112 7875 2350 6
2 115 8703 2197 2
2 118 8725 2525 2
2 120 8375 2600 2
2 123 8225 2500 2
2 129 5450 2525 7
2 131 5250 2400 7
2 136 5025 2675 3
2 140 3925 2450 8
2 148 2175 2525 4
2 150 2249 2786 4
2 155 2925 2925 5
2 158 3925 2900 8
2 161 4975 2825 3
2 164 5450 2825 7
2 166 6125 2875 1
2 167 6025 2875 1
2 169 7425 2875 9
2 171 7875 2775 9
2 177 8125 2975 9
2 179 8775 2825 2
2 180 8775 2925 2
2 183 8775 3275 2
2 187 7975 3275 9
2 189 7825 3125 9
2 191 7600 3175 9
2 193 7425 3125 9
2 201 5175 3150 3
2 202 5075 3275 3
2 203 4525 3200 3
2 207 4325 3200 3
2 208 4175 3200 3
2 209 4275 3125 3
2 222 4500 3300 3
2 224 4725 3525 3
2 229 5175 3475 3
2 234 5908 3574 1
2 237 6575 3525 1
2 244 7575 3425 9
2 246 7425 3425 9
2 247 7825 3525 9
2 249 7825 3375 9
2 251 8225 3425 9
2 252 8225 3325 9
2 254 8325 3525 9
2 258 8575 3700 9
2 263 8225 3775 9
2 270 6975 3725 1
2 273 5975 3750 1
2 274 5325 3775 3
2 275 5275 3675 3
2 277 5075 3800 3
2 278 5204 3772 3
2 281 4925 3675 3
2 283 4575 3675 3
2 285 4325 3725 3
2 289 3225 3750 5
2 290 3325 3750 5
2 291 3125 3725 5
2 292 2925 3725 5
2 293 2575 3675 5
2 294 2675 3675 5
2 295 2275 3675 5
2 296 2375 3675 5
2 297 2175 3675 5
2 298 4775 3225 3
3 4 2656 1640 7
3 10 3575 1600 5
3 12 3900 1625 5
3 14 4275 1625 5
3 20 4560 1565 9
3 21 4775 1725 9
3 24 5010 1565 9
3 25 5160 1565 9
3 26 5310 1565 9
3 30 6525 1575 3
3 34 6875 1575 3
3 43 7825 1675 6
3 44 7710 1575 6
3 46 7875 1575 6
3 47 7975 1575 6
3 48 8075 1575 6
3 50 8275 1575 6
3 53 8825 1625 6
3 54 8820 1928 6
3 56 7725 1825 6
3 57 7725 1975 6
3 62 6825 1925 3
3 64 6975 2075 3
3 65 6675 1925 3
3 69 6025 2075 3
3 74 5025 1825 9
3 76 5075 1925 9
3 77 5075 2075 9
3 79 4925 1925 9
3 83 4525 2050 9
3 84 4175 1950 5
3 87 3875 1900 5
3 88 3875 2075 5
3 92 2925 2150 7
3 99 4600 2225 9
3 102 5175 2325 9
3 104 6775 2225 3
3 106 7075 2175 3
3 107 7425 2325 3
3 111 7825 2175 6
3 113 8825 2225 6
3 114 8725 2375 2
3 117 8575 2450 2
3 119 8625 2600 2
3 125 8125 2575 2
3 127 7750 2650 4
3 132 5175 2475 8
3 135 4975 2525 8
3 137 4875 2675 8
3 138 4175 2425 5
3 139 4175 2625 1
3 142 3325 2450 7
3 143 2925 2425 7
3 145 2675 2525 7
3 149 2148 2786 7
3 153 2552 2785 7
3 154 2651 2787 7
3 156 3325 2900 7
3 159 4175 2925 1
3 160 4175 2725 1
3 162 5075 2775 8
3 163 5175 2875 8
3 165 5450 2925 8
3 168 7575 2875 4
3 172 7825 2925 4
3 173 7750 2800 4
3 176 8025 2775 2
3 181 8775 3025 2
3 182 8775 3125 2
3 184 8625 3225 2
3 185 8525 3225 2
3 188 7975 3075 2
3 190 7575 3075 4
3 194 7425 3025 4
3 195 7325 3225 4
3 200 5450 3025 8
3 204 4575 3125 1
3 205 4575 3025 1
3 206 4425 3200 1
3 214 2925 3475 7
3 216 3825 3475 1
3 219 4275 3300 1
3 220 4175 3400 1
3 221 4125 3300 1
3 223 4400 3300 1
3 226 4775 3375 1
3 227 5175 3300 8
3 228 4975 3325 8
3 231 5375 3525 8
3 233 6050 3375 8
3 238 6975 3525 4
3 239 6875 3325 4
3 240 6775 3425 4
3 242 7150 3475 4
3 245 7475 3525 4
3 248 7725 3525 4
3 255 8575 3325 2
3 257 8675 3800 2
3 261 8375 3775 2
3 262 8175 3625 2
