1 144 2575 2525 8
1 145 2675 2525 8
1 147 2375 2525 8
1 92 2925 2150 8
1 143 2925 2425 8
1 146 2275 2525 8
1 148 2175 2525 8
1 91 2925 1875 8
1 187 7975 3275 7
1 252 8225 3325 7
1 249 7825 3375 7
1 188 7975 3075 7
1 186 8075 3075 7
1 251 8225 3425 7
1 189 7825 3125 7
1 247 7825 3525 7
1 250 7725 3375 7
1 178 7975 2975 7
1 177 8125 2975 7
1 262 8175 3625 7
1 248 7725 3525 7
1 254 8325 3525 7
1 265 8075 3675 7
1 267 7875 3675 7
1 172 7825 2925 7
1 175 8075 2875 7
1 61 7075 1975 6
1 37 7259 1576 6
1 36 7260 1575 6
1 58 7475 1975 6
1 35 7075 1575 6
1 41 7409 1576 6
1 39 7410 1575 6
1 64 6975 2075 6
1 106 7075 2175 6
1 38 7625 1775 6
1 59 7625 1925 6
1 42 7560 1576 6
1 40 7560 1575 6
1 84 4175 1950 9
1 85 4125 2050 9
1 86 4275 2050 9
1 93 4175 2150 9
1 89 3975 1975 9
1 94 4325 2150 9
1 90 3975 2075 9
1 82 4425 2050 9
1 95 4275 2225 9
1 15 4275 1725 9
1 97 4425 2150 9
1 88 3875 2075 9
1 87 3875 1900 9
1 226 4775 3375 1
1 298 4775 3225 1
1 225 4675 3400 1
1 228 4975 3325 1
1 224 4725 3525 1
1 230 5025 3450 1
1 202 5075 3275 1
1 222 4500 3300 1
1 203 4525 3200 1
1 204 4575 3125 1
1 282 4775 3675 1
1 281 4925 3675 1
1 279 4675 3675 1
1 227 5175 3300 1
1 205 4575 3025 1
1 229 5175 3475 1
1 237 6575 3525 3
1 235 6450 3375 3
1 236 6675 3325 3
1 240 6775 3425 3
1 271 6575 3750 3
1 239 6875 3325 3
1 272 6375 3750 3
1 117 8575 2450 2
1 123 8225 2500 2
1 115 8703 2197 2
1 120 8375 2600 2
1 114 8725 2375 2
1 121 8475 2600 2
1 124 8225 2600 2
1 119 8625 2600 2
1 118 8725 2525 2
1 125 8125 2575 2
1 77 5075 2075 4
1 76 5075 1925 4
1 71 5275 1825 4
1 102 5175 2325 4
1 75 4975 2025 4
1 72 5425 1825 4
1 131 5250 2400 4
1 128 5350 2400 4
1 74 5025 1825 4
1 103 5450 2375 4
1 79 4925 1925 4
1 73 5525 1825 4
1 289 3225 3750 5
1 291 3125 3725 5
1 290 3325 3750 5
1 214 2925 3475 5
1 288 3475 3750 5
1 292 2925 3725 5
1 213 2925 3198 5
1 287 3625 3750 5
2 153 2552 2785 8
2 154 2651 2787 8
2 152 2451 2785 8
2 151 2352 2786 8
2 5 2556 1639 6
2 4 2656 1640 6
2 1 2456 1639 6
2 2 2355 1640 6
2 170 7925 2875 1
2 191 7600 3175 9
2 260 8325 3625 7
2 243 7625 3525 9
2 244 7575 3425 9
2 264 8075 3775 7
2 266 7925 3775 7
2 190 7575 3075 9
2 253 8475 3525 7
2 185 8525 3225 7
2 176 8025 2775 1
2 263 8225 3775 7
2 259 8425 3625 7
2 171 7875 2775 1
2 255 8575 3325 7
2 173 7750 2800 1
2 245 7475 3525 9
2 62 6825 1925 2
2 60 7575 2075 2
2 109 7475 2175 2
2 34 6875 1575 2
2 105 7275 2275 2
2 56 7725 1825 2
2 57 7725 1975 2
2 63 6775 2075 2
2 107 7425 2325 2
2 44 7710 1575 2
2 45 7711 1575 2
2 65 6675 1925 2
2 83 4525 2050 4
2 96 4275 2325 4
2 18 4450 1750 4
2 16 4375 1675 4
2 98 4525 2150 4
2 14 4275 1625 4
2 13 3875 1775 4
2 138 4175 2425 4
2 19 4550 1750 4
2 17 4500 1675 4
2 12 3900 1625 4
2 99 4600 2225 4
2 206 4425 3200 3
2 283 4575 3675 3
2 223 4400 3300 3
2 201 5175 3150 5
2 280 4925 3800 3
2 199 5275 3250 5
2 207 4325 3200 3
2 232 5275 3525 5
2 284 4425 3675 3
2 219 4275 3300 3
2 277 5075 3800 5
2 218 4325 3575 3
2 161 4975 2825 5
2 209 4275 3125 3
2 198 5375 3250 5
2 275 5275 3675 5
2 238 6975 3525 9
2 233 6050 3375 5
2 270 6975 3725 9
2 268 7075 3675 9
2 197 6025 3175 5
2 196 6125 3025 5
2 242 7150 3475 9
2 113 8825 2225 1
2 116 8825 2425 1
2 122 7975 2475 1
2 54 8820 1928 1
2 112 7875 2350 1
2 126 7975 2625 1
2 174 8125 2775 1
2 111 7825 2175 1
2 55 8825 1825 1
2 132 5175 2475 5
2 101 4775 2125 4
2 129 5450 2525 5
2 70 5675 1825 4
2 81 4775 1975 4
2 26 5310 1565 4
2 25 5160 1565 4
2 78 4775 1875 4
2 135 4975 2525 5
2 134 5075 2575 5
2 27 5460 1565 4
2 156 3325 2900 8
2 216 3825 3475 3
2 286 3825 3650 3
2 294 2675 3675 8
2 155 2925 2925 8
2 212 3875 3275 3
2 215 3925 3475 3
2 293 2575 3675 8
3 150 2249 2786 9
3 6 2975 1725 4
3 3 2256 1640 4
3 149 2148 2786 9
3 0 2156 1639 4
3 142 3325 2450 4
3 7 3275 1600 4
3 192 7425 3275 8
3 261 8375 3775 5
3 246 7425 3425 8
3 184 8625 3225 5
3 168 7575 2875 8
3 193 7425 3125 8
3 194 7425 3025 8
3 258 8575 3700 5
3 195 7325 3225 8
3 127 7750 2650 8
3 169 7425 2875 8
3 183 8775 3275 5
3 182 8775 3125 5
3 181 8775 3025 5
3 257 8675 3800 5
3 256 8775 3700 5
3 32 6675 1725 3
3 104 6775 2225 3
3 31 6675 1575 3
3 43 7825 1675 1
3 108 7525 2375 8
3 46 7875 1575 1
3 33 6525 1725 3
3 30 6525 1575 3
3 47 7975 1575 1
3 67 6425 2075 3
3 29 6375 1575 3
3 80 4675 1950 7
3 140 3925 2450 2
3 100 4600 2325 7
3 20 4560 1565 7
3 11 3700 1600 4
3 139 4175 2625 2
3 141 3725 2450 2
3 22 4710 1565 7
3 10 3575 1600 4
3 160 4175 2725 2
3 9 3475 1600 4
3 8 3375 1600 4
3 278 5204 3772 6
3 163 5175 2875 6
3 231 5375 3525 6
3 285 4325 3725 2
3 210 4275 3025 2
3 162 5075 2775 6
3 220 4175 3400 2
3 208 4175 3200 2
3 276 5375 3675 6
3 137 4875 2675 6
3 274 5325 3775 6
3 221 4125 3300 2
3 200 5450 3025 6
3 159 4175 2925 2
3 165 5450 2925 6
3 241 7150 3325 8
3 234 5908 3574 6
3 273 5975 3750 6
3 269 7150 3750 8
3 166 6125 2875 6
3 167 6025 2875 6
3 110 7775 2350 8
3 179 8775 2825 5
3 51 8375 1575 1
3 52 8475 1575 1
3 50 8275 1575 1
3 49 8175 1575 1
3 180 8775 2925 5
3 53 8825 1625 1
3 48 8075 1575 1
3 24 5010 1565 7
3 21 4775 1725 7
3 133 5175 2675 6
3 28 5610 1565 3
3 130 5450 2675 6
3 136 5025 2675 6
3 23 4860 1565 7
3 68 6000 1975 3
3 69 6025 2075 3
3 164 5450 2825 6
3 66 6200 1975 3
3 217 3975 3375 2
3 157 3725 2900 2
3 211 3975 3275 2
3 158 3925 2900 2
3 296 2375 3675 9
3 295 2275 3675 9
3 297 2175 3675 9
