0 1 2156 1639 8
0 2 2456 1639 8
0 3 2355 1640 8
0 4 2256 1640 8
0 5 2656 1640 8
0 6 2556 1639 8
0 7 2975 1725 8
0 8 3275 1600 8
0 9 3375 1600 8
0 10 3475 1600 8
0 11 3575 1600 8
0 12 3700 1600 8
0 13 3900 1625 8
0 14 3875 1775 8
0 15 4275 1625 4
0 16 4275 1725 4
0 17 4375 1675 4
0 18 4500 1675 4
0 19 4450 1750 4
0 20 4550 1750 4
0 21 4560 1565 4
0 22 4775 1725 4
0 23 4710 1565 4
0 24 4860 1565 4
0 25 5010 1565 4
0 26 5160 1565 4
0 27 5310 1565 4
0 28 5460 1565 4
0 29 5610 1565 4
0 30 6375 1575 9
0 31 6525 1575 9
0 32 6675 1575 9
0 33 6675 1725 9
0 34 6525 1725 9
0 35 6875 1575 9
0 36 7075 1575 9
0 37 7260 1575 9
0 38 7259 1576 9
0 39 7625 1775 9
0 40 7410 1575 9
0 41 7560 1575 9
0 42 7409 1576 9
0 43 7560 1576 9
0 44 7825 1675 5
0 45 7710 1575 5
0 46 7711 1575 5
0 47 7875 1575 5
0 48 7975 1575 5
0 49 8075 1575 5
0 50 8175 1575 5
0 51 8275 1575 5
0 52 8375 1575 5
0 53 8475 1575 5
0 54 8825 1625 5
0 55 8820 1928 5
0 56 8825 1825 5
0 57 7725 1825 5
0 58 7725 1975 5
0 59 7475 1975 9
0 60 7625 1925 9
0 61 7575 2075 9
0 62 7075 1975 9
0 63 6825 1925 9
0 64 6775 2075 9
0 65 6975 2075 9
0 66 6675 1925 9
0 67 6200 1975 9
0 68 6425 2075 9
0 69 6000 1975 9
0 70 6025 2075 9
0 71 5675 1825 4
0 72 5275 1825 4
0 73 5425 1825 4
0 74 5525 1825 4
0 75 5025 1825 4
0 76 4975 2025 4
0 77 5075 1925 4
0 78 5075 2075 4
0 79 4775 1875 4
0 80 4925 1925 4
0 81 4675 1950 4
0 82 4775 1975 4
0 83 4425 2050 4
0 84 4525 2050 4
0 85 4175 1950 4
0 86 4125 2050 4
0 87 4275 2050 4
0 88 3875 1900 4
0 89 3875 2075 4
0 90 3975 1975 4
0 91 3975 2075 4
0 92 2925 1875 8
0 93 2925 2150 8
0 94 4175 2150 4
0 95 4325 2150 4
0 96 4275 2225 4
0 97 4275 2325 4
0 98 4425 2150 4
0 99 4525 2150 4
0 100 4600 2225 4
0 101 4600 2325 4
0 102 4775 2125 4
0 103 5175 2325 1
0 104 5450 2375 1
0 105 6775 2225 9
0 106 7275 2275 5
0 107 7075 2175 9
0 108 7425 2325 5
0 109 7525 2375 5
0 110 7475 2175 9
0 111 7775 2350 5
0 112 7825 2175 5
0 113 7875 2350 5
0 114 8825 2225 5
0 115 8725 2375 7
0 116 8703 2197 5
0 117 8825 2425 5
0 118 8575 2450 5
0 119 8725 2525 7
0 120 8625 2600 5
0 121 8375 2600 5
0 122 8475 2600 5
0 123 7975 2475 5
0 124 8225 2500 5
0 125 8225 2600 5
0 126 8125 2575 5
0 127 7975 2625 5
0 128 7750 2650 5
0 129 5350 2400 1
0 130 5450 2525 1
0 131 5450 2675 1
0 132 5250 2400 1
0 133 5175 2475 1
0 134 5175 2675 1
0 135 5075 2575 1
0 136 4975 2525 1
0 137 5025 2675 1
0 138 4875 2675 1
0 139 4175 2425 2
0 140 4175 2625 2
0 141 3925 2450 2
0 142 3725 2450 2
0 143 3325 2450 2
0 144 2925 2425 8
0 145 2575 2525 8
0 146 2675 2525 6
0 147 2275 2525 8
0 148 2375 2525 6
0 149 2175 2525 6
0 150 2148 2786 6
0 151 2249 2786 6
0 152 2352 2786 8
0 153 2451 2785 8
0 154 2552 2785 8
0 155 2651 2787 6
0 156 2925 2925 6
0 157 3325 2900 2
0 158 3725 2900 2
0 159 3925 2900 2
0 160 4175 2925 2
0 161 4175 2725 2
0 162 4975 2825 1
0 163 5075 2775 1
0 164 5175 2875 1
0 165 5450 2825 1
0 166 5450 2925 1
0 167 6125 2875 1
0 168 6025 2875 1
0 169 7575 2875 3
0 170 7425 2875 3
0 171 7925 2875 7
0 172 7875 2775 7
0 173 7825 2925 7
0 174 7750 2800 3
0 175 8125 2775 5
0 176 8075 2875 5
0 177 8025 2775 5
0 178 8125 2975 7
0 179 7975 2975 7
0 180 8775 2825 7
0 181 8775 2925 7
0 182 8775 3025 7
0 183 8775 3125 7
0 184 8775 3275 7
0 185 8625 3225 7
0 186 8525 3225 7
0 187 8075 3075 7
0 188 7975 3275 7
0 189 7975 3075 7
0 190 7825 3125 3
0 191 7575 3075 3
0 192 7600 3175 3
0 193 7425 3275 3
0 194 7425 3125 3
0 195 7425 3025 3
0 196 7325 3225 3
0 197 6125 3025 1
0 198 6025 3175 1
0 199 5375 3250 1
0 200 5275 3250 1
0 201 5450 3025 1
0 202 5175 3150 1
0 203 5075 3275 1
0 204 4525 3200 2
0 205 4575 3125 2
0 206 4575 3025 2
0 207 4425 3200 2
0 208 4325 3200 2
0 209 4175 3200 2
0 210 4275 3125 2
0 211 4275 3025 2
0 212 3975 3275 2
0 213 3875 3275 2
0 214 2925 3198 6
0 215 2925 3475 6
0 216 3925 3475 2
0 217 3825 3475 2
0 218 3975 3375 2
0 219 4325 3575 2
0 220 4275 3300 2
0 221 4175 3400 2
0 222 4125 3300 2
0 223 4500 3300 2
0 224 4400 3300 2
0 225 4725 3525 2
0 226 4675 3400 2
0 227 4775 3375 2
0 228 5175 3300 1
0 229 4975 3325 1
0 230 5175 3475 1
0 231 5025 3450 1
0 232 5375 3525 1
0 233 5275 3525 1
0 234 6050 3375 1
0 235 5908 3574 1
0 236 6450 3375 3
0 237 6675 3325 3
0 238 6575 3525 3
0 239 6975 3525 3
0 240 6875 3325 3
0 241 6775 3425 3
0 242 7150 3325 3
0 243 7150 3475 3
0 244 7625 3525 3
0 245 7575 3425 3
0 246 7475 3525 3
0 247 7425 3425 3
0 248 7825 3525 7
0 249 7725 3525 7
0 250 7825 3375 7
0 251 7725 3375 7
0 252 8225 3425 7
0 253 8225 3325 7
0 254 8475 3525 7
0 255 8325 3525 7
0 256 8575 3325 7
0 257 8775 3700 7
0 258 8675 3800 7
0 259 8575 3700 7
0 260 8425 3625 7
0 261 8325 3625 7
0 262 8375 3775 7
0 263 8175 3625 7
0 264 8225 3775 7
0 265 8075 3775 7
0 266 8075 3675 7
0 267 7925 3775 3
0 268 7875 3675 7
0 269 7075 3675 3
0 270 7150 3750 3
0 271 6975 3725 3
0 272 6575 3750 3
0 273 6375 3750 3
0 274 5975 3750 1
0 275 5325 3775 1
0 276 5275 3675 1
0 277 5375 3675 1
0 278 5075 3800 1
0 279 5204 3772 1
0 280 4675 3675 2
0 281 4925 3800 1
0 282 4925 3675 1
0 283 4775 3675 2
0 284 4575 3675 2
0 285 4425 3675 2
0 286 4325 3725 2
0 287 3825 3650 2
0 288 3625 3750 2
0 289 3475 3750 2
0 290 3225 3750 6
0 291 3325 3750 6
0 292 3125 3725 6
0 293 2925 3725 6
0 294 2575 3675 6
0 295 2675 3675 6
0 296 2275 3675 6
0 297 2375 3675 6
0 298 2175 3675 6
0 299 4775 3225 2
