0 1 2830 40 2
0 2 2830 77 2
0 3 2830 114 2
0 4 2831 155 2
0 5 2830 194 2
0 6 2831 231 2
0 7 2831 269 2
0 8 2831 309 2
0 9 2830 347 2
0 10 2830 384 2
0 11 2792 35 2
0 12 2792 75 2
0 13 2790 115 2
0 14 2792 153 2
0 15 2791 191 2
0 16 2791 231 2
0 17 2790 271 2
0 18 2791 306 2
0 19 2791 345 2
0 20 2792 384 2
0 21 2800 460 2
0 22 2801 499 2
0 23 2801 538 2
0 24 2800 578 2
0 25 2802 620 2
0 26 2800 654 2
0 27 2800 694 2
0 28 2802 732 2
0 29 2800 772 2
0 30 2800 810 2
0 31 2762 459 2
0 32 2761 497 2
0 33 2761 540 2
0 34 2761 578 2
0 35 2762 591 2
0 36 2763 656 2
0 37 2762 694 2
0 38 2761 731 2
0 39 2762 770 2
0 40 2761 808 2
0 41 2801 946 2
0 42 2803 1034 2
0 43 2723 943 2
0 44 2724 1029 2
0 45 2702 1003 2
0 46 2800 1098 2
0 47 2799 1137 2
0 48 2831 1158 2
0 49 2801 1178 2
0 50 2800 1216 2
0 51 2829 1237 2
0 52 2801 1254 2
0 53 2800 1292 2
0 54 2800 1331 2
0 55 2801 1370 2
0 56 2799 1409 2
0 57 2804 1450 2
0 58 2759 1098 2
0 59 2762 1138 2
0 60 2762 1178 2
0 61 2761 1213 2
0 62 2763 1255 2
0 63 2761 1293 2
0 64 2763 1330 2
0 65 2761 1369 2
0 66 2759 1411 2
0 67 2761 1446 2
0 68 2762 617 2
0 69 2801 1507 2
0 70 2800 1548 4
0 71 2801 1581 2
0 72 2801 1619 2
0 73 2799 1656 2
0 74 2800 1698 4
0 75 2800 1738 2
0 76 2800 1781 2
0 77 2799 1820 4
0 78 2800 1856 4
0 79 2760 1506 2
0 80 2760 1543 2
0 81 2763 1586 2
0 82 2761 1621 2
0 83 2761 1659 4
0 84 2761 1698 2
0 85 2762 1737 2
0 86 2761 1775 2
0 87 2762 1821 2
0 88 2762 1853 4
0 89 2800 2067 4
0 90 2798 2102 4
0 91 2799 2143 4
0 92 2801 2183 4
0 93 2800 2221 4
0 94 2801 2262 4
0 95 2800 2299 4
0 96 2800 2337 4
0 97 2801 2376 4
0 98 2800 2414 4
0 99 2760 2066 4
0 100 2760 2105 4
0 101 2761 2144 4
0 102 2761 2184 4
0 103 2763 2222 4
0 104 2760 2259 4
0 105 2761 2297 4
0 106 2760 2338 4
0 107 2761 2372 4
0 108 2800 2411 4
0 109 2800 2491 4
0 110 2772 2512 4
0 111 2732 2491 4
0 112 2788 2167 4
0 113 2762 2676 4
0 114 2732 2618 4
0 115 2761 2903 4
0 116 2761 2983 4
0 117 2799 3041 4
0 118 2800 3083 4
0 119 2799 3117 4
0 120 2799 3085 4
0 121 2799 3195 4
0 122 2798 3234 4
0 123 2799 3274 4
0 124 2798 3312 4
0 125 2798 3350 4
0 126 2797 3389 4
0 127 2799 3427 4
0 128 2800 3464 4
0 129 2864 3474 4
0 130 2865 3515 4
0 131 2798 3563 4
0 132 2798 3796 4
0 133 2797 3794 4
0 134 2698 39 2
0 135 2697 116 2
0 136 2716 191 2
0 137 2696 540 2
0 138 2704 1437 2
0 139 2704 1583 2
0 140 2703 1680 4
0 141 2694 2221 4
0 142 2704 2317 4
0 143 2714 2345 4
0 144 2733 2374 4
0 145 2720 3100 4
0 146 2721 3147 4
0 147 2752 3198 4
0 148 2712 3194 4
0 149 2683 3196 4
0 150 2642 3195 4
0 151 2763 3292 4
0 152 2761 3332 4
0 153 2761 3369 4
0 154 2760 3409 4
0 155 2732 3467 4
0 156 2701 3621 4
0 157 2699 3852 4
0 158 2781 3940 4
0 159 2701 3940 4
0 160 2623 3945 4
0 161 2621 -5 2
0 162 2744 18 2
0 163 2649 25 2
0 164 2609 48 2
0 165 2659 94 2
0 166 2658 134 2
0 167 2659 171 2
0 168 2658 208 2
0 169 2657 248 2
0 170 2660 285 2
0 171 2659 325 2
0 172 2659 368 2
0 173 2545 92 2
0 174 2543 131 2
0 175 2543 170 2
0 176 2541 212 2
0 177 2538 248 2
0 178 2544 288 2
0 179 2541 246 2
0 180 2541 362 2
0 181 2571 270 2
0 182 2571 325 2
0 183 2485 36 2
0 184 2524 54 2
0 185 2494 249 2
0 186 2590 393 2
0 187 2641 411 2
0 188 2659 441 2
0 189 2660 500 2
0 190 2660 538 2
0 191 2658 577 2
0 192 2659 618 2
0 193 2660 656 2
0 194 2661 701 2
0 195 2658 733 2
0 196 2659 772 2
0 197 2582 439 2
0 198 2592 521 2
0 199 2581 770 2
0 200 2543 497 2
0 201 2542 536 2
0 202 2543 579 2
0 203 2542 615 2
0 204 2542 657 2
0 205 2543 691 2
0 206 2543 734 2
0 207 2541 771 2
0 208 2542 808 2
0 209 2543 847 2
0 210 2540 877 2
0 211 2617 847 2
0 212 2620 916 2
0 213 2570 1004 2
0 214 2529 1003 2
0 215 2656 1042 2
0 216 2658 1082 2
0 217 2656 1118 2
0 218 2657 1159 2
0 219 2656 1200 2
0 220 2657 1236 2
0 221 2657 1272 2
0 222 2657 1314 2
0 223 2616 1137 2
0 224 2617 1195 2
0 225 2624 1273 2
0 226 2598 1314 2
0 227 2558 1214 2
0 228 2542 1040 2
0 229 2540 1079 2
0 230 2541 1121 2
0 231 2540 1156 2
0 232 2539 1195 2
0 233 2539 1231 2
0 234 2540 1272 2
0 235 2540 1311 2
0 236 2501 1342 2
0 237 2540 1358 2
0 238 2540 1398 2
0 239 2512 1436 2
0 240 2628 1435 2
0 241 2643 1484 2
0 242 2667 1524 4
0 243 2666 1560 4
0 244 2665 1601 2
0 245 2667 1640 2
0 246 2665 1679 4
0 247 2665 1728 2
0 248 2666 1755 2
0 249 2666 1794 4
0 250 2665 1836 2
0 251 2667 1873 4
0 252 2646 1486 2
0 253 2617 1525 2
0 254 2628 1715 2
0 255 2618 1756 2
0 256 2548 1524 2
0 257 2550 1561 2
0 258 2552 1600 2
0 259 2550 1640 2
0 260 2550 1677 2
0 261 2551 1717 2
0 262 2551 1756 2
0 263 2551 1798 2
0 264 2549 1832 4
0 265 2550 1874 4
0 266 2579 1893 4
0 267 2665 1935 4
0 268 2647 1991 4
0 269 2667 2025 4
0 270 2667 2064 4
0 271 2667 2104 4
0 272 2665 2139 4
0 273 2666 2178 4
0 274 2665 2220 4
0 275 2665 2254 4
0 276 2548 2258 4
0 277 2549 2218 4
0 278 2549 2180 4
0 279 2550 2141 4
0 280 2549 2103 4
0 281 2548 2064 4
0 282 2548 2025 4
0 283 2538 1987 4
0 284 2590 2333 4
0 285 2666 2328 4
0 286 2667 2394 4
0 287 2667 2432 4
0 288 2666 2470 4
0 289 2666 2508 4
0 290 2665 2550 4
0 291 2665 2586 4
0 292 2666 2626 4
0 293 2549 2393 4
0 294 2548 2431 4
0 295 2549 2473 4
0 296 2548 2512 4
0 297 2546 2548 4
0 298 2550 2591 4
0 299 2548 2627 4
0 300 2687 2716 4
0 301 2686 2868 4
0 302 2647 2711 4
0 303 2645 2866 4
0 304 2643 2906 4
0 305 2645 2984 4
0 306 2604 2905 4
0 307 2605 3109 4
0 308 2605 3136 4
0 309 2606 3290 4
0 310 2606 3333 4
0 311 2606 3368 4
0 312 2604 3410 4
0 313 2568 3037 4
0 314 2568 3079 4
0 315 2568 3119 4
0 316 2567 3157 4
0 317 2566 3195 4
0 318 2567 3234 4
0 319 2568 3274 4
0 320 2566 3310 4
0 321 2568 3350 4
0 322 2566 3386 4
0 323 2567 3428 4
0 324 2568 3466 4
0 325 2352 89 2
0 326 2348 125 2
0 327 2349 168 2
0 328 2349 208 2
0 329 2350 244 2
0 330 2349 286 2
0 331 2350 322 2
0 332 2400 333 2
0 333 2466 323 2
0 334 2406 207 2
0 335 2378 168 2
0 336 2417 130 2
0 337 2397 70 2
0 338 2468 283 2
0 339 2467 242 2
0 340 2494 245 2
0 341 2467 208 2
0 342 2462 168 2
0 343 2465 129 2
0 344 2465 90 2
0 345 2421 383 2
0 346 2377 449 2
0 347 2458 392 2
0 348 2468 467 2
0 349 2507 561 2
0 350 2351 534 2
0 351 2352 574 2
0 352 2350 614 2
0 353 2350 652 2
0 354 2352 691 2
0 355 2350 727 2
0 356 2351 768 2
0 357 2467 765 2
0 358 2466 729 2
0 359 2466 692 2
0 360 2466 649 2
0 361 2466 613 2
0 362 2466 574 2
0 363 2467 540 2
0 364 2513 572 2
0 365 2350 827 2
0 366 2418 836 2
0 367 2438 875 2
0 368 2475 833 2
0 369 2495 941 2
0 370 2388 942 2
0 371 2348 940 2
0 372 2475 1008 2
0 373 2466 1038 2
0 374 2351 1040 2
0 375 2350 1075 2
0 376 2349 1114 2
0 377 2347 1152 2
0 378 2349 1192 2
0 379 2349 1232 2
0 380 2348 1270 2
0 381 2348 1307 2
0 382 2388 1209 2
0 383 2408 1116 2
0 384 2468 1310 2
0 385 2466 1269 2
0 386 2465 1232 2
0 387 2484 1212 2
0 388 2465 1190 2
0 389 2465 1158 2
0 390 2462 1112 2
0 391 2466 1075 2
0 392 2367 1354 2
0 393 2380 1433 2
0 394 2338 1452 2
0 395 2415 1482 2
0 396 2436 1431 2
0 397 2425 1394 2
0 398 2426 1358 2
0 399 2465 1471 2
0 400 2473 1373 2
0 401 2321 1522 2
0 402 2320 1557 2
0 403 2320 1598 2
0 404 2318 1638 2
0 405 2320 1673 2
0 406 2321 1717 4
0 407 2322 1755 2
0 408 2321 1794 2
0 409 2321 1832 2
0 410 2322 1872 4
0 411 2349 1831 4
0 412 2377 1870 4
0 413 2378 1830 4
0 414 2378 1789 2
0 415 2378 1752 2
0 416 2378 1714 2
0 417 2377 1679 2
0 418 2376 1637 2
0 419 2378 1597 2
0 420 2378 1558 2
0 421 2380 1524 4
0 422 2525 1880 4
0 423 2493 1868 4
0 424 2495 1830 4
0 425 2493 1791 4
0 426 2492 1753 2
0 427 2493 1714 4
0 428 2491 1676 4
0 429 2492 1634 4
0 430 2493 1601 4
0 431 2494 1559 4
0 432 2494 1349 2
0 433 2378 2022 4
0 434 2379 2059 4
0 435 2377 2099 4
0 436 2379 2137 4
0 437 2377 2177 4
0 438 2379 2218 4
0 439 2379 2254 4
0 440 2454 2041 4
0 441 2474 1953 4
0 442 2495 2288 4
0 443 2493 2255 4
0 444 2494 2218 4
0 445 2491 2176 4
0 446 2492 2138 4
0 447 2493 2100 4
0 448 2493 2061 4
0 449 2495 2022 4
0 450 2377 2388 4
0 451 2378 2425 4
0 452 2377 2468 4
0 453 2376 2501 4
0 454 2377 2547 4
0 455 2379 2586 4
0 456 2378 2624 4
0 457 2378 2663 4
0 458 2406 2428 4
0 459 2437 2505 4
0 460 2448 2624 4
0 461 2495 2665 4
0 462 2495 2623 4
0 463 2495 2585 4
0 464 2493 2547 4
0 465 2493 2506 4
0 466 2495 2468 4
0 467 2494 2429 4
0 468 2494 2391 4
0 469 2379 2749 4
0 470 2377 2786 4
0 471 2377 2825 4
0 472 2375 2865 4
0 473 2378 2903 4
0 474 2376 2943 4
0 475 2377 2981 4
0 476 2446 2769 4
0 477 2436 2729 4
0 478 2529 2979 4
0 479 2515 3013 4
0 480 2494 2982 4
0 481 2491 2942 4
0 482 2491 2902 4
0 483 2492 2865 4
0 484 2492 2825 4
0 485 2493 2786 4
0 486 2493 2748 4
0 487 2531 2827 4
0 488 2531 2787 4
0 489 2530 2710 4
0 490 2376 3057 4
0 491 2376 3095 4
0 492 2376 3136 4
0 493 2378 3175 4
0 494 2377 3212 4
0 495 2377 3251 4
0 496 2375 3288 4
0 497 2377 3328 4
0 498 2378 3368 4
0 499 2376 3408 4
0 500 2424 3426 4
0 501 2454 3444 4
0 502 2494 3403 4
0 503 2495 3368 4
0 504 2493 3326 4
0 505 2492 3286 4
0 506 2493 3248 4
0 507 2493 3210 4
0 508 2493 3170 4
0 509 2492 3127 4
0 510 2494 3095 4
0 511 2495 3059 4
0 512 2390 3550 4
0 513 2385 3695 4
0 514 2504 3813 4
0 515 2268 3813 4
0 516 2150 91 2
0 517 2150 129 2
0 518 2149 165 2
0 519 2147 209 2
0 520 2149 244 2
0 521 2147 282 2
0 522 2149 323 2
0 523 2179 243 2
0 524 2191 66 2
0 525 2228 76 2
0 526 2227 108 2
0 527 2218 303 2
0 528 2240 341 2
0 529 2267 325 2
0 530 2268 282 2
0 531 2326 306 2
0 532 2267 243 2
0 533 2302 223 2
0 534 2265 203 2
0 535 2305 188 2
0 536 2264 167 2
0 537 2267 127 2
0 538 2265 87 2
0 539 2303 72 2
0 540 2111 428 2
0 541 2111 466 2
0 542 2187 426 2
0 543 2246 486 2
0 544 2266 464 2
0 545 2317 468 2
0 546 2229 406 2
0 547 2150 534 2
0 548 2149 573 2
0 549 2147 611 2
0 550 2144 651 2
0 551 2150 691 2
0 552 2148 728 2
0 553 2148 848 2
0 554 2128 807 2
0 555 2178 611 2
0 556 2188 642 2
0 557 2225 515 2
0 558 2225 555 2
0 559 2233 728 2
0 560 2303 767 2
0 561 2267 767 2
0 562 2266 730 2
0 563 2303 709 2
0 564 2265 689 2
0 565 2312 650 2
0 566 2266 651 2
0 567 2267 615 2
0 568 2262 571 2
0 569 2266 534 2
0 570 2130 803 2
0 571 2167 848 2
0 572 2245 843 2
0 573 2286 885 2
0 574 2167 921 2
0 575 2136 939 2
0 576 2149 1031 2
0 577 2148 1063 2
0 578 2147 1107 2
0 579 2149 1143 2
0 580 2145 1183 2
0 581 2146 1219 2
0 582 2146 1261 2
0 583 2148 1300 2
0 584 2148 1333 2
0 585 2146 1377 2
0 586 2195 1378 2
0 587 2193 1221 2
0 588 2206 1181 2
0 589 2186 1142 2
0 590 2206 1106 2
0 591 2224 1066 2
0 592 2265 1375 2
0 593 2265 1339 2
0 594 2261 1296 2
0 595 2263 1260 2
0 596 2264 1220 2
0 597 2291 1221 2
0 598 2263 1182 2
0 599 2281 1164 2
0 600 2264 1143 2
0 601 2263 1104 2
0 602 2261 1065 2
0 603 2261 1026 2
0 604 2253 1463 2
0 605 2173 1462 2
0 606 2146 1520 2
0 607 2145 1558 2
0 608 2147 1597 2
0 609 2146 1635 2
0 610 2144 1677 4
0 611 2147 1716 2
0 612 2145 1753 2
0 613 2144 1793 2
0 614 2147 1831 4
0 615 2146 1870 4
0 616 2204 1868 4
0 617 2206 1830 4
0 618 2205 1789 2
0 619 2206 1753 4
0 620 2205 1714 2
0 621 2202 1673 2
0 622 2204 1635 2
0 623 2204 1596 4
0 624 2203 1557 2
0 625 2203 1521 2
0 626 2251 1813 4
0 627 2240 1558 4
0 628 2252 1521 2
0 629 2308 1966 4
0 630 2310 1927 4
0 631 2261 1922 2
0 632 2194 1921 4
0 633 2134 1951 4
0 634 2148 2080 4
0 635 2146 2122 4
0 636 2143 2161 4
0 637 2144 2200 4
0 638 2148 2240 4
0 639 2146 2278 4
0 640 2145 2316 4
0 641 2145 2354 4
0 642 2146 2393 4
0 643 2146 2434 4
0 644 2186 2136 4
0 645 2244 2450 4
0 646 2204 2430 4
0 647 2203 2391 4
0 648 2204 2273 4
0 649 2205 2314 4
0 650 2199 2273 4
0 651 2204 2239 4
0 652 2230 2254 4
0 653 2205 2197 4
0 654 2203 2158 4
0 655 2205 2602 4
0 656 2205 2083 4
0 657 2241 2062 4
0 658 2204 2043 4
0 659 2203 2014 4
0 660 2254 2026 4
0 661 2328 2024 4
0 662 2319 2080 4
0 663 2319 2122 4
0 664 2318 2165 4
0 665 2287 2169 4
0 666 2319 2202 4
0 667 2290 2230 4
0 668 2319 2238 4
0 669 2319 2277 4
0 670 2291 2297 4
0 671 2320 2316 4
0 672 2321 2355 4
0 673 2319 2396 4
0 674 2319 2430 4
0 675 2348 2396 4
0 676 2167 2537 4
0 677 2164 2576 4
0 678 2163 2624 4
0 679 2136 2641 4
0 680 2115 2584 4
0 681 2107 2661 4
0 682 2106 2701 4
0 683 2107 2740 4
0 684 2105 2775 4
0 685 2106 2819 4
0 686 2104 2855 4
0 687 2105 2894 4
0 688 2105 2933 4
0 689 2106 2992 4
0 690 2175 3029 4
0 691 2222 2990 4
0 692 2187 2932 4
0 693 2183 2893 4
0 694 2185 2853 4
0 695 2209 2813 4
0 696 2186 2814 4
0 697 2182 2778 4
0 698 2185 2738 4
0 699 2184 2700 4
0 700 2183 2661 4
0 701 2212 2699 4
0 702 2252 2739 4
0 703 2300 2991 4
0 704 2300 2964 4
0 705 2301 2933 4
0 706 2301 2896 4
0 707 2298 2854 4
0 708 2299 2816 4
0 709 2297 2776 4
0 710 2296 2738 4
0 711 2299 2700 4
0 712 2300 2660 4
0 713 2337 2703 4
0 714 2336 2663 4
0 715 2338 2620 4
0 716 2290 2585 4
0 717 2106 3087 4
0 718 2075 3104 4
0 719 2108 3123 4
0 720 2107 3165 4
0 721 2105 3201 4
0 722 2107 3242 4
0 723 2106 3277 4
0 724 2103 3318 4
0 725 2106 3359 4
0 726 2106 3416 4
0 727 2185 3356 4
0 728 2185 3319 4
0 729 2184 3277 4
0 730 2181 3242 4
0 731 2184 3201 4
0 732 2184 3163 4
0 733 2183 3122 4
0 734 2182 3081 4
0 735 2222 3222 4
0 736 2279 3184 4
0 737 2328 3077 4
0 738 2298 3084 4
0 739 2299 3125 4
0 740 2298 3165 4
0 741 2296 3205 4
0 742 2299 3239 4
0 743 2295 3280 4
0 744 2300 3324 4
0 745 2299 3355 4
0 746 2339 3260 4
0 747 2327 3416 4
0 748 2062 3604 4
0 749 2106 3606 4
0 750 2167 3618 4
0 751 2106 3643 4
0 752 2104 3684 4
0 753 2105 3723 4
0 754 2105 3764 4
0 755 2103 3801 4
0 756 2106 3841 4
0 757 2106 3884 4
0 758 2166 3850 4
0 759 2096 71 2
0 760 2097 227 2
0 761 2058 86 2
0 762 2061 131 2
0 763 2060 170 2
0 764 2058 209 2
0 765 2058 248 2
0 766 2057 285 2
0 767 2058 328 2
0 768 1991 187 2
0 769 1979 325 2
0 770 1937 53 2
0 771 1942 90 2
0 772 1944 130 2
0 773 1943 167 2
0 774 1942 209 2
0 775 1941 246 2
0 776 1941 285 2
0 777 1939 325 2
0 778 2037 410 2
0 779 2010 488 2
0 780 2062 538 2
0 781 2060 574 2
0 782 2059 615 2
0 783 2059 651 2
0 784 2060 691 2
0 785 2059 732 2
0 786 2059 772 2
0 787 2050 812 2
0 788 1989 733 2
0 789 1990 576 2
0 790 1941 536 2
0 791 1942 572 2
0 792 1944 614 2
0 793 1943 654 2
0 794 1943 693 2
0 795 1943 729 2
0 796 1941 771 2
0 797 1951 896 2
0 798 2058 981 2
0 799 2070 1031 2
0 800 2069 1069 2
0 801 2067 1107 2
0 802 2068 1142 2
0 803 2068 1182 2
0 804 2068 1223 2
0 805 2068 1259 2
0 806 2074 1299 2
0 807 2107 1327 2
0 808 2067 1365 2
0 809 2028 1318 2
0 810 2038 1281 2
0 811 2021 1243 2
0 812 2000 1205 2
0 813 1951 1257 2
0 814 1950 1223 2
0 815 1951 1183 2
0 816 1951 1146 2
0 817 1950 1111 2
0 818 1950 1068 2
0 819 1954 1028 2
0 820 1954 972 2
0 821 1951 893 2
0 822 1971 1087 2
0 823 2009 1032 2
0 824 1893 1348 2
0 825 1912 1409 2
0 826 1941 1427 2
0 827 2009 1433 2
0 828 2000 1387 2
0 829 2028 1526 2
0 830 2029 1561 4
0 831 2029 1599 2
0 832 2029 1638 2
0 833 2029 1680 2
0 834 2028 1719 2
0 835 2029 1755 2
0 836 2028 1795 2
0 837 2028 1833 2
0 838 2029 1872 4
0 839 2076 1813 2
0 840 2097 1853 4
0 841 2048 1950 4
0 842 2018 1930 4
0 843 1971 1521 2
0 844 1971 1560 2
0 845 1971 1600 2
0 846 1970 1643 2
0 847 1969 1677 2
0 848 1971 1717 2
0 849 1970 1754 2
0 850 1969 1795 2
0 851 1967 1351 2
0 852 1969 1871 4
0 853 2065 2026 4
0 854 2107 2095 4
0 855 2085 2141 4
0 856 2095 2229 4
0 857 2112 2317 4
0 858 2009 2024 4
0 859 2030 2084 4
0 860 2029 2123 4
0 861 2029 2162 4
0 862 2028 2202 4
0 863 2028 2239 4
0 864 2029 2275 4
0 865 2027 2317 4
0 866 2027 2354 4
0 867 2027 2393 4
0 868 2028 2433 4
0 869 1971 2082 4
0 870 1970 2120 4
0 871 1970 2161 4
0 872 1972 2201 4
0 873 1970 2239 4
0 874 1969 2278 4
0 875 1971 2317 4
0 876 1970 2355 4
0 877 1970 2392 4
0 878 1969 2433 4
0 879 1970 2469 4
0 880 1949 2553 4
0 881 2009 2576 4
0 882 2009 2622 4
0 883 2029 2665 4
0 884 1982 2663 4
0 885 1986 2707 4
0 886 1988 2743 4
0 887 1988 2777 4
0 888 1989 2818 4
0 889 1988 2857 4
0 890 1988 2893 4
0 891 1988 2934 4
0 892 1912 2664 4
0 893 1912 2703 4
0 894 1911 2738 4
0 895 1911 2779 4
0 896 1913 2817 4
0 897 1911 2858 4
0 898 1912 2895 4
0 899 1910 2932 4
0 900 2026 2992 4
0 901 1929 3049 4
0 902 1990 3088 4
0 903 1990 3125 4
0 904 1989 3165 4
0 905 1988 3203 4
0 906 1990 3244 4
0 907 1986 3280 4
0 908 1989 3317 4
0 909 1989 3357 4
0 910 1989 3419 4
0 911 2036 3318 4
0 912 2045 3389 4
0 913 1911 3416 4
0 914 1909 3357 4
0 915 1911 3318 4
0 916 1911 3278 4
0 917 1911 3240 4
0 918 1911 3201 4
0 919 1910 3165 4
0 920 1912 3124 4
0 921 1912 3086 4
0 922 1930 3049 4
0 923 2028 2992 4
0 924 1988 3606 4
0 925 1988 3646 4
0 926 1989 3685 4
0 927 1986 3724 4
0 928 1986 3766 4
0 929 1987 3803 4
0 930 1986 3841 4
0 931 1984 3880 4
0 932 2015 3802 4
0 933 2036 3841 4
0 934 2015 3881 4
0 935 1949 3605 4
0 936 1949 3647 4
0 937 1949 3811 4
0 938 1949 3888 4
0 939 1890 3540 4
0 940 1911 3570 4
0 941 1911 3608 4
0 942 1910 3649 4
0 943 1910 3686 4
0 944 1911 3726 1
0 945 1911 3760 4
0 946 1911 3802 4
0 947 1911 3841 4
0 948 1911 3880 4
0 949 1893 3820 4
0 950 1870 3782 4
0 951 1884 90 2
0 952 1886 245 2
0 953 1896 365 2
0 954 1846 91 2
0 955 1848 132 2
0 956 1846 168 2
0 957 1848 211 2
0 958 1848 249 2
0 959 1848 286 2
0 960 1850 327 2
0 961 1789 73 2
0 962 1781 128 2
0 963 1809 182 2
0 964 1819 214 2
0 965 1770 360 2
0 966 1761 449 2
0 967 1808 453 2
0 968 1837 438 2
0 969 1903 516 2
0 970 1857 540 2
0 971 1855 576 2
0 972 1855 615 2
0 973 1854 652 2
0 974 1886 697 2
0 975 1859 694 2
0 976 1856 734 2
0 977 1825 731 2
0 978 1856 770 2
0 979 1913 770 2
0 980 1894 829 2
0 981 1845 826 2
0 982 1847 904 2
0 983 1863 981 2
0 984 1866 1020 2
0 985 1866 1055 2
0 986 1866 1099 2
0 987 1865 1137 2
0 988 1868 1174 2
0 989 1866 1215 2
0 990 1866 1251 2
0 991 1866 1292 2
0 992 1863 1329 2
0 993 1864 1369 2
0 994 1862 1402 2
0 995 1836 1214 2
0 996 1749 979 2
0 997 1749 1018 2
0 998 1750 1059 2
0 999 1749 1098 2
0 1000 1749 1138 2
0 1001 1748 1175 2
0 1002 1748 1213 2
0 1003 1750 1250 2
0 1004 1749 1293 2
0 1005 1717 1291 2
0 1006 1749 1330 2
0 1007 1750 1371 2
0 1008 1751 1409 2
0 1009 1697 1389 2
0 1010 1920 1563 4
0 1011 1933 1642 2
0 1012 1892 1636 2
0 1013 1913 1787 4
0 1014 1854 1523 2
0 1015 1856 1562 2
0 1016 1855 1600 2
0 1017 1853 1641 2
0 1018 1855 1678 2
0 1019 1855 1717 2
0 1020 1856 1756 2
0 1021 1855 1794 4
0 1022 1852 1834 4
0 1023 1853 1952 4
0 1024 1930 2024 4
0 1025 1929 2236 4
0 1026 1942 2277 4
0 1027 1921 2314 4
0 1028 1923 2382 4
0 1029 1932 2430 4
0 1030 1884 2451 4
0 1031 1853 2023 4
0 1032 1855 2083 4
0 1033 1856 2123 4
0 1034 1854 2160 4
0 1035 1854 2201 4
0 1036 1855 2236 4
0 1037 1853 2277 4
0 1038 1856 2317 4
0 1039 1855 2356 4
0 1040 1855 2394 4
0 1041 1852 2431 4
0 1042 1911 2528 4
0 1043 1871 2526 4
0 1044 1854 2645 4
0 1045 1851 2990 4
0 1046 1832 3298 4
0 1047 1832 3339 4
0 1048 1692 32 2
0 1049 1732 91 2
0 1050 1733 127 2
0 1051 1710 233 2
0 1052 1735 170 2
0 1053 1731 209 2
0 1054 1731 251 2
0 1055 1731 288 2
0 1056 1731 325 2
0 1057 1681 213 2
0 1058 1682 249 2
0 1059 1645 91 2
0 1060 1645 129 2
0 1061 1643 167 2
0 1062 1642 208 2
0 1063 1643 249 2
0 1064 1643 285 2
0 1065 1641 322 2
0 1066 1732 449 2
0 1067 1652 450 2
0 1068 1736 537 2
0 1069 1741 575 2
0 1070 1741 614 2
0 1071 1741 658 2
0 1072 1710 655 2
0 1073 1740 692 2
0 1074 1741 730 2
0 1075 1742 766 2
0 1076 1651 534 2
0 1077 1652 575 2
0 1078 1652 614 2
0 1079 1651 653 2
0 1080 1653 692 2
0 1081 1654 730 2
0 1082 1651 770 2
0 1083 1650 856 2
0 1084 1785 2005 4
0 1085 1788 2045 4
0 1086 1787 2085 4
0 1087 1788 2120 4
0 1088 1788 2160 4
0 1089 1786 2200 4
0 1090 1786 2238 4
0 1091 1787 2274 4
0 1092 1787 2316 4
0 1093 1758 2317 4
0 1094 1788 2355 4
0 1095 1757 2374 4
0 1096 1789 2368 4
0 1097 1785 2431 4
0 1098 1777 2471 4
0 1099 1727 1947 4
0 1100 1730 1986 4
0 1101 1706 2082 4
0 1102 1709 2429 4
0 1103 1668 2003 4
0 1104 1668 2044 4
0 1105 1668 2083 4
0 1106 1669 2121 4
0 1107 1669 2161 4
0 1108 1670 2200 4
0 1109 1670 2237 4
0 1110 1669 2274 4
0 1111 1669 2317 4
0 1112 1669 2356 4
0 1113 1669 2391 4
0 1114 1666 2430 4
0 1115 1797 2529 4
0 1116 1745 2568 4
0 1117 1680 2515 4
0 1118 1630 2530 4
0 1119 1796 2665 4
0 1120 1795 2703 4
0 1121 1798 2742 4
0 1122 1797 2778 4
0 1123 1796 2816 4
0 1124 1797 2857 4
0 1125 1795 2892 4
0 1126 1797 2934 4
0 1127 1736 2719 4
0 1128 1739 2779 4
0 1129 1728 2859 4
0 1130 1729 2913 4
0 1131 1736 2963 4
0 1132 1697 2664 4
0 1133 1699 2702 4
0 1134 1701 2742 4
0 1135 1699 2778 4
0 1136 1699 2816 4
0 1137 1699 2856 4
0 1138 1698 2894 4
0 1139 1695 2937 4
0 1140 1795 3088 4
0 1141 1795 3129 4
0 1142 1797 3163 4
0 1143 1797 3203 4
0 1144 1796 3243 4
0 1145 1795 3277 4
0 1146 1795 3320 4
0 1147 1796 3358 4
0 1148 1717 3020 4
0 1149 1739 3184 4
0 1150 1696 3041 4
0 1151 1699 3069 4
0 1152 1700 3109 4
0 1153 1700 3143 4
0 1154 1699 3183 4
0 1155 1701 3223 4
0 1156 1699 3260 4
0 1157 1678 3280 4
0 1158 1700 3302 4
0 1159 1701 3339 4
0 1160 1698 3379 4
0 1161 1697 3418 4
0 1162 1794 3571 1
0 1163 1795 3609 4
0 1164 1796 3647 4
0 1165 1795 3686 4
0 1166 1795 3726 4
0 1167 1795 3764 4
0 1168 1794 3802 4
0 1169 1795 3840 4
0 1170 1796 3881 4
0 1171 1697 3568 4
0 1172 1698 3605 1
0 1173 1698 3649 1
0 1174 1698 3685 4
0 1175 1699 3723 4
0 1176 1696 3765 4
0 1177 1699 3798 4
0 1178 1697 3847 4
0 1179 1695 3877 4
0 1180 1705 3918 4
0 1181 1443 88 2
0 1182 1442 127 2
0 1183 1440 167 2
0 1184 1441 204 2
0 1185 1442 242 2
0 1186 1442 282 2
0 1187 1440 321 2
0 1188 1482 302 2
0 1189 1480 262 2
0 1190 1481 223 2
0 1191 1477 68 2
0 1192 1529 86 2
0 1193 1528 126 2
0 1194 1531 167 2
0 1195 1526 204 2
0 1196 1530 245 2
0 1197 1528 283 2
0 1198 1530 323 2
0 1199 1548 366 2
0 1200 1564 331 2
0 1201 1415 458 2
0 1202 1402 574 2
0 1203 1412 610 2
0 1204 1453 455 2
0 1205 1452 492 2
0 1206 1452 534 2
0 1207 1453 572 2
0 1208 1451 612 2
0 1209 1451 652 2
0 1210 1454 687 2
0 1211 1453 731 2
0 1212 1451 765 2
0 1213 1452 805 2
0 1214 1452 844 2
0 1215 1452 880 2
0 1216 1542 891 2
0 1217 1537 809 2
0 1218 1540 767 2
0 1219 1542 727 2
0 1220 1615 765 2
0 1221 1576 708 2
0 1222 1539 689 2
0 1223 1533 647 2
0 1224 1540 610 2
0 1225 1539 573 2
0 1226 1538 534 2
0 1227 1518 455 2
0 1228 1412 1054 2
0 1229 1432 1073 2
0 1230 1452 1056 2
0 1231 1449 1093 2
0 1232 1450 1132 2
0 1233 1449 1172 2
0 1234 1454 1210 2
0 1235 1452 1252 2
0 1236 1452 1289 2
0 1237 1451 1324 2
0 1238 1450 1366 2
0 1239 1452 1406 2
0 1240 1509 1206 2
0 1241 1529 1291 2
0 1242 1570 1055 2
0 1243 1570 1092 2
0 1244 1567 1131 2
0 1245 1567 1171 2
0 1246 1566 1209 2
0 1247 1567 1251 2
0 1248 1566 1290 2
0 1249 1567 1322 2
0 1250 1565 1370 2
0 1251 1567 1405 2
0 1252 1586 1232 2
0 1253 1605 1190 2
0 1254 1663 1171 2
0 1255 1660 1089 2
0 1256 1663 1056 2
0 1257 1598 1995 4
0 1258 1490 2080 4
0 1259 1490 2121 4
0 1260 1487 2157 4
0 1261 1487 2198 4
0 1262 1489 2235 4
0 1263 1487 2274 4
0 1264 1489 2314 4
0 1265 1487 2351 4
0 1266 1492 2393 4
0 1267 1488 2429 4
0 1268 1517 2196 4
0 1269 1557 2215 4
0 1270 1556 2078 4
0 1271 1602 2079 4
0 1272 1604 2118 4
0 1273 1604 2074 4
0 1274 1605 2199 4
0 1275 1601 2237 4
0 1276 1604 2272 4
0 1277 1603 2316 4
0 1278 1604 2355 4
0 1279 1604 2391 4
0 1280 1603 2427 4
0 1281 1477 2491 4
0 1282 1458 2546 4
0 1283 1468 2613 4
0 1284 1494 2552 4
0 1285 1548 2553 4
0 1286 1594 2544 4
0 1287 1605 2494 4
0 1288 1488 2659 4
0 1289 1486 2703 4
0 1290 1488 2735 4
0 1291 1488 2776 4
0 1292 1457 2775 4
0 1293 1489 2813 4
0 1294 1488 2855 4
0 1295 1457 2890 4
0 1296 1488 2893 4
0 1297 1487 2932 4
0 1298 1544 2775 4
0 1299 1547 2699 4
0 1300 1535 2668 4
0 1301 1583 2660 4
0 1302 1585 2701 4
0 1303 1585 2738 4
0 1304 1584 2777 4
0 1305 1586 2815 4
0 1306 1581 2852 4
0 1307 1586 2894 4
0 1308 1583 2933 4
0 1309 1485 3010 1
0 1310 1439 3046 4
0 1311 1448 3124 4
0 1312 1488 3085 4
0 1313 1493 3124 4
0 1314 1489 3162 1
0 1315 1485 3201 4
0 1316 1492 3244 4
0 1317 1487 3279 4
0 1318 1490 3316 4
0 1319 1488 3357 4
0 1320 1583 3065 4
0 1321 1624 3107 4
0 1322 1588 3102 4
0 1323 1585 3146 4
0 1324 1583 3182 4
0 1325 1601 3205 4
0 1326 1584 3223 4
0 1327 1584 3258 4
0 1328 1584 3300 4
0 1329 1586 3341 4
0 1330 1582 3373 4
0 1331 1584 3417 1
0 1332 1613 3420 4
0 1333 1632 3435 4
0 1334 1640 3473 4
0 1335 1671 3463 4
0 1336 1499 3493 4
0 1337 1487 3528 4
0 1338 1488 3570 4
0 1339 1486 3596 1
0 1340 1487 3643 4
0 1341 1487 3685 1
0 1342 1487 3722 4
0 1343 1488 3763 4
0 1344 1487 3800 4
0 1345 1488 3841 1
0 1346 1488 3878 1
0 1347 1547 3703 1
0 1348 1543 3742 1
0 1349 1582 3572 4
0 1350 1583 3604 4
0 1351 1584 3648 4
0 1352 1584 3686 4
0 1353 1580 3722 4
0 1354 1584 3764 1
0 1355 1583 3801 4
0 1356 1584 3842 4
0 1357 1586 3878 4
0 1358 1624 3861 4
0 1359 1633 3901 4
0 1360 1661 3889 4
0 1361 1622 3648 4
0 1362 1631 3607 4
0 1363 1651 3568 4
0 1364 1187 114 3
0 1365 1225 83 3
0 1366 1253 91 3
0 1367 1283 86 3
0 1368 1251 128 3
0 1369 1249 163 2
0 1370 1252 206 3
0 1371 1230 225 3
0 1372 1250 245 2
0 1373 1287 243 3
0 1374 1254 283 3
0 1375 1254 324 3
0 1376 1292 324 3
0 1377 1319 48 3
0 1378 1329 83 3
0 1379 1327 126 3
0 1380 1329 166 3
0 1381 1329 204 3
0 1382 1330 244 3
0 1383 1329 284 3
0 1384 1329 321 3
0 1385 1396 68 2
0 1386 1417 128 2
0 1387 1415 167 2
0 1388 1405 211 2
0 1389 1366 265 2
0 1390 1376 333 3
0 1391 1415 327 2
0 1392 1260 533 2
0 1393 1260 571 2
0 1394 1258 610 3
0 1395 1259 648 3
0 1396 1257 689 3
0 1397 1259 727 3
0 1398 1259 765 3
0 1399 1258 804 2
0 1400 1258 864 2
0 1401 1297 611 3
0 1402 1298 574 3
0 1403 1298 531 3
0 1404 1339 453 3
0 1405 1337 493 3
0 1406 1334 533 3
0 1407 1335 573 3
0 1408 1336 612 3
0 1409 1336 650 3
0 1410 1336 689 3
0 1411 1337 733 3
0 1412 1336 768 3
0 1413 1335 803 3
0 1414 1335 844 3
0 1415 1333 885 3
0 1416 1384 806 3
0 1417 1279 990 3
0 1418 1279 1062 3
0 1419 1236 1135 3
0 1420 1239 1174 3
0 1421 1238 1210 3
0 1422 1239 1250 3
0 1423 1239 1288 3
0 1424 1239 1329 3
0 1425 1238 1364 3
0 1426 1238 1408 3
0 1427 1208 1406 3
0 1428 1238 1444 3
0 1429 1277 1193 3
0 1430 1315 1152 3
0 1431 1296 1319 3
0 1432 1357 1068 2
0 1433 1356 1130 3
0 1434 1356 1172 3
0 1435 1401 976 2
0 1436 1395 1192 3
0 1437 1359 1214 3
0 1438 1375 1231 3
0 1439 1357 1251 3
0 1440 1354 1288 3
0 1441 1353 1326 3
0 1442 1357 1368 3
0 1443 1356 1406 3
0 1444 1051 88 2
0 1445 1047 125 3
0 1446 1049 170 2
0 1447 1044 206 3
0 1448 1046 246 3
0 1449 1048 280 3
0 1450 1046 322 3
0 1451 1099 334 3
0 1452 1106 127 2
0 1453 1096 95 3
0 1454 1136 86 2
0 1455 1134 128 3
0 1456 1132 162 3
0 1457 1134 204 3
0 1458 1135 247 3
0 1459 1135 280 3
0 1460 1136 322 3
0 1461 1153 387 3
0 1462 1182 339 3
0 1463 1232 395 2
0 1464 1036 456 3
0 1465 1090 425 3
0 1466 1162 465 3
0 1467 1233 507 3
0 1468 1047 534 3
0 1469 1049 572 3
0 1470 1045 608 3
0 1471 1046 650 3
0 1472 1046 689 3
0 1473 1046 730 3
0 1474 1044 763 3
0 1475 1048 805 3
0 1476 1047 847 3
0 1477 1047 887 3
0 1478 1105 805 3
0 1479 1092 764 3
0 1480 1074 727 3
0 1481 1087 613 3
0 1482 1086 533 3
0 1483 1128 633 3
0 1484 1142 529 3
0 1485 1144 573 3
0 1486 1142 610 3
0 1487 1143 650 3
0 1488 1146 690 2
0 1489 1142 729 3
0 1490 1141 768 3
0 1491 1142 804 3
0 1492 1185 592 2
0 1493 1221 648 2
0 1494 1218 861 3
0 1495 1183 863 3
0 1496 1094 900 3
0 1497 1085 928 3
0 1498 1029 942 3
0 1499 1027 998 3
0 1500 1144 1009 3
0 1501 1174 996 3
0 1502 1202 1000 3
0 1503 1174 942 3
0 1504 998 1066 3
0 1505 998 1104 3
0 1506 995 1145 3
0 1507 999 1181 3
0 1508 997 1222 3
0 1509 996 1261 3
0 1510 997 1298 3
0 1511 998 1339 3
0 1512 996 1393 3
0 1513 1055 1431 3
0 1514 1093 1452 3
0 1515 1095 1424 3
0 1516 1055 1400 3
0 1517 1054 1363 3
0 1518 1083 1384 3
0 1519 1094 1355 3
0 1520 1053 1325 3
0 1521 1053 1284 3
0 1522 1056 1249 3
0 1523 1058 1210 3
0 1524 1057 1172 3
0 1525 1058 1136 3
0 1526 1059 1092 3
0 1527 1048 1056 3
0 1528 1078 1154 3
0 1529 1102 1171 3
0 1530 1171 1055 3
0 1531 1173 1093 3
0 1532 1172 1135 3
0 1533 1137 1134 3
0 1534 1174 1179 3
0 1535 1172 1212 3
0 1536 1170 1251 3
0 1537 1152 1270 3
0 1538 1172 1292 3
0 1539 1172 1330 3
0 1540 1171 1368 3
0 1541 1170 1408 3
0 1542 784 30 3
0 1543 806 107 2
0 1544 842 85 3
0 1545 844 130 2
0 1546 843 166 3
0 1547 844 206 3
0 1548 843 245 3
0 1549 845 282 3
0 1550 843 322 3
0 1551 843 361 3
0 1552 882 166 2
0 1553 884 88 2
0 1554 930 85 2
0 1555 933 127 2
0 1556 932 163 2
0 1557 931 205 2
0 1558 931 246 3
0 1559 904 264 3
0 1560 929 286 3
0 1561 933 321 3
0 1562 930 370 3
0 1563 991 165 2
0 1564 826 440 3
0 1565 965 459 3
0 1566 581 79 3
0 1567 642 90 3
0 1568 642 128 3
0 1569 637 164 3
0 1570 642 208 3
0 1571 641 248 3
0 1572 641 285 3
0 1573 642 323 3
0 1574 640 361 3
0 1575 671 360 3
0 1576 681 164 3
0 1577 680 84 3
0 1578 710 437 3
0 1579 730 359 3
0 1580 732 321 3
0 1581 767 323 3
0 1582 726 287 3
0 1583 727 244 3
0 1584 726 117 3
0 1585 729 166 3
0 1586 729 130 3
0 1587 728 86 3
0 1588 805 594 3
0 1589 782 653 3
0 1590 842 631 3
0 1591 855 706 3
0 1592 872 799 3
0 1593 845 826 3
0 1594 843 864 3
0 1595 890 848 3
0 1596 889 883 3
0 1597 950 919 3
0 1598 932 883 3
0 1599 929 846 3
0 1600 930 804 3
0 1601 925 765 3
0 1602 933 726 3
0 1603 928 689 3
0 1604 958 690 3
0 1605 932 651 3
0 1606 929 612 3
0 1607 931 570 3
0 1608 929 535 3
0 1609 1001 514 3
0 1610 573 325 3
0 1611 611 474 3
0 1612 610 503 3
0 1613 601 575 3
0 1614 654 571 3
0 1615 640 648 3
0 1616 642 688 3
0 1617 638 728 3
0 1618 640 766 3
0 1619 641 805 3
0 1620 640 842 3
0 1621 641 883 3
0 1622 689 890 3
0 1623 689 843 3
0 1624 688 804 3
0 1625 729 863 3
0 1626 727 628 3
0 1627 896 1027 3
0 1628 881 971 3
0 1629 823 961 3
0 1630 746 958 3
0 1631 602 953 3
0 1632 599 1009 3
0 1633 828 1065 3
0 1634 803 1085 3
0 1635 824 1104 3
0 1636 825 1144 3
0 1637 823 1181 3
0 1638 823 1222 3
0 1639 825 1261 3
0 1640 821 1298 3
0 1641 822 1356 3
0 1642 843 1399 3
0 1643 882 1336 3
0 1644 881 1296 3
0 1645 882 1263 3
0 1646 880 1215 3
0 1647 880 1178 3
0 1648 882 1143 3
0 1649 882 1102 3
0 1650 879 1065 3
0 1651 750 1088 3
0 1652 753 1216 3
0 1653 754 1258 3
0 1654 773 1307 3
0 1655 747 1358 3
0 1656 710 1301 3
0 1657 709 1261 3
0 1658 707 1223 3
0 1659 706 1181 3
0 1660 707 1146 3
0 1661 704 1102 3
0 1662 708 1067 3
0 1663 638 1105 3
0 1664 639 1145 3
0 1665 641 1179 3
0 1666 637 1222 3
0 1667 638 1256 3
0 1668 639 1298 3
0 1669 640 1337 3
0 1670 640 1375 3
0 1671 641 1415 3
0 1672 602 1394 3
0 1673 638 1455 3
0 1674 1796 1505 2
0 1675 1756 1494 2
0 1676 1717 1484 2
0 1677 1679 1484 2
0 1678 1631 1473 2
0 1679 1533 1492 2
0 1680 1051 1481 3
0 1681 1002 1482 3
0 1682 811 1481 3
0 1683 1758 1524 2
0 1684 1719 1525 2
0 1685 1678 1524 2
0 1686 1640 1525 2
0 1687 1601 1522 2
0 1688 1563 1524 2
0 1689 1523 1524 2
0 1690 1485 1521 2
0 1691 1448 1524 2
0 1692 1408 1523 3
0 1693 1370 1524 3
0 1694 1332 1523 3
0 1695 1292 1524 3
0 1696 1252 1523 3
0 1697 1215 1523 3
0 1698 1175 1522 3
0 1699 1140 1523 3
0 1700 1097 1524 3
0 1701 1060 1522 3
0 1702 1022 1522 3
0 1703 982 1521 3
0 1704 947 1522 3
0 1705 905 1521 3
0 1706 865 1522 3
0 1707 829 1522 3
0 1708 790 1523 3
0 1709 752 1520 3
0 1710 713 1520 3
0 1711 675 1521 3
0 1712 634 1522 3
0 1713 597 1521 3
0 1714 557 1521 3
0 1715 1757 1647 4
0 1716 1759 1687 4
0 1717 1739 1773 4
0 1718 1720 1598 2
0 1719 1699 1744 4
0 1720 1679 1696 2
0 1721 1660 1559 2
0 1722 1640 1658 2
0 1723 1622 1820 4
0 1724 1606 1548 2
0 1725 1563 1551 3
0 1726 1574 1596 2
0 1727 1574 1763 2
0 1728 1548 1832 2
0 1729 1488 1562 2
0 1730 1451 1561 3
0 1731 1464 1610 3
0 1732 1488 1715 2
0 1733 1410 1627 3
0 1734 1411 1693 3
0 1735 1391 1776 3
0 1736 1370 1594 3
0 1737 1361 1626 3
0 1738 1334 1754 3
0 1739 1313 1783 3
0 1740 1274 1560 3
0 1741 1178 1813 3
0 1742 1140 1814 3
0 1743 1080 1693 3
0 1744 1042 1706 3
0 1745 1004 1636 3
0 1746 927 1618 3
0 1747 928 1667 3
0 1748 869 1743 3
0 1749 871 1842 3
0 1750 830 1765 3
0 1751 811 1642 3
0 1752 782 1630 3
0 1753 752 1611 3
0 1754 713 1570 3
0 1755 716 1842 3
0 1756 676 1751 3
0 1757 676 1821 3
0 1758 628 1762 3
0 1759 611 1716 3
0 1760 634 1596 3
0 1761 598 1607 3
0 1762 560 1646 3
0 1763 560 1685 3
0 1764 521 1784 3
0 1765 1756 1869 4
0 1766 1717 1869 2
0 1767 1680 1870 2
0 1768 1642 1871 2
0 1769 1602 1871 4
0 1770 1564 1871 2
0 1771 1526 1870 2
0 1772 1487 1871 2
0 1773 1448 1873 4
0 1774 1409 1871 3
0 1775 1369 1872 3
0 1776 1333 1872 3
0 1777 1294 1872 3
0 1778 1253 1873 3
0 1779 1218 1872 3
0 1780 1176 1870 3
0 1781 1139 1869 3
0 1782 1100 1872 3
0 1783 1061 1871 3
0 1784 1024 1869 3
0 1785 983 1871 3
0 1786 945 1870 3
0 1787 904 1870 3
0 1788 869 1870 3
0 1789 829 1870 3
0 1790 789 1872 3
0 1791 751 1867 3
0 1792 713 1872 3
0 1793 674 1868 3
0 1794 637 1869 3
0 1795 596 1871 3
0 1796 557 1872 3
0 1797 1642 1902 2
0 1798 1563 1899 4
0 1799 1456 1928 4
0 1800 1256 1899 3
0 1801 1234 1936 3
0 1802 1144 1909 3
0 1803 1102 1910 3
0 1804 1060 1909 3
0 1805 984 1898 3
0 1806 948 1909 3
0 1807 883 1927 3
0 1808 848 1907 3
0 1809 769 1906 3
0 1810 716 1899 3
0 1811 674 1908 3
0 1812 599 1908 3
0 1813 1475 1984 4
0 1814 1428 2007 4
0 1815 1429 2044 4
0 1816 1430 2082 4
0 1817 1430 2122 4
0 1818 1429 2160 4
0 1819 1429 2198 4
0 1820 1430 2238 4
0 1821 1429 2277 4
0 1822 1428 2314 4
0 1823 1432 2369 4
0 1824 1428 2391 4
0 1825 1429 2427 4
0 1826 1425 2493 4
0 1827 1380 2004 4
0 1828 1410 2102 4
0 1829 1380 2239 4
0 1830 1409 2370 4
0 1831 1352 2311 4
0 1832 1351 2340 4
0 1833 1351 2410 4
0 1834 1313 2156 4
0 1835 1270 2334 1
0 1836 1274 2490 1
0 1837 1379 2550 4
0 1838 1343 2547 4
0 1839 1362 2602 4
0 1840 1291 2527 1
0 1841 1265 2560 1
0 1842 1286 2635 1
0 1843 1363 2662 4
0 1844 1369 2701 4
0 1845 1394 2722 4
0 1846 1371 2740 4
0 1847 1370 2782 4
0 1848 1370 2817 1
0 1849 1369 2857 1
0 1850 1409 2886 1
0 1851 1369 2894 4
0 1852 1369 2935 4
0 1853 1273 2933 1
0 1854 1272 2893 1
0 1855 1273 2852 1
0 1856 1274 2814 1
0 1857 1275 2780 1
0 1858 1272 2737 1
0 1859 1271 2701 1
0 1860 1273 2664 1
0 1861 1234 2963 1
0 1862 1272 2961 1
0 1863 1390 2982 1
0 1864 1252 3025 1
0 1865 1343 3049 1
0 1866 1372 3087 1
0 1867 1372 3128 4
0 1868 1373 3166 4
0 1869 1371 3201 1
0 1870 1372 3240 4
0 1871 1369 3287 1
0 1872 1369 3317 4
0 1873 1374 3358 1
0 1874 1328 3417 1
0 1875 1294 3421 1
0 1876 1271 3357 1
0 1877 1276 3318 1
0 1878 1274 3278 1
0 1879 1233 3280 1
0 1880 1273 3239 1
0 1881 1275 3199 1
0 1882 1273 3164 1
0 1883 1276 3126 1
0 1884 1275 3085 1
0 1885 1224 3184 1
0 1886 1194 3144 1
0 1887 1320 3201 1
0 1888 1322 3260 1
0 1889 1392 3504 1
0 1890 1423 3532 1
0 1891 1399 3764 4
0 1892 1408 3862 1
0 1893 1439 3890 4
0 1894 1370 3528 1
0 1895 1370 3569 4
0 1896 1368 3612 4
0 1897 1369 3646 1
0 1898 1371 3683 4
0 1899 1370 3723 1
0 1900 1370 3765 4
0 1901 1367 3801 1
0 1902 1368 3840 1
0 1903 1367 3882 1
0 1904 1331 3871 1
0 1905 1332 3792 1
0 1906 1312 3586 1
0 1907 1274 3528 1
0 1908 1272 3567 1
0 1909 1272 3606 1
0 1910 1272 3648 1
0 1911 1273 3683 1
0 1912 1272 3722 1
0 1913 1273 3764 1
0 1914 1274 3808 1
0 1915 1274 3841 1
0 1916 1274 3879 1
0 1917 1234 2182 4
0 1918 1248 2241 1
0 1919 1226 2276 4
0 1920 1195 2006 3
0 1921 1198 2043 3
0 1922 1199 2079 1
0 1923 1197 2119 1
0 1924 1199 2162 1
0 1925 1196 2200 1
0 1926 1198 2238 4
0 1927 1195 2278 1
0 1928 1197 2317 1
0 1929 1198 2357 4
0 1930 1196 2392 1
0 1931 1197 2432 4
0 1932 1206 2489 4
0 1933 1157 2003 1
0 1934 1157 2042 3
0 1935 1158 2081 3
0 1936 1158 2118 1
0 1937 1159 2162 1
0 1938 1156 2200 1
0 1939 1156 2240 1
0 1940 1156 2278 1
0 1941 1159 2315 1
0 1942 1157 2351 1
0 1943 1160 2393 1
0 1944 1159 2431 1
0 1945 1155 2472 1
0 1946 1161 2509 1
0 1947 1119 2470 1
0 1948 1191 2576 1
0 1949 1119 2573 1
0 1950 1194 2740 1
0 1951 1155 2661 1
0 1952 1159 2700 1
0 1953 1159 2738 1
0 1954 1160 2776 1
0 1955 1161 2815 1
0 1956 1159 2854 1
0 1957 1157 2892 1
0 1958 1163 2929 1
0 1959 1108 2815 1
0 1960 1108 2912 1
0 1961 1082 2758 1
0 1962 1062 2657 1
0 1963 1063 2701 1
0 1964 1064 2739 1
0 1965 1062 2776 1
0 1966 1063 2816 1
0 1967 1061 2850 1
0 1968 1060 2894 1
0 1969 1059 2933 1
0 1970 1176 3028 1
0 1971 1158 3088 1
0 1972 1160 3126 1
0 1973 1155 3166 1
0 1974 1158 3201 1
0 1975 1159 3242 1
0 1976 1157 3282 1
0 1977 1158 3320 1
0 1978 1158 3356 1
0 1979 1109 3068 1
0 1980 1121 3105 1
0 1981 1097 3206 1
0 1982 1064 3088 1
0 1983 1062 3131 1
0 1984 1064 3162 1
0 1985 1062 3203 1
0 1986 1061 3241 1
0 1987 1059 3280 1
0 1988 1061 3320 1
0 1989 1062 3357 1
0 1990 1213 3625 1
0 1991 1224 3667 1
0 1992 1186 3743 1
0 1993 1204 3783 1
0 1994 1157 3530 1
0 1995 1158 3569 1
0 1996 1159 3611 1
0 1997 1160 3645 1
0 1998 1153 3686 1
0 1999 1158 3729 1
0 2000 1158 3765 1
0 2001 1156 3801 1
0 2002 1157 3843 1
0 2003 1157 3880 1
0 2004 1118 3501 1
0 2005 1118 3794 1
0 2006 1118 3870 1
0 2007 1059 3529 1
0 2008 1061 3568 1
0 2009 1063 3607 1
0 2010 1062 3647 1
0 2011 1061 3682 1
0 2012 1062 3730 1
0 2013 1059 3763 1
0 2014 1061 3801 1
0 2015 1059 3842 1
0 2016 1060 3880 1
0 2017 954 1976 3
0 2018 955 2023 3
0 2019 1083 2026 3
0 2020 1073 2061 1
0 2021 1012 2100 3
0 2022 1072 2198 1
0 2023 981 2279 1
0 2024 1050 2507 1
0 2025 964 2624 1
0 2026 1005 2681 1
0 2027 984 2719 1
0 2028 1031 3009 1
0 2029 1004 3059 1
0 2030 970 3018 1
0 2031 1003 3426 1
0 2032 968 3425 1
0 2033 928 2006 3
0 2034 928 2048 1
0 2035 928 2081 3
0 2036 927 2122 3
0 2037 927 2159 1
0 2038 928 2200 1
0 2039 925 2241 3
0 2040 927 2276 1
0 2041 926 2317 1
0 2042 928 2354 1
0 2043 926 2391 1
0 2044 929 2429 1
0 2045 926 2469 1
0 2046 924 2508 1
0 2047 886 2003 3
0 2048 889 2045 3
0 2049 888 2083 1
0 2050 888 2120 1
0 2051 889 2159 1
0 2052 887 2201 1
0 2053 886 2241 1
0 2054 890 2276 1
0 2055 886 2315 1
0 2056 888 2353 1
0 2057 888 2392 1
0 2058 886 2430 1
0 2059 887 2468 1
0 2060 889 2509 1
0 2061 910 2588 1
0 2062 947 2662 1
0 2063 869 2633 1
0 2064 947 2659 1
0 2065 946 2700 1
0 2066 946 2740 1
0 2067 946 2777 1
0 2068 947 2815 1
0 2069 945 2856 1
0 2070 947 2894 1
0 2071 944 2932 1
0 2072 847 2929 1
0 2073 848 2891 1
0 2074 850 2854 1
0 2075 847 2813 1
0 2076 848 2775 1
0 2077 847 2736 1
0 2078 849 2699 1
0 2079 849 2665 1
0 2080 863 2987 1
0 2081 867 3019 1
0 2082 944 3021 1
0 2083 941 3088 1
0 2084 944 3127 1
0 2085 945 3160 1
0 2086 945 3203 1
0 2087 943 3242 1
0 2088 945 3275 1
0 2089 946 3321 1
0 2090 945 3359 1
0 2091 849 3087 1
0 2092 849 3125 1
0 2093 850 3162 1
0 2094 848 3202 1
0 2095 850 3242 1
0 2096 850 3283 1
0 2097 853 3319 1
0 2098 938 3441 1
0 2099 910 3440 1
0 2100 943 3530 1
0 2101 947 3570 1
0 2102 943 3609 1
0 2103 946 3647 1
0 2104 947 3683 1
0 2105 947 3725 1
0 2106 947 3761 1
0 2107 946 3803 1
0 2108 946 3843 1
0 2109 946 3883 1
0 2110 904 3703 1
0 2111 928 3742 1
0 2112 904 3793 1
0 2113 895 3834 1
0 2114 897 3859 1
0 2115 867 3522 1
0 2116 848 3607 1
0 2117 848 3647 1
0 2118 849 3683 1
0 2119 848 3727 1
0 2120 852 3757 1
0 2121 850 3800 1
0 2122 849 3841 1
0 2123 850 3878 1
0 2124 826 3821 1
0 2125 811 3858 1
0 2126 694 1955 3
0 2127 824 1976 3
0 2128 804 2041 1
0 2129 793 2081 3
0 2130 762 2117 3
0 2131 803 2142 1
0 2132 750 2159 1
0 2133 773 2180 1
0 2134 861 2487 1
0 2135 831 2503 1
0 2136 842 2583 1
0 2137 759 2718 1
0 2138 791 2779 1
0 2139 780 2967 1
0 2140 829 3000 1
0 2141 808 3237 1
0 2142 819 3279 1
0 2143 760 3319 1
0 2144 780 3424 1
0 2145 808 3444 1
0 2146 785 3527 1
0 2147 780 3572 1
0 2148 748 3550 1
0 2149 750 3708 1
0 2150 655 1966 3
0 2151 656 2011 1
0 2152 655 2040 1
0 2153 656 2082 3
0 2154 658 2123 1
0 2155 656 2160 1
0 2156 656 2198 3
0 2157 658 2239 1
0 2158 657 2274 1
0 2159 657 2314 1
0 2160 657 2356 1
0 2161 657 2390 1
0 2162 654 2430 1
0 2163 655 2469 1
0 2164 656 2509 1
0 2165 599 2004 3
0 2166 597 2042 3
0 2167 598 2081 3
0 2168 596 2122 3
0 2169 598 2161 1
0 2170 599 2196 1
0 2171 600 2239 1
0 2172 597 2278 1
0 2173 597 2317 1
0 2174 598 2354 1
0 2175 597 2393 1
0 2176 598 2432 1
0 2177 597 2516 1
0 2178 598 2551 1
0 2179 734 2663 1
0 2180 735 2701 1
0 2181 735 2741 1
0 2182 735 2780 1
0 2183 735 2814 1
0 2184 734 2851 1
0 2185 732 2896 1
0 2186 734 2932 1
0 2187 704 2834 1
0 2188 680 2771 1
0 2189 689 2693 1
0 2190 697 2630 1
0 2191 657 2881 1
0 2192 639 2595 1
0 2193 636 2631 1
0 2194 639 2673 1
0 2195 637 2708 1
0 2196 635 2748 1
0 2197 635 2787 1
0 2198 635 2822 1
0 2199 636 2863 1
0 2200 636 2902 1
0 2201 636 2944 1
0 2202 598 2592 1
0 2203 600 2629 1
0 2204 596 2671 1
0 2205 598 2707 1
0 2206 596 2748 1
0 2207 596 2787 1
0 2208 597 2825 1
0 2209 598 2863 1
0 2210 595 2900 1
0 2211 595 2943 1
0 2212 733 3020 1
0 2213 628 2998 1
0 2214 547 3010 1
0 2215 734 3087 1
0 2216 733 3125 1
0 2217 736 3164 1
0 2218 732 3202 1
0 2219 732 3237 1
0 2220 733 3277 1
0 2221 734 3320 1
0 2222 703 3459 1
0 2223 692 3587 1
0 2224 733 3607 1
0 2225 731 3644 1
0 2226 733 3687 1
0 2227 734 3723 1
0 2228 732 3767 1
0 2229 732 3804 1
0 2230 734 3844 1
0 2231 733 3880 1
0 2232 674 3086 1
0 2233 676 3122 1
0 2234 674 3169 1
0 2235 674 3199 1
0 2236 672 3241 1
0 2237 675 3279 1
0 2238 677 3320 1
0 2239 676 3359 1
0 2240 675 3396 1
0 2241 674 3436 1
0 2242 666 3472 1
0 2243 676 3531 1
0 2244 675 3571 1
0 2245 672 3609 1
0 2246 674 3648 1
0 2247 675 3684 1
0 2248 675 3726 1
0 2249 674 3764 1
0 2250 674 3802 1
0 2251 674 3844 1
0 2252 676 3877 1
0 2253 578 3144 1
0 2254 620 3223 1
0 2255 640 3271 1
0 2256 607 3341 1
0 2257 636 3439 1
0 2258 597 3533 1
0 2259 609 3940 1
0 2260 438 49 3
0 2261 417 284 3
0 2262 457 122 3
0 2263 453 162 3
0 2264 454 202 3
0 2265 456 242 3
0 2266 457 282 3
0 2267 457 320 3
0 2268 456 361 3
0 2269 484 185 3
0 2270 524 122 3
0 2271 525 166 3
0 2272 526 204 3
0 2273 523 245 3
0 2274 524 283 3
0 2275 526 323 3
0 2276 524 361 3
0 2277 559 390 3
0 2278 390 410 3
0 2279 363 47 3
0 2280 339 124 3
0 2281 340 165 3
0 2282 340 204 3
0 2283 342 243 3
0 2284 341 282 3
0 2285 341 323 3
0 2286 342 359 3
0 2287 322 48 3
0 2288 302 127 3
0 2289 300 163 3
0 2290 302 203 3
0 2291 301 244 3
0 2292 302 285 3
0 2293 305 325 3
0 2294 304 362 3
0 2295 247 382 3
0 2296 223 282 3
0 2297 212 110 3
0 2298 233 50 3
0 2299 169 41 3
0 2300 186 128 3
0 2301 186 164 3
0 2302 186 203 3
0 2303 189 246 3
0 2304 186 285 3
0 2305 186 322 3
0 2306 188 361 3
0 2307 148 358 3
0 2308 147 322 3
0 2309 147 287 3
0 2310 150 244 3
0 2311 149 207 3
0 2312 149 166 3
0 2313 149 129 3
0 2314 111 168 3
0 2315 91 51 3
0 2316 54 48 3
0 2317 33 126 3
0 2318 33 167 3
0 2319 35 118 3
0 2320 35 248 3
0 2321 33 360 3
0 2322 31 364 3
0 2323 33 368 3
0 2324 34 372 3
0 2325 33 323 3
0 2326 34 362 3
0 2327 63 360 3
0 2328 90 324 3
0 2329 534 473 3
0 2330 529 610 3
0 2331 494 504 3
0 2332 467 475 3
0 2333 437 532 3
0 2334 454 603 3
0 2335 397 524 3
0 2336 415 479 3
0 2337 366 604 3
0 2338 322 524 3
0 2339 312 465 3
0 2340 272 522 3
0 2341 273 571 3
0 2342 262 436 3
0 2343 229 452 3
0 2344 224 484 3
0 2345 119 573 3
0 2346 117 526 3
0 2347 54 574 3
0 2348 52 493 3
0 2349 64 453 3
0 2350 4 554 3
0 2351 -47 512 3
0 2352 4 602 3
0 2353 34 632 3
0 2354 12 666 3
0 2355 550 691 3
0 2356 525 650 3
0 2357 525 689 3
0 2358 521 729 3
0 2359 523 766 3
0 2360 523 805 3
0 2361 521 841 3
0 2362 527 884 3
0 2363 455 1299 3
0 2364 427 884 3
0 2365 428 843 3
0 2366 429 804 3
0 2367 428 768 3
0 2368 427 728 3
0 2369 426 685 3
0 2370 430 648 3
0 2371 370 725 3
0 2372 387 781 3
0 2373 367 823 3
0 2374 311 883 3
0 2375 311 839 3
0 2376 313 801 3
0 2377 313 767 3
0 2378 309 724 3
0 2379 311 685 3
0 2380 316 649 3
0 2381 234 650 3
0 2382 234 685 3
0 2383 234 724 3
0 2384 212 745 3
0 2385 233 764 3
0 2386 233 802 3
0 2387 235 843 3
0 2388 236 885 3
0 2389 158 670 3
0 2390 117 646 3
0 2391 118 688 3
0 2392 119 728 3
0 2393 118 767 3
0 2394 120 805 3
0 2395 119 842 3
0 2396 120 882 3
0 2397 544 1038 3
0 2398 522 951 3
0 2399 477 1046 3
0 2400 475 979 3
0 2401 449 1050 3
0 2402 396 976 3
0 2403 299 941 3
0 2404 243 918 3
0 2405 262 991 3
0 2406 214 951 3
0 2407 205 987 3
0 2408 225 1026 3
0 2409 166 979 3
0 2410 127 1015 3
0 2411 106 972 3
0 2412 89 1017 3
0 2413 23 968 3
0 2414 -61 801 3
0 2415 -57 32 3
0 2416 523 1103 3
0 2417 524 1143 3
0 2418 523 1183 3
0 2419 522 1223 3
0 2420 523 1256 3
0 2421 523 1296 3
0 2422 523 1337 3
0 2423 523 1377 3
0 2424 526 1415 3
0 2425 523 1454 3
0 2426 476 1084 3
0 2427 476 1121 3
0 2428 475 1162 3
0 2429 475 1199 3
0 2430 477 1241 3
0 2431 474 1277 3
0 2432 475 1316 3
0 2433 478 1355 3
0 2434 478 1394 3
0 2435 475 1431 3
0 2436 475 1473 3
0 2437 878 1506 3
0 2438 474 1549 3
0 2439 475 1587 3
0 2440 475 1625 3
0 2441 478 1665 3
0 2442 475 1706 3
0 2443 475 1743 3
0 2444 476 1781 3
0 2445 476 1830 3
0 2446 476 1912 3
0 2447 436 1087 3
0 2448 439 1123 3
0 2449 438 1160 3
0 2450 434 1202 3
0 2451 436 1238 3
0 2452 435 1281 3
0 2453 436 1320 3
0 2454 435 1357 3
0 2455 436 1396 3
0 2456 436 1435 3
0 2457 438 1473 3
0 2458 435 1502 3
0 2459 435 1552 3
0 2460 434 1587 3
0 2461 436 1627 3
0 2462 438 1665 3
0 2463 437 1703 3
0 2464 437 1744 3
0 2465 438 1781 3
0 2466 438 1822 3
0 2467 437 1862 3
0 2468 434 1900 3
0 2469 391 1086 3
0 2470 377 1192 3
0 2471 385 1230 3
0 2472 367 1268 3
0 2473 378 1551 3
0 2474 358 1841 3
0 2475 346 1899 3
0 2476 317 1122 3
0 2477 322 1162 3
0 2478 322 1200 3
0 2479 319 1239 3
0 2480 321 1277 3
0 2481 319 1317 3
0 2482 321 1353 3
0 2483 321 1394 3
0 2484 320 1430 3
0 2485 320 1471 3
0 2486 320 1550 3
0 2487 321 1590 3
0 2488 318 1625 3
0 2489 319 1664 3
0 2490 320 1704 3
0 2491 321 1743 3
0 2492 319 1784 3
0 2493 321 1821 3
0 2494 321 1859 3
0 2495 319 1899 3
0 2496 279 1061 3
0 2497 283 1122 3
0 2498 281 1161 3
0 2499 281 1198 3
0 2500 280 1240 3
0 2501 282 1274 3
0 2502 281 1318 3
0 2503 281 1355 3
0 2504 281 1395 3
0 2505 281 1435 3
0 2506 283 1473 3
0 2507 281 1550 3
0 2508 281 1584 3
0 2509 282 1626 3
0 2510 281 1667 3
0 2511 281 1704 3
0 2512 281 1743 3
0 2513 284 1783 3
0 2514 283 1822 3
0 2515 282 1860 3
0 2516 282 1900 3
0 2517 216 1181 3
0 2518 246 1373 3
0 2519 241 1433 3
0 2520 230 1471 3
0 2521 260 1514 3
0 2522 236 1541 3
0 2523 235 1838 3
0 2524 205 1063 3
0 2525 167 1100 3
0 2526 170 1131 3
0 2527 166 1084 3
0 2528 165 1202 3
0 2529 167 1239 3
0 2530 187 1260 3
0 2531 168 1281 3
0 2532 167 1315 3
0 2533 165 1360 3
0 2534 168 1391 3
0 2535 167 1434 3
0 2536 170 1471 3
0 2537 167 1550 3
0 2538 166 1587 3
0 2539 165 1626 3
0 2540 167 1665 3
0 2541 167 1711 3
0 2542 169 1743 3
0 2543 167 1781 3
0 2544 167 1820 3
0 2545 168 1858 3
0 2546 167 1901 3
0 2547 131 1055 3
0 2548 129 1094 3
0 2549 128 1132 3
0 2550 125 1172 3
0 2551 128 1213 3
0 2552 126 1250 3
0 2553 128 1290 3
0 2554 123 1327 3
0 2555 127 1367 3
0 2556 128 1405 3
0 2557 129 1443 3
0 2558 127 1485 3
0 2559 128 1522 3
0 2560 131 1560 3
0 2561 129 1599 3
0 2562 130 1638 3
0 2563 130 1678 3
0 2564 127 1713 3
0 2565 128 1753 3
0 2566 91 1058 3
0 2567 89 1097 3
0 2568 87 1131 3
0 2569 87 1169 3
0 2570 86 1211 3
0 2571 86 1248 3
0 2572 90 1292 3
0 2573 87 1240 3
0 2574 90 1369 3
0 2575 86 1408 3
0 2576 88 1445 3
0 2577 90 1483 3
0 2578 91 1520 3
0 2579 88 1558 3
0 2580 94 1606 3
0 2581 91 1639 3
0 2582 88 1676 3
0 2583 89 1629 3
0 2584 89 1758 3
0 2585 53 1057 3
0 2586 49 1094 3
0 2587 49 1135 3
0 2588 51 1175 3
0 2589 51 1213 3
0 2590 49 1251 3
0 2591 50 1288 3
0 2592 50 1328 3
0 2593 51 1366 3
0 2594 49 1404 3
0 2595 51 1444 3
0 2596 50 1483 3
0 2597 51 1522 3
0 2598 50 1558 3
0 2599 53 1600 3
0 2600 50 1637 3
0 2601 50 1673 3
0 2602 47 1712 3
0 2603 50 1754 3
0 2604 49 1795 3
0 2605 11 1055 3
0 2606 16 1095 3
0 2607 12 1134 3
0 2608 13 1173 3
0 2609 15 1210 3
0 2610 12 1249 3
0 2611 11 1289 3
0 2612 14 1328 3
0 2613 13 1368 3
0 2614 14 1406 3
0 2615 16 1441 3
0 2616 13 1482 3
0 2617 14 1521 3
0 2618 10 1561 3
0 2619 12 1594 3
0 2620 10 1637 3
0 2621 15 1678 3
0 2622 15 1714 3
0 2623 11 1753 3
0 2624 11 1793 3
0 2625 21 1882 3
0 2626 88 1327 3
0 2627 88 1712 3
0 2628 503 2002 1
0 2629 512 2040 3
0 2630 542 2099 1
0 2631 521 2140 3
0 2632 534 2179 1
0 2633 484 2098 1
0 2634 434 2062 3
0 2635 414 2020 1
0 2636 394 2137 3
0 2637 426 2198 1
0 2638 463 2277 1
0 2639 484 2313 1
0 2640 415 2292 1
0 2641 435 2373 1
0 2642 436 2437 1
0 2643 463 2438 1
0 2644 494 2458 1
0 2645 484 2516 1
0 2646 484 2552 1
0 2647 483 2592 1
0 2648 483 2630 1
0 2649 484 2671 1
0 2650 483 2707 1
0 2651 484 2748 1
0 2652 482 2784 1
0 2653 482 2824 1
0 2654 484 2863 1
0 2655 485 2903 1
0 2656 483 2939 1
0 2657 521 2941 1
0 2658 520 2899 1
0 2659 523 2862 1
0 2660 521 2823 1
0 2661 521 2787 1
0 2662 524 2745 1
0 2663 520 2709 1
0 2664 521 2669 1
0 2665 522 2631 1
0 2666 520 2593 1
0 2667 473 3011 1
0 2668 337 1933 3
0 2669 359 1964 3
0 2670 368 2001 1
0 2671 368 2039 3
0 2672 367 2079 3
0 2673 367 2118 1
0 2674 368 2160 1
0 2675 367 2197 1
0 2676 367 2238 3
0 2677 368 2275 1
0 2678 368 2313 1
0 2679 370 2351 1
0 2680 369 2392 1
0 2681 365 2427 1
0 2682 322 2080 1
0 2683 319 2118 1
0 2684 318 2156 1
0 2685 319 2199 1
0 2686 318 2233 1
0 2687 319 2274 1
0 2688 319 2315 1
0 2689 318 2352 1
0 2690 319 2394 1
0 2691 318 2428 1
0 2692 290 1972 3
0 2693 281 1999 3
0 2694 282 2042 1
0 2695 280 2078 3
0 2696 278 2115 1
0 2697 280 2161 3
0 2698 280 2195 1
0 2699 279 2236 1
0 2700 281 2278 1
0 2701 280 2312 1
0 2702 281 2355 1
0 2703 280 2392 1
0 2704 277 2427 1
0 2705 348 2503 1
0 2706 385 2524 1
0 2707 387 2554 1
0 2708 365 2582 1
0 2709 376 2622 1
0 2710 394 2750 1
0 2711 395 2952 1
0 2712 308 2526 1
0 2713 279 2527 1
0 2714 280 2563 1
0 2715 321 2604 1
0 2716 283 2600 1
0 2717 316 2640 1
0 2718 282 2640 1
0 2719 321 2680 1
0 2720 280 2679 1
0 2721 320 2717 1
0 2722 282 2717 1
0 2723 320 2757 1
0 2724 279 2755 1
0 2725 318 2798 1
0 2726 283 2794 1
0 2727 319 2833 1
0 2728 281 2832 1
0 2729 318 2870 1
0 2730 282 2869 1
0 2731 321 2910 1
0 2732 280 2910 1
0 2733 320 2949 1
0 2734 281 2949 1
0 2735 557 3089 1
0 2736 559 3125 1
0 2737 556 3164 1
0 2738 558 3201 1
0 2739 558 3240 1
0 2740 559 3279 1
0 2741 558 3317 1
0 2742 559 3356 1
0 2743 561 3393 1
0 2744 560 3437 1
0 2745 490 3277 1
0 2746 463 3085 1
0 2747 462 3122 1
0 2748 464 3163 1
0 2749 463 3200 1
0 2750 461 3235 1
0 2751 464 3278 1
0 2752 462 3316 1
0 2753 464 3355 1
0 2754 463 3395 1
0 2755 464 3434 1
0 2756 558 3532 1
0 2757 559 3568 1
0 2758 559 3604 1
0 2759 562 3645 1
0 2760 558 3685 1
0 2761 561 3724 1
0 2762 558 3766 1
0 2763 559 3800 1
0 2764 560 3839 1
0 2765 561 3879 1
0 2766 520 3760 1
0 2767 509 3800 1
0 2768 511 3840 1
0 2769 509 3879 1
0 2770 460 3489 1
0 2771 443 3519 1
0 2772 452 3565 1
0 2773 464 3606 1
0 2774 463 3644 1
0 2775 461 3685 1
0 2776 462 3721 1
0 2777 463 3761 1
0 2778 462 3801 1
0 2779 462 3840 1
0 2780 462 3877 1
0 2781 444 3036 1
0 2782 357 3037 1
0 2783 394 3260 1
0 2784 397 3339 1
0 2785 396 3418 1
0 2786 384 3512 1
0 2787 388 3548 1
0 2788 374 3609 1
0 2789 403 3646 1
0 2790 424 3687 1
0 2791 406 3743 1
0 2792 405 3906 1
0 2793 442 3919 1
0 2794 344 3087 1
0 2795 349 3124 1
0 2796 346 3162 1
0 2797 347 3201 1
0 2798 348 3238 1
0 2799 347 3275 1
0 2800 346 3317 1
0 2801 349 3358 1
0 2802 347 3397 1
0 2803 349 3432 1
0 2804 349 3477 1
0 2805 347 3511 1
0 2806 348 3547 1
0 2807 346 3604 1
0 2808 346 3643 1
0 2809 347 3687 1
0 2810 348 3724 1
0 2811 346 3762 1
0 2812 348 3798 1
0 2813 344 3839 1
0 2814 347 3876 1
0 2815 324 3413 1
0 2816 307 3501 1
0 2817 296 3558 1
0 2818 327 3629 1
0 2819 296 3743 1
0 2820 270 3124 1
0 2821 272 3161 1
0 2822 269 3197 1
0 2823 272 3238 1
0 2824 270 3279 1
0 2825 271 3318 1
0 2826 273 3356 1
0 2827 250 3220 1
0 2828 231 3288 1
0 2829 221 3338 1
0 2830 242 3377 1
0 2831 263 3453 1
0 2832 252 3529 1
0 2833 212 3470 1
0 2834 211 3514 1
0 2835 272 3587 1
0 2836 270 3624 1
0 2837 268 3665 1
0 2838 270 3706 1
0 2839 270 3742 1
0 2840 270 3784 1
0 2841 270 3820 1
0 2842 270 3858 1
0 2843 271 3916 1
0 2844 213 3824 1
0 2845 194 3917 1
0 2846 223 2021 3
0 2847 222 2140 3
0 2848 234 2410 1
0 2849 231 2490 1
0 2850 202 2079 1
0 2851 203 2120 3
0 2852 202 2159 1
0 2853 203 2197 1
0 2854 201 2237 1
0 2855 204 2274 1
0 2856 204 2316 3
0 2857 202 2353 1
0 2858 200 2392 1
0 2859 204 2428 1
0 2860 203 2602 1
0 2861 204 2643 1
0 2862 205 2699 1
0 2863 205 2721 1
0 2864 204 2759 1
0 2865 204 2799 1
0 2866 204 2836 1
0 2867 203 2877 1
0 2868 204 2913 1
0 2869 204 2953 1
0 2870 164 2003 3
0 2871 165 2042 3
0 2872 165 2081 1
0 2873 164 2120 3
0 2874 164 2159 3
0 2875 165 2197 1
0 2876 164 2233 1
0 2877 164 2274 1
0 2878 166 2315 1
0 2879 165 2351 1
0 2880 164 2392 1
0 2881 164 2430 1
0 2882 165 2487 1
0 2883 164 2523 1
0 2884 166 2567 1
0 2885 165 2602 1
0 2886 166 2643 1
0 2887 163 2683 1
0 2888 165 2721 1
0 2889 165 2759 1
0 2890 164 2799 1
0 2891 163 2837 1
0 2892 166 2869 1
0 2893 166 2911 1
0 2894 164 2954 1
0 2895 128 2080 3
0 2896 127 2140 3
0 2897 127 2180 1
0 2898 125 2219 1
0 2899 125 2258 1
0 2900 127 2296 1
0 2901 125 2158 1
0 2902 128 2373 1
0 2903 127 2416 1
0 2904 126 2448 1
0 2905 128 2489 1
0 2906 127 2528 1
0 2907 127 2564 1
0 2908 126 2607 1
0 2909 127 2642 1
0 2910 126 2683 1
0 2911 126 2720 1
0 2912 128 2760 1
0 2913 127 2796 1
0 2914 124 2834 1
0 2915 127 2874 1
0 2916 129 2914 1
0 2917 78 1990 3
0 2918 88 2137 3
0 2919 90 2177 3
0 2920 87 2218 1
0 2921 87 2258 1
0 2922 90 2298 1
0 2923 91 2343 1
0 2924 90 2373 1
0 2925 92 2420 1
0 2926 89 2449 1
0 2927 87 2489 1
0 2928 86 2524 1
0 2929 90 2565 1
0 2930 88 2604 1
0 2931 89 2643 1
0 2932 87 2679 1
0 2933 89 2718 1
0 2934 89 2757 1
0 2935 90 2806 1
0 2936 88 2835 1
0 2937 87 2872 1
0 2938 88 2911 1
0 2939 50 2137 3
0 2940 50 2176 3
0 2941 51 2216 1
0 2942 49 2257 3
0 2943 50 2294 1
0 2944 49 2334 1
0 2945 49 2370 1
0 2946 48 2408 1
0 2947 50 2449 1
0 2948 50 2489 1
0 2949 50 2525 1
0 2950 49 2564 1
0 2951 50 2603 1
0 2952 50 2643 1
0 2953 49 2681 1
0 2954 50 2717 1
0 2955 50 2757 1
0 2956 51 2796 1
0 2957 49 2834 1
0 2958 49 2874 1
0 2959 -23 1994 3
0 2960 10 2137 3
0 2961 12 2178 3
0 2962 11 2217 3
0 2963 11 2256 3
0 2964 11 2292 3
0 2965 11 2333 1
0 2966 13 2378 1
0 2967 10 2411 1
0 2968 9 2448 1
0 2969 10 2484 1
0 2970 9 2524 1
0 2971 11 2563 1
0 2972 10 2601 1
0 2973 10 2640 1
0 2974 11 2682 1
0 2975 9 2718 1
0 2976 10 2754 1
0 2977 10 2801 1
0 2978 10 2834 1
0 2979 11 2872 1
0 2980 126 2334 3
0 2981 173 3143 1
0 2982 174 3184 1
0 2983 155 3123 1
0 2984 154 3162 1
0 2985 156 3203 1
0 2986 154 3241 1
0 2987 154 3278 1
0 2988 154 3314 1
0 2989 156 3355 1
0 2990 153 3397 1
0 2991 136 3468 1
0 2992 135 3510 1
0 2993 155 3551 1
0 2994 156 3591 1
0 2995 155 3627 1
0 2996 155 3665 1
0 2997 154 3707 1
0 2998 152 3744 1
0 2999 156 3791 1
0 3000 155 3822 1
0 3001 157 3861 1
0 3002 115 3547 1
0 3003 114 3585 1
0 3004 114 3600 1
0 3005 113 3610 1
0 3006 113 3624 1
0 3007 112 3663 1
0 3008 112 3699 1
0 3009 112 3739 1
0 3010 112 3779 1
0 3011 116 3819 1
0 3012 113 3858 1
0 3013 114 3898 1
0 3014 105 3102 1
0 3015 103 3159 1
0 3016 107 3256 1
0 3017 105 3295 1
0 3018 105 3375 1
0 3019 66 3215 1
0 3020 64 3374 1
0 3021 75 3462 1
0 3022 36 3460 1
0 3023 75 3546 1
0 3024 37 3547 1
0 3025 76 3624 1
0 3026 35 3622 1
0 3027 77 3702 1
0 3028 37 3701 1
0 3029 77 3778 1
0 3030 37 3780 1
0 3031 78 3858 1
0 3032 36 3856 1
0 3033 -4 3873 1
0 3034 17 2052 3
0 3035 16 2962 1
0 3036 -66 3134 1
0 3037 -68 3905 1
0 3038 38 3941 1
