1 2898 125 2219 4
1 2011 1061 3682 4
1 2982 174 3184 4
1 1989 1062 3357 4
1 2664 521 2669 4
1 2091 849 3087 4
1 2737 556 3164 4
1 2932 87 2679 4
1 2850 202 2079 4
1 1953 1159 2738 4
1 2818 327 3629 4
1 2830 242 3377 4
1 2972 10 2601 4
1 2996 155 3665 4
1 2848 234 2410 4
1 2936 88 2835 4
1 2828 231 3288 4
1 2644 494 2458 4
1 2990 153 3397 4
1 2174 598 2354 4
1 2239 676 3359 4
1 2684 318 2156 4
1 2097 853 3319 4
1 2909 127 2642 4
1 2804 349 3477 4
1 2205 598 2707 4
1 2923 91 2343 4
1 2832 252 3529 4
1 2861 204 2643 4
1 2659 523 2862 4
1 2140 829 3000 4
1 2807 346 3604 4
1 2892 166 2869 4
1 2084 944 3127 4
1 2902 128 2373 4
1 2799 347 3275 4
1 2866 204 2836 4
1 2844 213 3824 4
1 2179 734 2663 4
1 2656 483 2939 4
1 2790 424 3687 4
1 2681 365 2427 4
1 1933 1157 2003 4
1 1891 1399 3764 2
1 2160 657 2356 4
1 2825 271 3318 4
1 2638 463 2277 4
1 2929 90 2565 4
1 2120 852 3757 4
1 2729 318 2870 4
1 2824 270 3279 4
1 2657 521 2941 4
1 2802 347 3397 4
1 2256 607 3341 4
1 2774 463 3644 4
1 2662 524 2745 4
1 2175 597 2393 4
1 2756 558 3532 4
1 2005 1118 3794 4
1 1918 1248 2241 4
1 2660 521 2823 4
1 2057 888 2392 4
1 2023 981 2279 4
1 2102 943 3609 4
1 2877 164 2274 4
1 2024 1050 2507 4
1 1969 1059 2933 4
1 2049 888 2083 4
1 2794 344 3087 4
1 2931 89 2643 4
1 2811 346 3762 4
1 1910 1272 3648 4
1 2213 628 2998 4
1 2922 90 2298 4
1 1922 1199 2079 4
1 3028 37 3701 4
1 2640 415 2292 4
1 2113 895 3834 4
1 2699 279 2236 4
1 1896 1368 3612 2
1 2855 204 2274 4
1 2646 484 2552 4
1 1972 1160 3126 4
1 2128 804 2041 4
1 2073 848 2891 4
1 1904 1331 3871 4
1 2234 674 3169 4
1 2798 348 3238 4
1 2930 88 2604 4
1 2670 368 2001 4
1 2112 904 3793 4
1 1909 1272 3606 4
1 2863 205 2721 4
1 2147 780 3572 4
1 2193 636 2631 4
1 2868 204 2913 4
1 2187 704 2834 4
1 2134 861 2487 4
1 2137 759 2718 4
1 2775 461 3685 4
1 2867 203 2877 4
1 2144 780 3424 4
1 2948 50 2489 4
1 2199 636 2863 4
1 2704 277 2427 4
1 2089 946 3321 4
1 2760 558 3685 4
1 2795 349 3124 4
1 2784 397 3339 4
1 2678 368 2313 4
1 3020 64 3374 4
1 2708 365 2582 4
1 2630 542 2099 4
1 1924 1199 2162 4
1 1895 1370 3569 2
1 2038 928 2200 4
1 2088 945 3275 4
1 2008 1061 3568 4
1 2884 166 2567 4
1 1947 1119 2470 4
1 3008 112 3699 4
1 1842 1286 2635 4
1 1964 1064 2739 4
1 2225 731 3644 4
1 2916 129 2914 4
1 2682 322 2080 4
1 2203 600 2629 4
1 1957 1157 2892 4
1 1886 1194 3144 4
1 1940 1156 2278 4
1 1900 1370 3765 2
1 2787 388 3548 4
1 1973 1155 3166 4
1 2135 831 2503 4
1 1913 1273 3764 4
1 3024 37 3547 4
1 2202 598 2592 4
1 2822 269 3197 4
1 2062 947 2662 4
1 2727 319 2833 4
1 2673 367 2118 4
1 2801 349 3358 4
1 2957 49 2834 4
1 2009 1063 3607 4
1 1939 1156 2240 4
1 2119 848 3727 4
1 2885 165 2602 4
1 2180 735 2701 4
1 1974 1158 3201 4
1 2250 674 3802 4
1 2766 520 3760 4
1 1878 1274 3278 4
1 2897 127 2180 4
1 2658 520 2899 4
1 1995 1158 3569 4
1 2893 166 2911 4
1 2136 842 2583 4
1 1975 1159 3242 4
1 2770 460 3489 4
1 2912 128 2760 4
1 2228 732 3767 4
1 2688 319 2315 4
1 2189 689 2693 4
1 2245 672 3609 4
1 2186 734 2932 4
1 1898 1371 3683 2
1 2155 656 2160 4
1 2700 281 2278 4
1 2796 346 3162 4
1 2949 50 2525 4
1 2810 348 3724 4
1 2888 165 2721 4
1 1958 1163 2929 4
1 1952 1159 2700 4
1 2935 90 2806 4
1 2159 657 2314 4
1 2222 703 3459 4
1 3021 75 3462 4
1 2663 520 2709 4
1 2748 464 3163 4
1 1883 1276 3126 4
1 2037 927 2159 4
1 2865 204 2799 4
1 2779 462 3840 4
1 2080 863 2987 4
1 2053 886 2241 4
1 2216 733 3125 4
1 2769 509 3879 4
1 2947 50 2449 4
1 2056 888 2353 4
1 1927 1195 2278 4
1 2908 126 2607 4
1 2773 464 3606 4
1 2204 596 2671 4
1 2701 280 2312 4
1 2817 296 3558 4
1 2680 369 2392 4
1 2195 637 2708 4
1 2026 1005 2681 4
1 2741 558 3317 4
1 1835 1270 2334 4
1 1363 1651 3568 2
1 879 1970 2469 2
1 451 2378 2425 2
1 659 2203 2014 2
1 1275 1601 2237 2
1 1329 1586 3341 2
1 947 1911 3841 2
1 1113 1669 2391 2
1 1032 1855 2083 2
1 1767 1680 1870 1
1 1766 1717 1869 1
1 1108 1670 2200 2
1 158 2781 3940 2
1 1129 1728 2859 2
1 436 2379 2137 2
1 905 1988 3203 2
1 1028 1923 2382 2
1 639 2146 2278 2
1 1100 1730 1986 2
1 941 1911 3608 2
1 1045 1851 2990 2
1 689 2106 2992 2
1 1142 1797 3163 2
1 1123 1796 2816 2
1 931 1984 3880 2
1 716 2290 2585 2
1 492 2376 3136 2
1 1302 1585 2701 2
1 895 1911 2779 2
1 656 2205 2083 2
1 1771 1526 1870 1
1 1831 1352 2311 2
1 1822 1428 2314 2
1 750 2167 3618 2
1 483 2492 2865 2
1 444 2494 2218 2
1 631 2261 1922 1
1 286 2667 2394 2
1 304 2643 2906 2
1 320 2566 3310 2
1 1872 1369 3317 2
1 1772 1487 1871 1
1 154 2760 3409 2
1 1338 1488 3570 2
1 634 2148 2080 2
1 914 1909 3357 2
1 148 2712 3194 2
1 862 2028 2202 2
1 1287 1605 2494 2
1 1269 1557 2215 2
1 864 2029 2275 2
1 1109 1670 2237 2
1 310 2606 3333 2
1 743 2295 3280 2
1 715 2338 2620 2
1 1321 1624 3107 2
1 1149 1739 3184 2
1 100 2760 2105 2
1 1318 1490 3316 2
1 749 2106 3606 2
1 1040 1855 2394 2
1 1797 1642 1902 1
1 303 2645 2866 2
1 1343 1488 3763 2
1 293 2549 2393 2
1 132 2798 3796 2
1 729 2184 3277 2
1 1175 1699 3723 2
1 468 2494 2391 2
1 463 2495 2585 2
1 1119 1796 2665 2
1 1263 1487 2274 2
1 887 1988 2777 2
1 157 2699 3852 2
1 311 2606 3368 2
1 907 1986 3280 2
1 99 2760 2066 2
1 742 2299 3239 2
1 1282 1458 2546 2
1 1112 1669 2356 2
1 515 2268 3813 2
1 467 2494 2429 2
1 903 1990 3125 2
1 691 2222 2990 2
1 714 2336 2663 2
1 701 2212 2699 2
1 722 2107 3242 2
1 306 2604 2905 2
1 1353 1580 3722 2
1 133 2797 3794 2
1 1843 1363 2662 2
1 861 2029 2162 2
1 316 2567 3157 2
1 301 2686 2868 2
1 1333 1632 3435 2
1 296 2548 2512 2
1 1179 1695 3877 2
1 1349 1582 3572 2
1 1332 1613 3420 2
1 696 2186 2814 2
1 111 2732 2491 2
1 462 2495 2623 2
1 936 1949 3647 2
1 889 1988 2857 2
1 727 2185 3356 2
1 670 2291 2297 2
1 712 2300 2660 2
1 511 2495 3059 2
1 514 2504 3813 2
1 149 2683 3196 2
1 129 2864 3474 2
1 459 2437 2505 2
1 475 2377 2981 2
1 842 2018 1930 2
1 665 2287 2169 2
1 1317 1487 3279 2
1 323 2567 3428 2
1 1355 1583 3801 2
1 704 2300 2964 2
1 117 2799 3041 2
1 1830 1409 2370 2
1 674 2319 2430 2
1 663 2319 2122 2
1 1327 1584 3258 2
1 1768 1642 1871 1
1 439 2379 2254 2
1 1342 1487 3722 2
1 1128 1739 2779 2
1 702 2252 2739 2
1 1039 1855 2356 2
1 738 2298 3084 2
1 1147 1796 3358 2
1 121 2799 3195 2
1 1087 1788 2120 2
1 1101 1706 2082 2
1 1034 1854 2160 2
1 120 2799 3085 2
1 300 2687 2716 2
1 1815 1429 2044 2
1 860 2029 2123 2
1 128 2800 3464 2
1 730 2181 3242 2
1 1324 1583 3182 2
1 1180 1705 3918 2
1 757 2106 3884 2
1 1350 1583 3604 2
1 1304 1584 2777 2
1 106 2760 2338 2
1 488 2531 2787 2
1 929 1987 3803 2
1 937 1949 3811 2
1 280 2549 2103 2
1 1092 1787 2316 2
1 1268 1517 2196 2
1 1770 1564 1871 1
1 751 2106 3643 2
1 287 2667 2432 2
1 1774 1409 1871 3
1 660 2254 2026 2
1 1274 1605 2199 2
1 1360 1661 3889 2
1 1870 1372 3240 2
1 875 1971 2317 2
1 1839 1362 2602 2
1 718 2075 3104 2
1 1170 1796 3881 2
1 1728 1548 1832 1
1 1035 1854 2201 2
1 466 2495 2468 2
1 1033 1856 2123 2
1 1340 1487 3643 2
1 1814 1428 2007 2
1 130 2865 3515 2
1 1358 1624 3861 2
1 1821 1429 2277 2
1 279 2550 2141 2
1 857 2112 2317 2
1 1134 1701 2742 2
1 1838 1343 2547 2
1 658 2204 2043 2
1 1104 1668 2044 2
1 270 2667 2064 2
1 1376 1292 324 3
1 2568 87 1131 3
1 1615 640 648 3
1 2282 340 204 3
1 2553 128 1290 3
1 2429 475 1199 3
1 1786 945 1870 3
1 2458 435 1502 3
1 2522 236 1541 3
1 2523 235 1838 3
1 2370 430 648 3
1 1757 676 1821 3
1 1466 1162 465 3
1 1706 865 1522 3
1 2595 51 1444 3
1 2532 167 1315 3
1 2450 434 1202 3
1 1806 948 1909 3
1 1635 824 1104 3
1 2127 824 1976 3
1 2283 342 243 3
1 1426 1238 1408 3
1 2472 367 1268 3
1 1751 811 1642 3
1 2377 313 767 3
1 1491 1142 804 3
1 2539 165 1626 3
1 1638 823 1222 3
1 2592 50 1328 3
1 2360 523 805 3
1 1475 1048 805 3
1 2583 89 1629 3
1 2363 455 1299 3
1 2498 281 1161 3
1 2542 169 1743 3
1 1598 932 883 3
1 1636 825 1144 3
1 2351 -47 512 3
1 1465 1090 425 3
1 1631 602 953 3
1 2276 524 361 3
1 1526 1059 1092 3
1 2541 167 1711 3
1 1497 1085 928 3
1 1458 1135 247 3
1 2598 50 1558 3
1 2399 477 1046 3
1 2509 282 1626 3
1 1499 1027 998 3
1 1567 642 90 3
1 2454 435 1357 3
1 1673 638 1455 3
1 1593 845 826 3
1 1559 904 264 3
1 2338 322 524 3
1 1548 843 245 3
1 2495 319 1899 3
1 2503 281 1355 3
1 2272 526 204 3
1 2442 475 1706 3
1 1749 871 1842 3
1 2573 87 1240 3
1 1461 1153 387 3
1 2451 436 1238 3
1 1597 950 919 3
1 2354 12 666 3
1 1621 641 883 3
1 1442 1357 1368 3
1 2385 233 764 3
1 2476 317 1122 3
1 2409 166 979 3
1 2576 88 1445 3
1 2461 436 1627 3
1 2388 236 885 3
1 2499 281 1198 3
1 2398 522 951 3
1 2273 523 245 3
1 2504 281 1395 3
1 1514 1093 1452 3
1 1505 998 1104 3
1 2558 127 1485 3
1 2326 34 362 3
1 2581 91 1639 3
1 1408 1336 612 3
1 1791 751 1867 3
1 2562 130 1638 3
1 2264 454 202 3
1 1462 1182 339 3
1 2596 50 1483 3
1 2323 33 368 3
1 2614 14 1406 3
1 2543 167 1781 3
1 1705 905 1521 3
1 1529 1102 1171 3
1 1367 1283 86 3
1 2334 454 603 3
1 1522 1056 1249 3
1 2410 127 1015 3
1 2290 302 203 3
1 2552 126 1250 3
1 2550 125 1172 3
1 1544 842 85 3
1 2336 415 479 3
1 2470 377 1192 3
1 1658 707 1223 3
1 1570 642 208 3
1 1536 1170 1251 3
1 2626 88 1327 3
1 2404 243 918 3
1 1810 716 1899 3
1 1374 1254 283 3
1 1549 845 282 3
1 1517 1054 1363 3
1 1653 754 1258 3
1 1582 726 287 3
1 1439 1357 1251 3
1 2600 50 1637 3
1 1403 1298 531 3
1 1524 1057 1172 3
1 1464 1036 456 3
1 2400 475 979 3
1 2452 435 1281 3
1 1503 1174 942 3
1 1527 1048 1056 3
1 2328 90 324 3
1 2288 302 127 3
1 1580 732 321 3
1 2594 49 1404 3
1 1457 1134 204 3
1 1437 1359 1214 3
1 1741 1178 1813 3
1 2439 475 1587 3
1 1416 1384 806 3
1 1518 1083 1384 3
1 1427 1208 1406 3
1 1509 996 1261 3
1 1472 1046 689 3
1 1478 1105 805 3
1 2303 189 246 3
1 1616 642 688 3
1 2371 370 725 3
1 2311 149 207 3
1 2436 475 1473 3
1 1482 1086 533 3
1 2346 117 526 3
1 2353 34 632 3
1 1756 676 1751 3
1 1657 709 1261 3
1 1375 1254 324 3
1 1449 1048 280 3
1 1453 1096 95 3
1 1506 995 1145 3
1 1712 634 1522 3
1 2307 148 358 3
1 1481 1087 613 3
1 1456 1132 162 3
1 2627 88 1712 3
1 2463 437 1703 3
1 2533 165 1360 3
1 1496 1094 900 3
1 2502 281 1318 3
1 1487 1143 650 3
1 1696 1252 1523 3
1 1667 638 1256 3
1 1467 1233 507 3
1 1510 997 1298 3
1 2278 390 410 3
1 1542 784 30 3
1 1428 1238 1444 3
1 1743 1080 1693 3
1 1592 872 799 3
1 1571 641 248 3
1 1459 1135 280 3
1 2491 321 1743 3
1 2529 167 1239 3
1 1785 983 1871 3
1 2417 524 1143 3
1 1660 707 1146 3
1 1425 1238 1364 3
1 2327 63 360 3
1 2484 320 1430 3
1 1633 828 1065 3
1 1595 890 848 3
1 1629 823 961 3
1 2557 129 1443 3
1 2483 321 1394 3
1 1601 925 765 3
1 1434 1356 1172 3
1 2474 358 1841 3
1 1228 1412 1054 1
1 1402 1298 574 3
1 2622 15 1714 3
1 1596 889 883 3
1 391 2466 1075 1
1 1729 1488 1562 1
1 1213 1452 805 1
1 184 2524 54 1
1 586 2195 1378 1
1 1019 1855 1717 1
1 225 2624 1273 1
1 238 2540 1398 1
1 803 2068 1182 1
1 1000 1749 1138 1
1 996 1749 979 1
1 350 2351 534 1
1 584 2148 1333 1
1 1187 1440 321 1
1 523 2179 243 1
1 34 2761 578 1
1 84 2761 1698 1
1 237 2540 1358 1
1 801 2067 1107 1
1 393 2380 1433 1
1 991 1866 1292 1
1 51 2829 1237 1
1 1390 1376 333 3
1 555 2178 611 1
1 263 2551 1798 1
1 1189 1480 262 1
1 75 2800 1738 1
1 994 1862 1402 1
1 1689 1523 1524 1
1 1051 1710 233 1
1 784 2060 691 1
1 1061 1643 167 1
1 40 2761 808 1
1 137 2696 540 1
1 1235 1452 1252 1
1 1220 1615 765 1
1 366 2418 836 1
1 187 2641 411 1
1 1242 1570 1055 1
1 416 2378 1714 1
1 793 1943 654 1
1 596 2264 1220 1
1 176 2541 212 1
1 381 2348 1307 1
1 201 2542 536 1
1 970 1857 540 1
1 170 2660 285 1
1 971 1855 576 1
1 66 2759 1411 1
1 377 2347 1152 1
1 169 2657 248 1
1 572 2245 843 1
1 383 2408 1116 1
1 1006 1749 1330 1
1 549 2147 611 1
1 181 2571 270 1
1 807 2107 1327 1
1 557 2225 515 1
1 1202 1402 574 1
1 613 2144 1793 1
1 42 2803 1034 1
1 1246 1566 1209 1
1 980 1894 829 1
1 1062 1642 208 1
1 69 2801 1507 1
1 1243 1570 1092 1
1 1063 1643 249 1
1 1057 1681 213 1
1 844 1971 1560 1
1 628 2252 1521 1
1 55 2801 1370 1
1 849 1970 1754 1
1 547 2150 534 1
1 349 2507 561 1
1 38 2761 731 1
1 847 1969 1677 1
1 1005 1717 1291 1
1 1727 1574 1763 1
1 367 2438 875 1
1 550 2144 651 1
1 22 2801 499 1
1 408 2321 1794 1
1 1211 1453 731 1
1 364 2513 572 1
1 531 2326 306 1
1 200 2543 497 1
1 1674 1796 1505 1
1 190 2660 538 1
1 582 2146 1261 1
1 766 2057 285 1
1 206 2543 734 1
1 983 1863 981 1
1 977 1825 731 1
1 231 2540 1156 1
1 371 2348 940 1
1 1207 1453 572 1
1 824 1893 1348 1
1 35 2762 591 1
1 375 2350 1075 1
1 1183 1440 167 1
1 811 2021 1243 1
1 257 2550 1561 1
1 202 2543 579 1
1 139 2704 1583 1
1 65 2761 1369 1
1 214 2529 1003 1
1 43 2723 943 1
1 1206 1452 534 1
1 997 1749 1018 1
1 1239 1452 1406 1
1 234 2540 1272 1
1 72 2801 1619 1
1 1679 1533 1492 1
1 835 2029 1755 1
1 183 2485 36 1
1 17 2790 271 1
1 368 2475 833 1
1 1683 1758 1524 1
1 1252 1586 1232 1
1 545 2317 468 1
1 351 2352 574 1
1 362 2466 574 1
1 209 2543 847 1
1 1240 1509 1206 1
1 398 2426 1358 1
1 168 2658 208 1
1 327 2349 168 1
1 41 2801 946 1
1 50 2800 1216 1
1 208 2542 808 1
1 575 2136 939 1
1 622 2204 1635 1
1 836 2028 1795 1
1 845 1971 1600 1
1 1007 1750 1371 1
1 565 2312 650 1
1 825 1912 1409 1
1 963 1809 182 1
1 813 1951 1257 1
1 197 2582 439 1
1 792 1944 614 1
1 552 2148 728 1
1 589 2186 1142 1
1 1193 1528 126 1
1 223 2616 1137 1
1 1229 1432 1073 1
1 382 2388 1209 1
1 370 2388 942 1
1 814 1950 1223 1
1 361 2466 613 1
1 837 2028 1833 1
1 782 2059 615 1
1 343 2465 129 1
1 355 2350 727 1
1 595 2263 1260 1
1 347 2458 392 1
1 1016 1855 1600 1
1 1058 1682 249 1
1 215 2656 1042 1
1 593 2265 1339 1
1 244 2665 1601 1
1 959 1848 286 1
1 1066 1732 449 1
1 780 2062 538 1
1 47 2799 1137 1
1 331 2350 322 1
1 533 2302 223 1
1 417 2377 1679 1
1 548 2149 573 1
1 207 2541 771 1
1 1721 1660 1559 1
1 345 2421 383 1
1 542 2187 426 1
1 607 2145 1558 1
1 1068 1736 537 1
1 536 2264 167 1
1 952 1886 245 1
1 624 2203 1557 1
1 178 2544 288 1
1 605 2173 1462 1
1 1233 1449 1172 1
1 335 2378 168 1
1 67 2761 1446 1
2 3034 17 2052 2
2 2836 270 3624 4
2 2103 946 3647 4
2 2958 49 2874 4
2 2742 559 3356 4
2 1915 1274 3841 4
2 2636 394 2137 2
2 1949 1119 2573 4
2 2791 406 3743 4
2 2758 559 3604 4
2 2018 955 2023 2
2 2676 367 2238 2
2 2016 1060 3880 4
2 2706 385 2524 4
2 2098 938 3441 4
2 2820 270 3124 4
2 2224 733 3607 4
2 2954 50 2717 4
2 1905 1332 3792 4
2 2129 793 2081 2
2 1912 1272 3722 4
2 2072 847 2929 4
2 1978 1158 3356 4
2 2705 348 2503 4
2 2201 636 2944 4
2 1884 1275 3085 4
2 2891 163 2837 4
2 1916 1274 3879 4
2 3033 -4 3873 4
2 3035 16 2962 4
2 2105 947 3725 4
2 2746 463 3085 4
2 3014 105 3102 4
2 2735 557 3089 4
2 2001 1156 3801 4
2 2781 444 3036 4
2 1934 1157 2042 2
2 2915 127 2874 4
2 2788 374 3609 4
2 2138 791 2779 4
2 1931 1197 2432 1
2 1892 1408 3862 4
2 1885 1224 3184 4
2 3032 36 3856 4
2 2993 155 3551 4
2 2233 676 3122 4
2 2715 321 2604 4
2 2895 128 2080 2
2 2257 636 3439 4
2 3037 -68 3905 4
2 2767 509 3800 4
2 2989 156 3355 4
2 2763 559 3800 4
2 2860 203 2602 4
2 2710 394 2750 4
2 2918 88 2137 2
2 2856 204 2316 2
2 3036 -66 3134 4
2 2672 367 2079 2
2 2130 762 2117 2
2 1920 1195 2006 2
2 2843 271 3916 4
2 1881 1275 3199 4
2 2695 280 2078 2
2 2086 945 3203 4
2 2227 734 3723 4
2 2139 780 2967 4
2 2148 748 3550 4
2 2826 273 3356 4
2 2021 1012 2100 2
2 2124 826 3821 4
2 2718 282 2640 4
2 2980 126 2334 2
2 2122 849 3841 4
2 1906 1312 3586 4
2 2232 674 3086 4
2 2771 443 3519 4
2 2711 395 2952 4
2 2821 272 3161 4
2 2858 200 2392 4
2 2166 597 2042 2
2 3030 37 3780 4
2 2959 -23 1994 2
2 2873 164 2120 2
2 2631 521 2140 2
2 3019 66 3215 4
2 2196 635 2748 4
2 2793 442 3919 4
2 2114 897 3859 4
2 2851 203 2120 2
2 2712 308 2526 4
2 2870 164 2003 2
2 2697 280 2161 2
2 2988 154 3314 4
2 1935 1158 2081 2
2 1962 1062 2657 4
2 2106 947 3761 4
2 2214 547 3010 4
2 2765 561 3879 4
2 1929 1198 2357 1
2 2252 676 3877 4
2 2629 512 2040 2
2 2736 559 3125 4
2 1926 1198 2238 1
2 3013 114 3898 4
2 2104 947 3683 4
2 2967 10 2411 4
2 1993 1204 3783 4
2 2081 867 3019 4
2 2141 808 3237 4
2 2035 928 2081 2
2 1959 1108 2815 4
2 2048 889 2045 2
2 2251 674 3844 4
2 2000 1158 3765 4
2 2181 735 2741 4
2 2178 598 2551 4
2 2919 90 2177 2
2 2153 656 2082 2
2 1951 1155 2661 4
2 3038 38 3941 4
2 2184 734 2851 4
2 2871 165 2042 2
2 1917 1234 2182 1
2 2964 11 2292 2
2 2780 462 3877 4
2 2739 558 3240 4
2 2039 925 2241 2
2 2724 279 2755 4
2 2667 473 3011 4
2 2634 434 2062 2
2 2047 886 2003 2
2 2033 928 2006 2
2 3001 157 3861 4
2 2917 78 1990 2
2 2907 127 2564 4
2 2156 656 2198 2
2 2109 946 3883 4
2 2065 946 2700 4
2 3012 113 3858 4
2 2671 368 2039 2
2 2007 1059 3529 4
2 2839 270 3742 4
2 2015 1059 3842 4
2 2942 49 2257 2
2 2730 282 2869 4
2 2846 223 2021 2
2 2258 597 3533 4
2 1979 1109 3068 4
2 2814 347 3876 4
2 2167 598 2081 2
2 2962 11 2217 2
2 2782 357 3037 4
2 2192 639 2595 4
2 2165 599 2004 2
2 2143 760 3319 4
2 3002 115 3547 4
2 2212 733 3020 4
2 2911 126 2720 4
2 1903 1367 3882 4
2 3029 77 3778 4
2 2003 1157 3880 4
2 2123 850 3878 4
2 2956 51 2796 4
2 2246 674 3648 4
2 2116 848 3607 4
2 2693 281 1999 2
2 2939 50 2137 2
2 1950 1194 2740 4
2 1919 1226 2276 1
2 2231 733 3880 4
2 1894 1370 3528 4
2 1875 1294 3421 4
2 2002 1157 3843 4
2 1945 1155 2472 4
2 2849 231 2490 4
2 2036 927 2122 2
2 2808 346 3643 4
2 2869 204 2953 4
2 2841 270 3820 4
2 1921 1198 2043 2
2 2833 212 3470 4
2 2168 596 2122 2
2 1990 1213 3625 4
2 2985 156 3203 4
2 2961 12 2178 2
2 2874 164 2159 2
2 3005 113 3610 4
2 1897 1369 3646 4
2 2847 222 2140 2
2 2255 640 3271 4
2 2019 1083 2026 2
2 2069 945 2856 4
2 2960 10 2137 2
2 2025 964 2624 4
2 2028 1031 3009 4
2 2896 127 2140 2
2 2029 1004 3059 4
2 1932 1206 2489 1
2 2940 50 2176 2
2 2963 11 2256 2
2 893 1912 2703 1
2 865 2027 2317 1
2 1088 1788 2160 1
2 512 2390 3550 1
2 1314 1489 3162 4
2 906 1990 3244 1
2 1280 1603 2427 1
2 944 1911 3726 4
2 1156 1699 3260 1
2 464 2493 2547 1
2 1294 1488 2855 1
2 477 2436 2729 1
2 687 2105 2894 1
2 1307 1586 2894 1
2 125 2798 3350 1
2 721 2105 3201 1
2 1308 1583 2933 1
2 1303 1585 2738 1
2 880 1949 2553 1
2 697 2182 2778 1
2 1027 1921 2314 1
2 1300 1535 2668 1
2 450 2377 2388 1
2 1279 1604 2391 1
2 1132 1697 2664 1
2 1346 1488 3878 4
2 894 1911 2738 1
2 688 2105 2933 1
2 1046 1832 3298 1
2 711 2299 2700 1
2 1264 1489 2314 1
2 1267 1488 2429 1
2 1293 1489 2813 1
2 637 2144 2200 1
2 1116 1745 2568 1
2 1265 1487 2351 1
2 455 2379 2586 1
2 155 2732 3467 1
2 683 2107 2740 1
2 474 2376 2943 1
2 1162 1794 3571 4
2 682 2106 2701 1
2 1292 1457 2775 1
2 649 2205 2314 1
2 700 2183 2661 1
2 1144 1796 3243 1
2 1285 1548 2553 1
2 885 1986 2707 1
2 708 2299 2816 1
2 723 2106 3277 1
2 107 2761 2372 1
2 679 2136 2641 1
2 1091 1787 2274 1
2 1869 1371 3201 4
2 1115 1797 2529 1
2 481 2491 2942 1
2 942 1910 3649 1
2 510 2494 3095 1
2 685 2106 2819 1
2 1850 1409 2886 4
2 1085 1788 2045 1
2 314 2568 3079 1
2 1172 1698 3605 4
2 313 2568 3037 1
2 1135 1699 2778 1
2 1139 1695 2937 1
2 494 2377 3212 1
2 1258 1490 2080 1
2 869 1971 2082 1
2 720 2107 3165 1
2 897 1911 2858 1
2 1106 1669 2121 1
2 719 2108 3123 1
2 1290 1488 2735 1
2 703 2300 2991 1
2 732 2184 3163 1
2 1863 1390 2982 4
2 1848 1370 2817 4
2 131 2798 3563 1
2 456 2378 2624 1
2 454 2377 2547 1
2 1288 1488 2659 1
2 1025 1929 2236 1
2 123 2799 3274 1
2 115 2761 2903 1
2 472 2375 2865 1
2 1890 1423 3532 4
2 646 2204 2430 1
2 855 2085 2141 1
2 490 2376 3057 1
2 707 2298 2854 1
2 1849 1369 2857 4
2 676 2167 2537 1
2 694 2185 2853 1
2 1029 1932 2430 1
2 748 2062 3604 1
2 1277 1603 2316 1
2 1286 1594 2544 1
2 1309 1485 3010 4
2 681 2107 2661 1
2 841 2048 1950 1
2 1141 1795 3129 1
2 1023 1853 1952 1
2 305 2645 2984 1
2 460 2448 2624 1
2 645 2244 2450 1
2 458 2406 2428 1
2 920 1912 3124 1
2 1866 1372 3087 4
2 1111 1669 2317 1
2 142 2704 2317 1
2 497 2377 3328 1
2 1278 1604 2355 1
2 1341 1487 3685 4
2 717 2106 3087 1
2 654 2203 2158 1
2 443 2493 2255 1
2 146 2721 3147 1
2 461 2495 2665 1
2 699 2184 2700 1
2 482 2491 2902 1
2 284 2590 2333 1
2 457 2378 2663 1
2 493 2378 3175 1
2 1259 1490 2121 1
2 321 2568 3350 1
2 299 2548 2627 1
2 469 2379 2749 1
2 650 2199 2273 1
2 1345 1488 3841 4
2 318 2567 3234 1
2 677 2164 2576 1
2 465 2493 2506 1
2 1837 1379 2550 1
2 896 1913 2817 1
2 899 1910 2932 1
2 112 2788 2167 1
2 1173 1698 3649 4
2 113 2762 2676 1
2 143 2714 2345 1
2 480 2494 2982 1
2 1284 1494 2552 1
2 141 2694 2221 1
2 922 1930 3049 1
2 643 2146 2434 1
2 644 2186 2136 1
2 710 2296 2738 1
2 160 2623 3945 1
2 278 2549 2180 1
2 1354 1584 3764 4
2 1118 1630 2530 1
2 653 2205 2197 1
2 1289 1486 2703 1
2 453 2376 2501 1
2 706 2301 2896 1
2 124 2798 3312 1
2 1331 1584 3417 4
2 271 2667 2104 1
2 1347 1547 3703 4
2 648 2204 2273 1
2 692 2187 2932 1
2 1298 1544 2775 1
2 690 2175 3029 1
2 1291 1488 2776 1
2 652 2230 2254 1
2 276 2548 2258 1
2 1044 1854 2645 1
2 127 2799 3427 1
2 871 1970 2161 1
2 1348 1543 3742 4
2 939 1890 3540 1
2 476 2446 2769 1
2 433 2378 2022 1
2 927 1986 3724 1
2 1845 1394 2722 1
2 892 1912 2664 1
2 1339 1486 3596 4
2 473 2378 2903 1
2 471 2377 2825 1
2 1120 1795 2703 1
2 486 2493 2748 1
2 1145 1795 3277 1
2 1474 1044 763 2
2 1429 1277 1193 2
2 2692 290 1972 2
2 2352 4 602 2
2 2413 23 968 2
2 1566 581 79 2
2 2262 457 122 2
2 1528 1078 1154 2
2 1507 999 1181 2
2 2415 -57 32 2
2 1452 1106 127 3
2 1760 634 1596 2
2 2329 534 473 2
2 2319 35 118 2
2 1535 1172 1212 2
2 2403 299 941 2
2 2446 476 1912 2
2 2477 322 1162 2
2 1393 1260 571 3
2 1588 805 594 2
2 2324 34 372 2
2 2597 51 1522 2
2 1471 1046 650 2
2 2298 233 50 2
2 1634 803 1085 2
2 1543 806 107 3
2 1565 965 459 2
2 2584 89 1758 2
2 1502 1202 1000 2
2 1446 1049 170 3
2 1694 1332 1523 2
2 1746 927 1618 2
2 2315 91 51 2
2 2359 523 766 2
2 2516 282 1900 2
2 2261 417 284 2
2 2305 186 322 2
2 2494 321 1859 2
2 2380 316 649 2
2 2577 90 1483 2
2 2606 16 1095 2
2 2624 11 1793 2
2 1609 1001 514 2
2 2422 523 1337 2
2 2496 279 1061 2
2 2318 33 167 2
2 2566 91 1058 2
2 1777 1294 1872 2
2 1755 716 1842 2
2 1646 880 1215 2
2 1444 1051 88 3
2 2348 52 493 2
2 1666 637 1222 2
2 1697 1215 1523 2
2 1655 747 1358 2
2 1610 573 325 2
2 2585 53 1057 2
2 1776 1333 1872 2
2 1735 1391 1776 2
2 1775 1369 1872 2
2 2364 427 884 2
2 2497 283 1122 2
2 1608 929 535 2
2 2320 35 248 2
2 1783 1061 1871 2
2 2586 49 1094 2
2 1714 557 1521 2
2 1515 1095 1424 2
2 1628 881 971 2
2 2406 214 951 2
2 2469 391 1086 2
2 2567 89 1097 2
2 2546 167 1901 2
2 2605 11 1055 2
2 1392 1260 533 3
2 1578 710 437 2
2 1545 844 130 3
2 1530 1171 1055 2
2 1744 1042 1706 2
2 2489 319 1664 2
2 2608 13 1173 2
2 1672 602 1394 2
2 2443 475 1743 2
2 2515 282 1860 2
2 1650 879 1065 2
2 1430 1315 1152 2
2 2604 49 1795 2
2 2517 216 1181 2
2 1476 1047 847 2
2 1647 880 1178 2
2 1698 1175 1522 2
2 1488 1146 690 3
2 1493 1221 648 3
2 2437 878 1506 2
2 2390 117 646 2
2 2274 524 283 2
2 2299 169 41 2
2 1800 1256 1899 2
2 1557 931 205 3
2 2356 525 650 2
2 2270 524 122 2
2 1802 1144 1909 2
2 1788 869 1870 2
2 2391 118 688 2
2 1654 773 1307 2
2 2357 525 689 2
2 2465 438 1781 2
2 2464 437 1744 2
2 2420 523 1256 2
2 1625 729 863 2
2 1604 958 690 2
2 1733 1410 1627 2
2 1807 883 1927 2
2 2426 476 1084 2
2 2447 436 1087 2
2 2433 478 1355 2
2 1581 767 323 2
2 2414 -61 801 2
2 1648 882 1143 2
2 2345 119 573 2
2 1424 1239 1329 2
2 1372 1250 245 3
2 2623 11 1753 2
2 2460 434 1587 2
2 2525 167 1100 2
2 2669 359 1964 2
2 2397 544 1038 2
2 2547 131 1055 2
2 2362 527 884 2
2 1534 1174 1179 2
2 1803 1102 1910 2
2 2366 429 804 2
2 1563 991 165 3
2 2322 31 364 2
2 1801 1234 1936 2
2 2570 86 1211 2
2 1556 932 163 3
2 1554 930 85 3
2 1759 611 1716 2
2 1709 752 1520 2
2 1619 641 805 2
2 1649 882 1102 2
2 2490 320 1704 2
2 1525 1058 1136 2
2 2455 436 1396 2
2 1495 1183 863 2
2 2475 346 1899 2
2 1400 1258 864 3
2 1680 1051 1481 2
2 2321 33 360 2
2 1501 1174 996 2
2 1454 1136 86 3
2 2441 478 1665 2
2 1811 674 1908 2
2 2548 129 1094 2
2 1553 884 88 3
2 2316 54 48 2
2 1552 882 166 3
2 2625 21 1882 2
2 1435 1401 976 3
2 2281 340 165 2
2 2607 12 1134 2
2 2468 434 1900 2
2 1587 728 86 2
2 2269 484 185 2
2 1624 688 804 2
2 2526 170 1131 2
2 1432 1357 1068 3
2 1492 1185 592 3
2 2467 437 1862 2
2 2527 166 1084 2
2 2300 186 128 2
2 2424 526 1415 2
2 2330 529 610 2
2 2419 522 1223 2
2 2602 47 1712 2
2 2668 337 1933 2
2 1710 713 1520 2
2 2444 476 1781 2
2 1664 639 1145 2
2 1692 1408 1523 2
2 1605 932 651 2
2 1661 704 1102 2
2 1607 931 570 2
2 1568 642 128 2
2 1463 1232 395 3
2 2448 439 1123 2
2 1779 1218 1872 2
2 1399 1258 804 3
2 1652 753 1216 2
2 1632 599 1009 2
2 1369 1249 163 3
2 1555 933 127 3
2 1606 929 612 2
2 1725 1563 1551 2
2 246 2665 1679 1
2 1230 1452 1056 3
2 1050 1733 127 3
2 179 2541 246 3
2 423 2493 1868 1
2 1224 1540 610 3
2 264 2549 1832 1
2 210 2540 877 3
2 1255 1660 1089 3
2 1715 1757 1647 1
2 955 1848 132 3
2 140 2703 1680 1
2 1182 1442 127 3
2 1717 1739 1773 1
2 68 2762 617 3
2 840 2097 1853 1
2 337 2397 70 3
2 167 2659 171 3
2 541 2111 466 3
2 379 2349 1232 3
2 173 2545 92 3
2 623 2204 1596 1
2 1199 1548 366 3
2 961 1789 73 3
2 1002 1748 1213 3
2 1731 1464 1610 2
2 421 2380 1524 1
2 58 2759 1098 3
2 406 2321 1717 1
2 1013 1913 1787 1
2 1192 1529 86 3
2 163 2649 25 3
2 39 2762 770 3
2 422 2525 1880 1
2 1201 1415 458 3
2 790 1941 536 3
2 1719 1699 1744 1
2 222 2657 1314 3
2 999 1749 1098 3
2 526 2227 108 3
2 812 2000 1205 3
2 7 2831 269 3
2 1236 1452 1289 3
2 1048 1692 32 3
2 951 1884 90 3
2 242 2667 1524 1
2 344 2465 90 3
2 616 2204 1868 1
2 1200 1564 331 3
2 1078 1652 614 3
2 427 2493 1714 1
2 11 2792 35 3
2 384 2468 1310 3
2 138 2704 1437 3
2 325 2352 89 3
2 843 1971 1521 3
2 1730 1451 1561 2
2 411 2349 1831 1
2 412 2377 1870 1
2 797 1951 896 3
2 1212 1451 765 3
2 573 2286 885 3
2 600 2264 1143 3
2 25 2802 620 3
2 1723 1622 1820 1
2 70 2800 1548 1
2 617 2206 1830 1
2 1388 1405 211 3
2 1391 1415 327 3
2 1387 1415 167 3
2 1049 1732 91 3
2 524 2191 66 3
2 1386 1417 128 3
2 395 2415 1482 3
2 162 2744 18 3
2 539 2303 72 3
2 413 2378 1830 1
2 1244 1567 1131 3
2 1190 1481 223 3
2 985 1866 1055 3
2 1021 1855 1794 1
2 1231 1449 1093 3
2 1010 1920 1563 1
2 428 2491 1676 1
2 553 2148 848 3
2 962 1781 128 3
2 1073 1740 692 3
2 431 2494 1559 1
2 134 2698 39 3
2 984 1866 1020 3
2 3 2830 114 3
2 221 2657 1272 3
2 590 2206 1106 3
2 762 2061 131 3
2 336 2417 130 3
2 1256 1663 1056 3
2 410 2322 1872 1
2 64 2763 1330 3
2 816 1951 1146 3
2 830 2029 1561 1
2 973 1854 652 3
2 1054 1731 251 3
2 326 2348 125 3
2 759 2096 71 3
2 1022 1852 1834 1
2 981 1845 826 3
2 538 2265 87 3
2 24 2800 578 3
2 266 2579 1893 1
2 54 2800 1331 3
2 602 2261 1065 3
2 78 2800 1856 1
2 365 2350 827 3
2 615 2146 1870 1
2 788 1989 733 3
2 249 2666 1794 1
2 27 2800 694 3
2 353 2350 652 3
2 1385 1396 68 3
2 424 2495 1830 1
2 1684 1719 1525 3
2 83 2761 1659 1
2 161 2621 -5 3
2 88 2762 1853 1
2 429 2492 1634 1
2 770 1937 53 3
2 520 2149 244 3
2 425 2493 1791 1
2 74 2800 1698 1
2 77 2799 1820 1
2 610 2144 1677 1
2 551 2150 691 3
2 1191 1477 68 3
2 19 2791 345 3
2 954 1846 91 3
2 14 2792 153 3
2 166 2658 134 3
2 226 2598 1314 3
2 809 2028 1318 3
2 1225 1539 573 3
2 1205 1452 492 3
2 1059 1645 91 3
2 57 2804 1450 3
2 1074 1741 730 3
2 517 2150 129 3
2 828 2000 1387 3
2 627 2240 1558 1
2 1 2830 40 3
2 1072 1710 655 3
2 265 2550 1874 1
2 528 2240 341 3
2 998 1750 1059 3
2 1716 1759 1687 1
2 1221 1576 708 3
2 561 2267 767 3
2 530 2268 282 3
2 430 2493 1601 1
2 172 2659 368 3
2 45 2702 1003 3
2 599 2281 1164 3
2 346 2377 449 3
2 614 2147 1831 1
2 619 2206 1753 1
2 251 2667 1873 1
2 243 2666 1560 1
2 823 2009 1032 3
2 827 2009 1433 3
2 516 2150 91 3
2 535 2305 188 3
2 1081 1654 730 3
2 135 2697 116 3
2 592 2265 1375 3
2 591 2224 1066 3
2 165 2659 94 3
2 822 1971 1087 3
2 789 1990 576 3
2 626 2251 1813 1
2 13 2790 115 3
2 802 2068 1142 3
2 990 1866 1251 3
2 603 2261 1026 3
2 601 2263 1104 3
2 37 2762 694 3
3 2197 635 2787 2
3 2720 280 2679 2
3 2991 136 3468 2
3 1946 1161 2509 2
3 2709 376 2622 2
3 2834 211 3514 2
3 2055 886 2315 2
3 1968 1060 2894 2
3 2837 268 3665 2
3 2926 89 2449 2
3 2158 657 2274 2
3 2971 11 2563 2
3 2819 296 3743 2
3 2786 384 3512 2
3 2842 270 3858 2
3 1942 1157 2351 2
3 2645 484 2516 2
3 2628 503 2002 2
3 2151 656 2011 2
3 1983 1062 3131 2
3 2674 368 2160 2
3 2087 943 3242 2
3 2198 635 2822 2
3 2651 484 2748 2
3 1966 1063 2816 2
3 1936 1158 2118 2
3 2740 559 3279 2
3 2726 283 2794 2
3 2965 11 2333 2
3 2816 307 3501 2
3 1862 1272 2961 2
3 2797 347 3201 2
3 2661 521 2787 2
3 1888 1322 3260 2
3 2732 280 2910 2
3 2045 926 2469 2
3 2641 435 2373 2
3 2077 847 2736 2
3 2698 280 2195 2
3 2809 347 3687 2
3 2864 204 2759 2
3 1859 1271 2701 2
3 2768 511 3840 2
3 2986 154 3241 2
3 1955 1161 2815 2
3 2728 281 2832 2
3 2648 483 2630 2
3 2040 927 2276 2
3 1970 1176 3028 2
3 2075 847 2813 2
3 2944 49 2334 2
3 2778 462 3801 2
3 2107 946 3803 2
3 3015 103 3159 2
3 3006 113 3624 2
3 2899 125 2258 2
3 2852 202 2159 2
3 2714 280 2563 2
3 2823 272 3238 2
3 2717 316 2640 2
3 2004 1118 3501 2
3 2241 674 3436 2
3 1976 1157 3282 2
3 1882 1273 3164 2
3 2686 318 2233 2
3 2653 482 2824 2
3 2984 154 3162 2
3 1925 1196 2200 2
3 2093 850 3162 2
3 2051 889 2159 2
3 1944 1159 2431 2
3 2242 666 3472 2
3 2946 48 2408 2
3 1914 1274 3808 2
3 2665 522 2631 2
3 2191 657 2881 2
3 2925 92 2420 2
3 1982 1064 3088 2
3 2840 270 3784 2
3 2096 850 3283 2
3 1941 1159 2315 2
3 3011 116 3819 2
3 2115 867 3522 2
3 2677 368 2275 2
3 2085 945 3160 2
3 2076 848 2775 2
3 2998 152 3744 2
3 2813 344 3839 2
3 2974 11 2682 2
3 2749 463 3200 2
3 2734 281 2949 2
3 2108 946 3843 2
3 2886 166 2643 2
3 3027 77 3702 2
3 2941 51 2216 2
3 2882 165 2487 2
3 2050 888 2120 2
3 2679 370 2351 2
3 2654 484 2863 2
3 2177 597 2516 2
3 1996 1159 3611 2
3 2044 929 2429 2
3 1930 1196 2392 2
3 3000 155 3822 2
3 2900 127 2296 2
3 2831 263 3453 2
3 2071 944 2932 2
3 2079 849 2665 2
3 2827 250 3220 2
3 2182 735 2780 2
3 2789 403 3646 2
3 3016 107 3256 2
3 3017 105 3295 2
3 2042 928 2354 2
3 2188 680 2771 2
3 2635 414 2020 2
3 2943 50 2294 2
3 2249 674 3764 2
3 2118 849 3683 2
3 2170 599 2196 2
3 1841 1265 2560 2
3 2013 1059 3763 2
3 2806 348 3547 2
3 2890 164 2799 2
3 2776 462 3721 2
3 2973 10 2640 2
3 2244 675 3571 2
3 2131 803 2142 2
3 2215 734 3087 2
3 1901 1367 3801 2
3 2997 154 3707 2
3 2750 461 3235 2
3 1877 1276 3318 2
3 2690 319 2394 2
3 2145 808 3444 2
3 2142 819 3279 2
3 2953 49 2681 2
3 1997 1160 3645 2
3 2223 692 3587 2
3 2146 785 3527 2
3 2221 734 3320 2
3 1902 1368 3840 2
3 2955 50 2757 2
3 2632 534 2179 2
3 1887 1320 3201 2
3 2904 126 2448 2
3 2253 578 3144 2
3 1943 1160 2393 2
3 2027 984 2719 2
3 2254 620 3223 2
3 1994 1157 3530 2
3 2906 127 2528 2
3 1899 1370 3723 2
3 2169 598 2161 2
3 2675 367 2197 2
3 2913 127 2796 2
3 2043 926 2391 2
3 1967 1061 2850 2
3 2210 595 2900 2
3 2759 562 3645 2
3 2183 735 2814 2
3 1960 1108 2912 2
3 1880 1273 3239 2
3 2914 124 2834 2
3 2218 732 3202 2
3 2691 318 2428 2
3 2719 321 2680 2
3 2731 321 2910 2
3 2247 675 3684 2
3 2854 201 2237 2
3 1937 1159 2162 2
3 1988 1061 3320 2
3 2094 848 3202 2
3 2020 1073 2061 2
3 2111 928 3742 2
3 1938 1156 2200 2
3 2999 156 3791 2
3 2689 318 2352 2
3 2812 348 3798 2
3 2702 281 2355 2
3 2803 349 3432 2
3 1971 1158 3088 2
3 2683 319 2118 2
3 2649 484 2671 2
3 2934 89 2757 2
3 2845 194 3917 2
3 2859 204 2428 2
3 2757 559 3568 2
3 2751 464 3278 2
3 2200 636 2902 2
3 1907 1274 3528 2
3 2703 280 2392 2
3 2753 464 3355 2
3 2761 561 3724 2
3 1923 1197 2119 2
3 2157 658 2239 2
3 2883 164 2523 2
3 2995 155 3627 2
3 2738 558 3201 2
3 2805 347 3511 2
3 283 2538 1987 1
3 640 2145 2316 1
3 147 2752 3198 1
3 1305 1586 2815 1
3 95 2800 2299 1
3 898 1912 2895 1
3 295 2549 2473 1
3 1893 1439 3890 1
3 739 2299 3125 1
3 1167 1795 3764 1
3 447 2493 2100 1
3 888 1989 2818 1
3 1833 1351 2410 1
3 926 1989 3685 1
3 731 2184 3201 1
3 940 1911 3570 1
3 923 2028 2992 1
3 98 2800 2414 1
3 868 2028 2433 1
3 912 2045 3389 1
3 909 1989 3357 1
3 1030 1884 2451 1
3 1160 1698 3379 1
3 647 2203 2391 1
3 838 2029 1872 1
3 919 1910 3165 1
3 156 2701 3621 1
3 902 1990 3088 1
3 633 2134 1951 1
3 1165 1795 3686 1
3 1164 1796 3647 1
3 1047 1832 3339 1
3 705 2301 2933 1
3 297 2546 2548 1
3 1168 1794 3802 1
3 440 2454 2041 1
3 1337 1487 3528 1
3 1117 1680 2515 1
3 96 2800 2337 1
3 495 2377 3251 1
3 1169 1795 3840 1
3 1138 1698 2894 1
3 1816 1430 2082 1
3 1326 1584 3223 1
3 904 1989 3165 1
3 1889 1392 3504 2
3 1334 1640 3473 1
3 890 1988 2893 1
3 853 2065 2026 1
3 308 2605 3136 1
3 1297 1487 2932 1
3 1834 1313 2156 1
3 684 2105 2775 1
3 638 2148 2240 1
3 269 2667 2025 1
3 437 2377 2177 1
3 1852 1369 2935 1
3 1359 1633 3901 1
3 948 1911 3880 1
3 1107 1669 2161 1
3 661 2328 2024 1
3 94 2801 2262 1
3 91 2799 2143 1
3 1093 1758 2317 1
3 754 2105 3764 1
3 1344 1487 3800 1
3 1174 1698 3685 1
3 943 1910 3686 1
3 1296 1488 2893 1
3 945 1911 3760 1
3 285 2666 2328 1
3 319 2568 3274 1
3 917 1911 3240 1
3 695 2209 2813 1
3 728 2185 3319 1
3 686 2104 2855 1
3 1335 1671 3463 1
3 104 2760 2259 1
3 1316 1492 3244 1
3 1765 1756 1869 1
3 102 2761 2184 1
3 1829 1380 2239 1
3 1136 1699 2816 1
3 1769 1602 1871 1
3 470 2377 2786 1
3 1798 1563 1899 1
3 946 1911 3802 1
3 1143 1797 3203 1
3 489 2530 2710 1
3 1086 1787 2085 1
3 309 2606 3290 1
3 503 2495 3368 1
3 145 2720 3100 1
3 1271 1602 2079 1
3 1336 1499 3493 1
3 288 2666 2470 1
3 1098 1777 2471 1
3 737 2328 3077 1
3 1166 1795 3726 1
3 736 2279 3184 1
3 434 2379 2059 1
3 1159 1701 3339 1
3 1151 1699 3069 1
3 928 1986 3766 1
3 1038 1856 2317 1
3 1301 1583 2660 1
3 930 1986 3841 1
3 873 1970 2239 1
3 630 2310 1927 1
3 1320 1583 3065 1
3 90 2798 2102 1
3 298 2550 2591 1
3 1773 1448 1873 1
3 918 1911 3201 1
3 1126 1797 2934 1
3 500 2424 3426 1
3 1813 1475 1984 1
3 1152 1700 3109 1
3 655 2205 2602 1
3 1328 1584 3300 1
3 442 2495 2288 1
3 448 2493 2061 1
3 1042 1911 2528 1
3 317 2566 3195 1
3 290 2665 2550 1
3 669 2319 2277 1
3 1312 1488 3085 1
3 1161 1697 3418 1
3 438 2379 2218 1
3 1871 1369 3287 2
3 1026 1942 2277 1
3 1362 1631 3607 1
3 268 2647 1991 1
3 445 2491 2176 1
3 1270 1556 2078 1
3 485 2493 2786 1
3 911 2036 3318 1
3 281 2548 2064 1
3 116 2761 2983 1
3 294 2548 2431 1
3 883 2029 2665 1
3 302 2647 2711 1
3 506 2493 3248 1
3 1313 1493 3124 1
3 1799 1456 1928 1
3 273 2666 2178 1
3 513 2385 3695 1
3 1832 1351 2340 1
3 1357 1586 3878 1
3 93 2800 2221 1
3 876 1970 2355 1
3 499 2376 3408 1
3 1299 1547 2699 1
3 282 2548 2025 1
3 872 1972 2201 1
3 881 2009 2576 1
3 636 2143 2161 1
3 1114 1666 2430 1
3 740 2298 3165 1
3 1844 1369 2701 1
3 315 2568 3119 1
3 502 2494 3403 1
3 1823 1432 2369 1
3 1262 1489 2235 1
3 863 2028 2239 1
3 292 2666 2626 1
3 1158 1700 3302 1
3 878 1969 2433 1
3 103 2763 2222 1
3 1177 1699 3798 1
3 1148 1717 3020 1
3 1153 1700 3143 1
3 150 2642 3195 1
3 698 2185 2738 1
3 1099 1727 1947 1
3 921 1912 3086 1
3 277 2549 2218 1
3 1827 1380 2004 1
3 1266 1492 2393 1
3 915 1911 3318 1
3 267 2665 1935 1
3 734 2182 3081 1
3 1351 1584 3648 1
3 1572 641 285 4
3 1784 1024 1869 4
3 1703 982 1521 4
3 1451 1099 334 4
3 1699 1140 1523 4
3 1538 1172 1292 4
3 2266 457 282 4
3 2386 233 802 4
3 2601 50 1673 4
3 2373 367 823 4
3 1641 822 1356 4
3 1394 1258 610 4
3 2293 305 325 4
3 2615 16 1441 4
3 2291 301 244 4
3 2396 120 882 4
3 1460 1136 322 4
3 2480 321 1277 4
3 1438 1375 1231 4
3 1473 1046 730 4
3 1584 726 117 4
3 2512 281 1743 4
3 1668 639 1298 4
3 1540 1171 1368 4
3 1576 681 164 4
3 2275 526 323 4
3 1469 1049 572 4
3 1546 843 166 4
3 2301 186 164 4
3 1409 1336 650 4
3 1413 1335 803 4
3 2501 282 1274 4
3 2376 313 801 4
3 1479 1092 764 4
3 1455 1134 128 4
3 2372 387 781 4
3 2619 12 1594 4
3 2616 13 1482 4
3 2486 320 1550 4
3 2582 88 1676 4
3 2554 123 1327 4
3 1447 1044 206 4
3 1700 1097 1524 4
3 2603 50 1754 4
3 1366 1253 91 4
3 2511 281 1704 4
3 1782 1100 1872 4
3 2287 322 48 4
3 1404 1339 453 4
3 2393 118 767 4
3 2412 89 1017 4
3 1754 713 1570 4
3 2617 14 1521 4
3 2342 262 436 4
3 2524 205 1063 4
3 1371 1230 225 4
3 1483 1128 633 4
3 1618 640 766 4
3 1789 829 1870 4
3 1560 929 286 4
3 2432 475 1316 4
3 2306 188 361 4
3 2538 166 1587 4
3 2302 186 203 4
3 2544 167 1820 4
3 2575 86 1408 4
3 1583 727 244 4
3 2389 158 670 4
3 1537 1152 1270 4
3 1533 1137 1134 4
3 2438 474 1549 4
3 2556 128 1405 4
3 1750 830 1765 4
3 1645 882 1263 4
3 2308 147 322 4
3 2571 86 1248 4
3 1398 1259 765 4
3 1612 610 503 4
3 2263 453 162 4
3 1520 1053 1325 4
3 2481 319 1317 4
3 2593 51 1366 4
3 1780 1176 1870 4
3 2488 318 1625 4
3 2296 223 282 4
3 1368 1251 128 4
3 1738 1334 1754 4
3 2449 438 1160 4
3 2555 127 1367 4
3 1805 984 1898 4
3 1365 1225 83 4
3 1370 1252 206 4
3 1630 746 958 4
3 2518 246 1373 4
3 2395 119 842 4
3 2599 53 1600 4
3 2561 129 1599 4
3 1734 1411 1693 4
3 1693 1370 1524 4
3 2620 10 1637 4
3 1389 1366 265 3
3 2421 523 1296 4
3 2289 300 163 4
3 2355 550 691 4
3 1642 843 1399 4
3 1708 790 1523 4
3 1711 675 1521 4
3 1737 1361 1626 4
3 2534 168 1391 4
3 1500 1144 1009 4
3 2292 302 285 4
3 1551 843 361 4
3 2535 167 1434 4
3 1763 560 1685 4
3 1561 933 321 4
3 1498 1029 942 4
3 1792 713 1872 4
3 2434 478 1394 4
3 1373 1287 243 4
3 1436 1395 1192 4
3 1441 1353 1326 4
3 2473 378 1551 4
3 2559 128 1522 4
3 2384 212 745 4
3 2369 426 685 4
3 2341 273 571 4
3 1489 1142 729 4
3 2589 51 1213 4
3 2618 10 1561 4
3 1637 823 1181 4
3 2401 449 1050 4
3 2587 49 1135 4
3 2493 321 1821 4
3 2590 49 1251 4
3 1521 1053 1284 4
3 2378 309 724 4
3 1701 1060 1522 4
3 2295 247 382 4
3 1796 557 1872 4
3 1414 1335 844 4
3 2374 311 883 4
3 2453 436 1320 4
3 2431 474 1277 4
3 2387 235 843 4
3 1423 1239 1288 4
3 2358 521 729 4
3 1758 628 1762 4
3 1600 930 804 4
3 2271 525 166 4
3 1662 708 1067 4
3 1431 1296 1319 4
3 2591 50 1288 4
3 1490 1141 768 4
3 1623 689 843 4
3 1573 642 323 4
3 1470 1045 608 4
3 2411 106 972 4
3 2309 147 287 4
3 2304 186 285 4
3 2333 437 532 4
3 2564 127 1713 4
3 2560 131 1560 4
3 1575 671 360 4
3 1512 996 1393 4
3 1804 1060 1909 4
3 2150 655 1966 4
3 1707 829 1522 4
3 1736 1370 1594 4
3 2416 523 1103 4
3 1410 1336 689 4
3 2335 397 524 4
3 2368 427 728 4
3 1663 638 1105 4
3 2492 319 1784 4
3 1412 1336 768 4
3 1382 1330 244 4
3 2343 229 452 4
3 1511 998 1339 4
3 2430 477 1241 4
3 2428 475 1162 4
3 1433 1356 1130 4
3 1523 1058 1210 4
3 2344 224 484 4
3 1795 596 1871 4
3 1682 811 1481 4
3 1383 1329 284 4
3 2506 283 1473 4
3 1364 1187 114 4
3 1745 1004 1636 4
3 2265 456 242 4
3 2505 281 1435 4
3 1702 1022 1522 4
3 2382 234 685 4
3 1251 1567 1405 3
3 360 2466 649 3
3 1214 1452 844 3
3 32 2761 497 3
3 604 2253 1463 3
3 1008 1751 1409 3
3 52 2801 1254 3
3 250 2665 1836 3
3 1185 1442 242 3
3 198 2592 521 3
3 1070 1741 614 3
3 612 2145 1753 3
3 779 2010 488 3
3 1241 1529 1291 3
3 177 2538 248 3
3 1064 1643 285 3
3 597 2291 1221 3
3 252 2646 1486 3
3 1685 1678 1524 3
3 26 2800 654 3
3 193 2660 656 3
3 529 2267 325 3
3 1217 1537 809 3
3 574 2167 921 3
3 21 2800 460 3
3 978 1856 770 3
3 1218 1540 767 3
3 426 2492 1753 3
3 1014 1854 1523 3
3 806 2074 1299 3
3 525 2228 76 3
3 566 2266 651 3
3 46 2800 1098 3
3 851 1967 1351 3
3 432 2494 1349 3
3 833 2029 1680 3
3 1677 1679 1484 3
3 1254 1663 1171 3
3 1718 1720 1598 3
3 333 2466 323 3
3 1210 1454 687 3
3 810 2038 1281 3
3 259 2550 1640 3
3 839 2076 1813 3
3 230 2541 1121 3
3 334 2406 207 3
3 262 2551 1756 3
3 1012 1892 1636 3
3 53 2800 1292 3
3 1004 1749 1293 3
3 188 2659 441 3
3 974 1886 697 3
3 522 2149 323 3
3 1227 1518 455 3
3 376 2349 1114 3
3 518 2149 165 3
3 5 2830 194 3
3 71 2801 1581 3
3 588 2206 1181 3
3 625 2203 1521 3
3 769 1979 325 3
3 1204 1453 455 3
3 385 2466 1269 3
3 241 2643 1484 3
3 850 1969 1795 3
3 236 2501 1342 3
3 537 2267 127 3
3 394 2338 1452 3
3 1065 1641 322 3
3 418 2376 1637 3
3 1687 1601 1522 3
3 31 2762 459 3
3 1226 1538 534 3
3 363 2467 540 3
3 232 2539 1195 3
3 611 2147 1716 3
3 1052 1735 170 3
3 29 2800 772 3
3 15 2791 191 3
3 975 1859 694 3
3 1015 1856 1562 3
3 1216 1542 891 3
3 820 1954 972 3
3 56 2799 1409 3
3 248 2666 1755 3
3 82 2761 1621 3
3 392 2367 1354 3
3 578 2147 1107 3
3 76 2800 1781 3
3 258 2552 1600 3
3 966 1761 449 3
3 1076 1651 534 3
3 203 2542 615 3
3 787 2050 812 3
3 979 1913 770 3
3 1188 1482 302 3
3 180 2541 362 3
3 1247 1567 1251 3
3 760 2097 227 3
3 964 1819 214 3
3 224 2617 1195 3
3 577 2148 1063 3
3 775 1941 246 3
3 1067 1652 450 3
3 1691 1448 1524 3
3 254 2628 1715 3
3 1215 1452 880 3
3 608 2147 1597 3
3 342 2462 168 3
3 621 2202 1673 3
3 49 2801 1178 3
3 831 2029 1599 3
3 1060 1645 129 3
3 396 2436 1431 3
3 1077 1652 575 3
3 848 1971 1717 3
3 372 2475 1008 3
3 1195 1526 204 3
3 1069 1741 575 3
3 217 2656 1118 3
3 36 2763 656 3
3 256 2548 1524 3
3 12 2792 75 3
3 397 2425 1394 3
3 399 2465 1471 3
3 783 2059 651 3
3 777 1939 325 3
3 1203 1412 610 3
3 235 2540 1311 3
3 1676 1717 1484 3
3 374 2351 1040 3
3 205 2543 691 3
3 402 2320 1557 3
3 556 2188 642 3
3 218 2657 1159 3
3 598 2263 1182 3
3 240 2628 1435 3
3 330 2349 286 3
3 192 2659 618 3
3 2 2830 77 3
3 175 2543 170 3
3 400 2473 1373 3
3 164 2609 48 3
3 763 2060 170 3
3 796 1941 771 3
3 982 1847 904 3
3 1083 1650 856 3
3 587 2193 1221 3
3 781 2060 574 3
3 171 2659 325 3
3 805 2068 1259 3
3 228 2542 1040 3
3 798 2058 981 3
3 765 2058 248 3
3 30 2800 810 3
3 1082 1651 770 3
3 976 1856 734 3
3 995 1836 1214 3
3 1249 1567 1322 3
3 1053 1731 209 3
3 791 1942 572 3
3 558 2225 555 3
3 986 1866 1099 3
3 804 2068 1223 3
3 174 2543 131 3
3 544 2266 464 3
3 1219 1542 727 3
3 73 2799 1656 3
3 953 1896 365 3
3 829 2028 1526 3
3 23 2801 538 3
3 233 2539 1231 3
3 18 2791 306 3
3 618 2205 1789 3
3 1686 1640 1525 3
3 992 1863 1329 3
3 776 1941 285 3
3 785 2059 732 3
3 560 2303 767 3
3 191 2658 577 3
3 559 2233 728 3
3 33 2761 540 3
3 1234 1454 1210 3
4 2237 675 3279 2
4 2666 520 2593 2
4 2976 10 2754 2
4 1911 1273 3683 2
4 2240 675 3396 2
4 3004 114 3600 2
4 2951 50 2603 2
4 2747 462 3122 2
4 2110 904 3703 2
4 2054 890 2276 2
4 1853 1273 2933 2
4 2030 970 3018 2
4 2992 135 3510 2
4 2633 484 2098 2
4 2010 1062 3647 2
4 2927 87 2489 2
4 2172 597 2278 2
4 2209 598 2863 2
4 1855 1273 2852 2
4 2058 886 2430 2
4 2171 600 2239 2
4 2132 750 2159 2
4 2650 483 2707 2
4 2687 319 2274 2
4 2637 426 2198 2
4 2920 87 2218 2
4 2979 11 2872 2
4 2921 87 2258 2
4 2099 910 3440 2
4 2969 10 2484 2
4 2713 279 2527 2
4 2243 676 3531 2
4 1986 1061 3241 2
4 2067 946 2777 2
4 2764 560 3839 2
4 2815 324 3413 2
4 2220 733 3277 2
4 2950 49 2564 2
4 1977 1158 3320 2
4 2723 320 2757 2
4 2217 736 3164 2
4 2082 944 3021 2
4 2707 387 2554 2
4 2829 221 3338 2
4 3018 105 3375 2
4 2952 50 2643 2
4 1987 1059 3280 2
4 2910 126 2683 2
4 1981 1097 3206 2
4 2994 156 3591 2
4 2981 173 3143 2
4 2987 154 3278 2
4 2983 155 3123 2
4 2190 697 2630 2
4 2894 164 2954 2
4 1985 1062 3203 2
4 2095 850 3242 2
4 2752 462 3316 2
4 2078 849 2699 2
4 1908 1272 3567 2
4 1992 1186 3743 2
4 2125 811 3858 2
4 2064 947 2659 2
4 2006 1118 3870 2
4 3003 114 3585 2
4 2977 10 2801 2
4 1998 1153 3686 2
4 2901 125 2158 2
4 2853 203 2197 2
4 2185 732 2896 2
4 1854 1272 2893 2
4 3010 112 3779 2
4 1991 1224 3667 2
4 3009 112 3739 2
4 2696 278 2115 2
4 2762 558 3766 2
4 1856 1274 2814 2
4 1857 1275 2780 2
4 3022 36 3460 2
4 2838 270 3706 2
4 2066 946 2740 2
4 2945 49 2370 2
4 1860 1273 2664 2
4 3023 75 3546 2
4 2259 609 3940 2
4 2133 773 2180 2
4 2117 848 3647 2
4 2100 943 3530 2
4 2800 346 3317 2
4 2031 1003 3426 2
4 2248 675 3726 2
4 2092 849 3125 2
4 2754 463 3395 2
4 2968 9 2448 2
4 3007 112 3663 2
4 2041 926 2317 2
4 2878 166 2315 2
4 1984 1064 3162 2
4 2889 165 2759 2
4 2937 87 2872 2
4 2061 910 2588 2
4 2101 947 3570 2
4 2162 654 2430 2
4 2226 733 3687 2
4 2744 560 3437 2
4 2238 677 3320 2
4 2652 482 2784 2
4 1879 1233 3280 2
4 2219 732 3237 2
4 3026 35 3622 2
4 2903 127 2416 2
4 2722 282 2717 2
4 1956 1159 2854 2
4 2647 483 2592 2
4 2012 1062 3730 2
4 2207 596 2787 2
4 2772 452 3565 2
4 1980 1121 3105 2
4 2059 887 2468 2
4 2835 272 3587 2
4 2152 655 2040 2
4 1864 1252 3025 2
4 2733 320 2949 2
4 2206 596 2748 2
4 2725 318 2798 2
4 2655 485 2903 2
4 2163 655 2469 2
4 2063 869 2633 2
4 1928 1197 2317 2
4 2924 90 2373 2
4 1858 1272 2737 2
4 2745 490 3277 2
4 2034 928 2048 2
4 2881 164 2430 2
4 2032 968 3425 2
4 2857 202 2353 2
4 1999 1158 3729 2
4 2176 598 2432 2
4 2685 319 2199 2
4 2966 13 2378 2
4 2090 945 3359 2
4 2161 657 2390 2
4 2716 283 2600 2
4 2777 463 3761 2
4 2938 88 2911 2
4 2887 163 2683 2
4 3025 76 3624 2
4 2743 561 3393 2
4 1874 1328 3417 2
4 2643 463 2438 2
4 2928 86 2524 2
4 2074 850 2854 2
4 2154 658 2123 2
4 2230 734 3844 2
4 2211 595 2943 2
4 2014 1061 3801 2
4 2785 396 3418 2
4 2194 639 2673 2
4 1954 1160 2776 2
4 2083 941 3088 2
4 2229 732 3804 2
4 2060 889 2509 2
4 2721 320 2717 2
4 2792 405 3906 2
4 2173 597 2317 2
4 2975 9 2718 2
4 2875 165 2197 2
4 2880 164 2392 2
4 2876 164 2233 2
4 2933 89 2718 2
4 1961 1082 2758 2
4 2052 887 2201 2
4 2068 947 2815 2
4 2236 672 3241 2
4 1861 1234 2963 2
4 2872 165 2081 2
4 2149 750 3708 2
4 2208 597 2825 2
4 1876 1271 3357 2
4 3031 78 3858 2
4 2022 1072 2198 2
4 2070 947 2894 2
4 2642 436 2437 2
4 2905 128 2489 2
4 2755 464 3434 2
4 2783 394 3260 2
4 1965 1062 2776 2
4 2862 205 2699 2
4 2046 924 2508 2
4 2879 165 2351 2
4 2978 10 2834 2
4 2970 9 2524 2
4 1836 1274 2490 2
4 2121 850 3800 2
4 2694 282 2042 2
4 1948 1191 2576 2
4 1963 1063 2701 2
4 2164 656 2509 2
4 2639 484 2313 2
4 2235 674 3199 2
4 1828 1410 2102 3
4 504 2493 3326 3
4 680 2115 2584 3
4 1356 1584 3842 3
4 756 2106 3841 3
4 1260 1487 2157 3
4 289 2666 2508 3
4 884 1982 2663 3
4 1024 1930 2024 3
4 484 2492 2825 3
4 1283 1468 2613 3
4 933 2036 3841 3
4 478 2529 2979 3
4 487 2531 2827 3
4 900 2026 2992 3
4 1865 1343 3049 2
4 1121 1798 2742 3
4 1090 1786 2238 3
4 1036 1855 2236 3
4 496 2375 3288 3
4 122 2798 3234 3
4 1257 1598 1995 3
4 1155 1701 3223 3
4 1281 1477 2491 3
4 1330 1582 3373 3
4 949 1893 3820 3
4 859 2030 2084 3
4 1157 1678 3280 3
4 1325 1601 3205 3
4 916 1911 3278 3
4 1146 1795 3320 3
4 1163 1795 3609 3
4 1846 1371 2740 3
4 118 2800 3083 3
4 856 2095 2229 3
4 1131 1736 2963 3
4 1818 1429 2160 3
4 322 2566 3386 3
4 724 2103 3318 3
4 452 2377 2468 3
4 92 2801 2183 3
4 152 2761 3332 3
4 1820 1430 2238 3
4 1868 1373 3166 3
4 1826 1425 2493 3
4 741 2296 3205 3
4 678 2163 2624 3
4 744 2300 3324 3
4 89 2800 2067 3
4 934 2015 3881 3
4 272 2665 2139 3
4 1272 1604 2118 3
4 642 2146 2393 3
4 114 2732 2618 3
4 1097 1785 2431 3
4 1084 1785 2005 3
4 1276 1604 2272 3
4 666 2319 2202 3
4 854 2107 2095 3
4 1133 1699 2702 3
4 733 2183 3122 3
4 758 2166 3850 3
4 910 1989 3419 3
4 1137 1699 2856 3
4 151 2763 3292 3
4 713 2337 2703 3
4 1105 1668 2083 3
4 1261 1487 2198 3
4 508 2493 3170 3
4 651 2204 2239 3
4 1140 1795 3088 3
4 870 1970 2120 3
4 657 2241 2062 3
4 105 2761 2297 3
4 874 1969 2278 3
4 1817 1430 2122 3
4 709 2297 2776 3
4 908 1989 3317 3
4 1127 1736 2719 3
4 1319 1488 3357 3
4 725 2106 3359 3
4 925 1988 3646 3
4 1322 1588 3102 3
4 747 2327 3416 3
4 1311 1448 3124 3
4 159 2701 3940 3
4 1110 1669 2274 3
4 1176 1696 3765 3
4 938 1949 3888 3
4 753 2105 3723 3
4 662 2319 2080 3
4 746 2339 3260 3
4 852 1969 1871 3
4 932 2015 3802 3
4 1094 1788 2355 3
4 307 2605 3109 3
4 877 1970 2392 3
4 1824 1428 2391 3
4 1103 1668 2003 3
4 446 2492 2138 3
4 1851 1369 2894 3
4 1130 1729 2913 3
4 1840 1291 2527 2
4 1310 1439 3046 3
4 119 2799 3117 3
4 110 2772 2512 3
4 441 2474 1953 3
4 1043 1871 2526 3
4 675 2348 2396 3
4 1295 1457 2890 3
4 1306 1581 2852 3
4 745 2299 3355 3
4 693 2183 2893 3
4 1847 1370 2782 3
4 1361 1622 3648 3
4 1124 1797 2857 3
4 1089 1786 2200 3
4 479 2515 3013 3
4 324 2568 3466 3
4 891 1988 2934 3
4 108 2800 2411 3
4 312 2604 3410 3
4 498 2378 3368 3
4 449 2495 2022 3
4 924 1988 3606 3
4 673 2319 2396 3
4 1171 1697 3568 3
4 1178 1697 3847 3
4 866 2027 2354 3
4 1273 1604 2074 3
4 275 2665 2254 3
4 1095 1757 2374 3
4 291 2665 2586 3
4 641 2145 2354 3
4 1096 1789 2368 3
4 1125 1795 2892 3
4 950 1870 3782 3
4 1037 1853 2277 3
4 153 2761 3369 3
4 1819 1429 2198 3
4 913 1911 3416 3
4 1873 1374 3358 2
4 882 2009 2622 3
4 1867 1372 3128 3
4 1825 1429 2427 3
4 1122 1797 2778 3
4 1352 1584 3686 3
4 632 2194 1921 3
4 435 2377 2099 3
4 1150 1696 3041 3
4 97 2801 2376 3
4 901 1929 3049 3
4 1102 1709 2429 3
4 144 2733 2374 3
4 867 2027 2393 3
4 672 2321 2355 3
4 1041 1852 2431 3
4 507 2493 3210 3
4 755 2103 3801 3
4 726 2106 3416 3
4 886 1988 2743 3
4 1031 1853 2023 3
4 501 2454 3444 3
4 505 2492 3286 3
4 668 2319 2238 3
4 1154 1699 3183 3
4 858 2009 2024 3
4 1323 1585 3146 3
4 101 2761 2144 3
4 671 2320 2316 3
4 274 2665 2220 3
4 126 2797 3389 3
4 664 2318 2165 3
4 109 2800 2491 3
4 667 2290 2230 3
4 629 2308 1966 3
4 491 2376 3095 3
4 635 2146 2122 3
4 509 2492 3127 3
4 752 2104 3684 3
4 935 1949 3605 3
4 1315 1485 3201 3
4 735 2222 3222 3
4 2578 91 1520 1
4 2611 11 1289 1
4 2408 225 1026 1
4 1579 730 359 1
4 2545 168 1858 1
4 1613 601 575 1
4 2537 167 1550 1
4 1421 1238 1210 1
4 2579 88 1558 1
4 1422 1239 1250 1
4 2513 284 1783 1
4 1586 729 130 1
4 2381 234 650 1
4 1381 1329 204 1
4 1407 1335 573 1
4 2520 230 1471 1
4 2459 435 1552 1
4 2394 120 805 1
4 2609 15 1210 1
4 1617 638 728 1
4 2418 523 1183 1
4 2563 130 1678 1
4 2349 64 453 1
4 1620 640 842 1
4 1670 640 1375 1
4 1681 1002 1482 1
4 1739 1313 1783 1
4 2425 523 1454 1
4 2405 262 991 1
4 1591 855 706 1
4 1485 1144 573 1
4 2510 281 1667 1
4 1656 710 1301 1
4 1569 637 164 1
4 1626 727 628 1
4 2435 475 1431 1
4 2337 366 604 1
4 1603 928 689 1
4 1380 1329 166 1
4 1713 597 1521 1
4 2514 283 1822 1
4 2280 339 124 1
4 1574 640 361 1
4 1602 933 726 1
4 1531 1173 1093 1
4 1659 706 1181 1
4 2297 212 110 1
4 2530 187 1260 1
4 1812 599 1908 1
4 1396 1257 689 1
4 1411 1337 733 1
4 1541 1170 1408 1
4 1742 1140 1814 1
4 2536 170 1471 1
4 1508 997 1222 1
4 2268 456 361 1
4 2350 4 554 1
4 1793 674 1868 1
4 1419 1236 1135 1
4 1513 1055 1431 1
4 2312 149 166 1
4 2456 436 1435 1
4 1448 1046 246 1
4 2427 476 1121 1
4 2500 280 1240 1
4 2588 51 1175 1
4 1762 560 1646 1
4 1577 680 84 1
4 2339 312 465 1
4 1440 1354 1288 1
4 1504 998 1066 1
4 1558 931 246 1
4 1539 1172 1330 1
4 2549 128 1132 1
4 1778 1253 1873 1
4 2565 128 1753 1
4 2361 521 841 1
4 1589 782 653 1
4 2332 467 475 1
4 2613 13 1368 1
4 2551 128 1213 1
4 2317 33 126 1
4 2440 475 1625 1
4 2392 119 728 1
4 2610 12 1249 1
4 1420 1239 1174 1
4 1590 842 631 1
4 2407 205 987 1
4 1761 598 1607 1
4 1379 1327 126 1
4 2621 15 1678 1
4 1480 1074 727 1
4 2482 321 1353 1
4 1787 904 1870 1
4 1753 752 1611 1
4 2340 272 522 1
4 1599 929 846 1
4 2126 694 1955 1
4 2286 342 359 1
4 2519 241 1433 1
4 1377 1319 48 1
4 1669 640 1337 1
4 2285 341 323 1
4 1450 1046 322 1
4 1395 1259 648 1
4 1611 611 474 1
4 1671 641 1415 1
4 1405 1337 493 1
4 2479 319 1239 1
4 1468 1047 534 1
4 2313 149 129 1
4 2367 428 768 1
4 1790 789 1872 1
4 2314 111 168 1
4 2569 87 1169 1
4 2277 559 390 1
4 2457 438 1473 1
4 1752 782 1630 1
4 2612 14 1328 1
4 2325 33 323 1
4 1644 881 1296 1
4 1747 928 1667 1
4 2279 363 47 1
4 2572 90 1292 1
4 2365 428 843 1
4 2310 150 244 1
4 2379 311 685 1
4 1443 1356 1406 1
4 2383 234 724 1
4 1704 947 1522 1
4 1651 750 1088 1
4 1532 1172 1135 1
4 1547 844 206 1
4 1417 1279 990 1
4 1516 1055 1400 1
4 2487 321 1590 1
4 2375 311 839 1
4 2267 457 320 1
4 2466 438 1822 1
4 1397 1259 727 1
4 2531 168 1281 1
4 1494 1218 861 1
4 2017 954 1976 1
4 1740 1274 1560 1
4 2445 476 1830 1
4 2471 385 1230 1
4 2462 438 1665 1
4 1665 641 1179 1
4 1562 930 370 1
4 1519 1094 1355 1
4 1378 1329 83 1
4 1781 1139 1869 1
4 2331 494 504 1
4 2260 438 49 1
4 1640 821 1298 1
4 2508 281 1584 1
4 1550 843 322 1
4 1406 1334 533 1
4 1643 882 1336 1
4 2478 322 1200 1
4 1445 1047 125 1
4 1695 1292 1524 1
4 1627 896 1027 1
4 1594 843 864 1
4 1401 1297 611 1
4 2580 94 1606 1
4 1622 689 890 1
4 2521 260 1514 1
4 1794 637 1869 1
4 1477 1047 887 1
4 2284 341 282 1
4 1415 1333 885 1
4 1384 1329 321 1
4 2294 304 362 1
4 1585 729 166 1
4 2485 320 1471 1
4 1614 654 571 1
4 2540 167 1665 1
4 1484 1142 529 1
4 1808 848 1907 1
4 2528 165 1202 1
4 1764 521 1784 1
4 2347 54 574 1
4 1809 769 1906 1
4 1564 826 440 1
4 2423 523 1377 1
4 2402 396 976 1
4 2574 90 1369 1
4 1639 825 1261 1
4 2507 281 1550 1
4 1748 869 1743 1
4 1418 1279 1062 1
4 1486 1142 610 1
4 594 2261 1296 4
4 821 1951 893 4
4 1722 1640 1658 4
4 768 1991 187 4
4 62 2763 1255 4
4 583 2148 1300 4
4 958 1848 249 4
4 1222 1539 689 4
4 527 2218 303 4
4 761 2058 86 4
4 328 2349 208 4
4 245 2667 1640 4
4 1009 1697 1389 4
4 1018 1855 1678 4
4 563 2303 709 4
4 1020 1856 1756 4
4 1232 1450 1132 4
4 834 2028 1719 4
4 1079 1651 653 4
4 988 1868 1174 4
4 1184 1441 204 4
4 519 2147 209 4
4 774 1942 209 4
4 20 2792 384 4
4 1250 1565 1370 4
4 194 2661 701 4
4 993 1864 1369 4
4 817 1950 1111 4
4 968 1837 438 4
4 213 2570 1004 4
4 211 2617 847 4
4 1690 1485 1521 4
4 378 2349 1192 4
4 1003 1750 1250 4
4 1001 1748 1175 4
4 189 2660 500 4
4 409 2321 1832 4
4 341 2467 208 4
4 389 2465 1158 4
4 356 2351 768 4
4 229 2540 1079 4
4 1017 1853 1641 4
4 521 2147 282 4
4 220 2657 1236 4
4 1186 1442 282 4
4 419 2378 1597 4
4 569 2266 534 4
4 1732 1488 1715 4
4 794 1943 693 4
4 562 2266 730 4
4 239 2512 1436 4
4 1253 1605 1190 4
4 212 2620 916 4
4 63 2761 1293 4
4 800 2069 1069 4
4 1194 1531 167 4
4 576 2149 1031 4
4 1720 1679 1696 4
4 568 2262 571 4
4 87 2762 1821 4
4 1678 1631 1473 4
4 219 2656 1200 4
4 987 1865 1137 4
4 795 1943 729 4
4 579 2149 1143 4
4 390 2462 1112 4
4 967 1808 453 4
4 80 2760 1543 4
4 414 2378 1789 4
4 540 2111 428 4
4 16 2791 231 4
4 606 2146 1520 4
4 405 2320 1673 4
4 1688 1563 1524 4
4 1196 1530 245 4
4 352 2350 614 4
4 818 1950 1068 4
4 846 1970 1643 4
4 1724 1606 1548 4
4 808 2067 1365 4
4 832 2029 1638 4
4 387 2484 1212 4
4 1675 1756 1494 4
4 546 2229 406 4
4 404 2318 1638 4
4 960 1850 327 4
4 216 2658 1082 4
4 358 2466 729 4
4 1209 1451 652 4
4 185 2494 249 4
4 767 2058 328 4
4 778 2037 410 4
4 1080 1653 692 4
4 534 2265 203 4
4 255 2618 1756 4
4 388 2465 1190 4
4 1011 1933 1642 4
4 826 1941 1427 4
4 357 2467 765 4
4 182 2571 325 4
4 339 2467 242 4
4 329 2350 244 4
4 359 2466 692 4
4 989 1866 1215 4
4 61 2761 1213 4
4 338 2468 283 4
4 48 2831 1158 4
4 1237 1451 1324 4
4 196 2659 772 4
4 415 2378 1752 4
4 815 1951 1183 4
4 532 2267 243 4
4 1248 1566 1290 4
4 819 1954 1028 4
4 1055 1731 288 4
4 354 2352 691 4
4 195 2658 733 4
4 1198 1530 323 4
4 609 2146 1635 4
4 620 2205 1714 4
4 1208 1451 612 4
4 771 1942 90 4
4 1181 1443 88 4
4 1056 1731 325 4
4 581 2146 1219 4
4 567 2267 615 4
4 28 2802 732 4
4 253 2617 1525 4
4 86 2761 1775 4
4 764 2058 209 4
4 85 2762 1737 4
4 420 2378 1558 4
4 369 2495 941 4
4 543 2246 486 4
4 570 2130 803 4
4 44 2724 1029 4
4 8 2831 309 4
4 772 1944 130 4
4 332 2400 333 4
4 340 2494 245 4
4 1238 1450 1366 4
4 1726 1574 1596 4
4 580 2145 1183 4
4 1075 1742 766 4
4 204 2542 657 4
4 957 1848 211 4
4 773 1943 167 4
4 227 2558 1214 4
4 79 2760 1506 4
4 136 2716 191 4
4 571 2167 848 4
4 6 2831 231 4
4 9 2830 347 4
4 261 2551 1717 4
4 401 2321 1522 4
4 260 2550 1677 4
4 965 1770 360 4
4 585 2146 1377 4
4 554 2128 807 4
4 564 2265 689 4
4 1197 1528 283 4
4 1071 1741 658 4
4 972 1855 615 4
4 186 2590 393 4
4 60 2762 1178 4
4 786 2059 772 4
4 403 2320 1598 4
4 247 2665 1728 4
4 10 2830 384 4
4 1245 1567 1171 4
4 956 1846 168 4
4 348 2468 467 4
4 59 2762 1138 4
4 380 2348 1270 4
4 81 2763 1586 4
4 199 2581 770 4
4 799 2070 1031 4
4 1223 1533 647 4
4 373 2466 1038 4
4 4 2831 155 4
4 969 1903 516 4
4 407 2322 1755 4
4 386 2465 1232 4
