1 4 58.2 -134.27 1
1 5 49.16 -123.07 1
1 9 52.07 -106.38 1
1 11 58.46 -94.1 1
1 12 43.39 -79.23 1
1 15 46.49 -71.14 1
1 16 44.39 -63.36 1
1 18 47.36 -122.2 1
1 27 35.05 -106.4 1
1 31 41.16 -95.57 1
1 34 32.47 -96.48 1
1 36 43.02 -87.55 1
1 41 42.2 -83.03 1
1 43 39.06 -84.31 1
1 45 42.21 -71.04 1
1 46 40.43 -74.01 1
1 47 39.57 -75.07 1
1 48 38.54 -77.01 1
1 50 25.46 -80.12 1
1 51 25.05 -77.21 1
1 55 22.13 -97.51 1
1 56 22.09 -100.59 1
1 59 19.03 -98.12 1
1 60 19.2 -96.4 1
1 61 16.51 -99.55 1
1 62 17.03 -96.43 1
1 64 20.58 -89.37 1
1 67 13.42 -89.12 1
1 68 14.06 -87.13 1
1 69 12.09 -86.17 1
1 73 22.24 -79.58 1
1 74 20.01 -75.49 1
1 80 13.06 -59.37 1
1 82 12.06 -68.56 1
1 83 4.56 -52.2 1
1 85 6.48 -58.1 1
1 86 10.3 -66.56 1
1 92 -0.56 -91.01 1
1 94 -1.4 -78.38 1
1 95 -2.1 -79.5 1
1 96 -3.46 -73.15 1
1 98 -12.03 -77.03 1
1 100 -16.24 -71.33 1
1 105 -33.27 -70.4 1
1 111 -34.5 -56.12 1
1 114 -31.24 -64.11 1
1 118 -30.04 -51.11 1
1 119 -27.35 -48.34 1
1 120 -25.25 -49.15 1
1 122 -22.54 -43.14 1
1 125 -20.27 -54.37 1
1 129 -12.59 -38.31 1
1 133 -5.05 -42.49 1
1 134 -2.31 -44.16 1
1 136 -3.08 -60.01 1
1 137 -8.46 -63.54 1
1 140 32.38 -16.54 2
1 142 33.39 -7.35 2
1 145 35.48 -5.45 2
1 150 36.48 10.11 2
1 151 34.44 10.46 2
1 152 32.54 13.11 2
1 153 32.07 20.04 2
1 165 11.36 43.09 4
1 168 13.28 -16.39 2
1 169 11.51 -15.35 2
1 173 9.31 -13.43 4
1 178 5.33 -0.13 4
1 188 0.2 6.44 4
1 191 4.22 18.35 4
1 194 -4.18 15.18 4
1 199 -1.57 30.04 4
1 205 -6.48 39.17 4
1 206 -8.48 13.14 4
1 210 -15.25 28.17 4
1 211 -20.09 28.36 4
1 213 -15.47 35 4
1 214 -19.49 34.52 4
1 215 -25.58 32.35 4
1 218 -22.59 14.31 4
1 219 -22.34 17.06 4
1 220 -26.38 15.1 4
1 227 -33.58 25.4 4
1 228 -33.55 18.22 4
1 232 -20.1 57.3 4
1 233 -4.38 55.27 4
1 235 38.43 -9.08 2
1 239 36.43 -4.25 2
1 251 39.34 2.39 2
1 255 43.18 5.24 2
1 256 43.42 7.15 2
1 259 45.5 1.16 2
1 261 45.45 4.51 2
1 262 45.1 5.43 2
1 263 48.24 -4.29 2
1 264 48.05 -1.41 2
1 266 47.23 0.41 2
1 268 48.52 2.2 2
1 277 51.03 3.43 2
1 279 51.26 5.28 2
1 284 50.23 -4.1 2
1 289 51.3 -0.1 2
1 292 53.3 -2.15 2
1 294 53.5 -1.35 2
1 298 56.28 -3 2
1 299 57.1 -2.04 2
1 302 51.54 -8.28 2
1 303 52.4 -8.38 2
1 304 53.2 -6.15 2
1 306 55 -7.19 2
1 308 64.11 -51.44 1
1 310 70.4 23.42 2
1 311 68.26 17.25 2
1 323 59.2 18.03 2
1 324 57.38 18.18 2
1 328 53.04 8.49 2
1 329 53.33 9.59 2
1 330 54.2 10.08 2
1 334 52.07 11.38 2
1 337 50.44 7.05 2
1 340 51.17 7.17 2
1 348 51.19 12.2 2
1 349 50.5 12.55 2
1 350 51.03 13.44 2
1 351 49.14 6.59 2
1 355 49.27 11.04 2
1 356 49.03 8.24 2
1 357 48.46 9.11 2
1 358 49.01 12.06 2
1 360 46.12 6.09 2
1 364 47.23 8.32 2
1 368 48.13 16.2 2
1 374 45.4 13.46 2
1 376 44.29 11.2 2
1 377 43.46 11.15 2
1 384 40.28 17.15 2
1 385 38.11 15.33 2
1 389 53.24 14.32 2
1 391 53.08 18 2
1 393 51.46 19.3 2
1 395 53.09 23.09 2
1 401 50.05 14.26 2
1 403 49.12 16.37 2
1 405 48.43 21.15 2
1 407 47.32 21.38 2
1 409 46.15 20.09 2
1 411 46.47 23.36 2
1 415 44.26 26.06 2
1 418 45.2 14.27 2
1 419 45.48 15.58 2
1 420 43.31 16.27 2
1 422 44.5 20.3 2
1 423 42.38 18.07 2
1 424 41.59 21.26 2
1 426 42.41 23.19 2
1 429 42.3 27.28 2
1 437 64.34 40.32 2
1 440 56.57 24.06 2
1 441 54.43 20.3 2
1 443 53.54 27.34 2
1 452 50 36.15 2
1 453 48.27 34.59 2
1 455 47.14 39.42 2
1 457 46.21 48.03 2
1 461 58 56.15 2
1 466 55.02 82.55 3
1 470 41.2 69.18 3
1 471 39.4 66.48 3
1 476 52.03 113.3 3
1 480 59.34 150.48 3
1 481 50.17 127.32 3
1 485 43.1 131.56 3
1 486 41.01 28.58 2
1 487 38.25 27.09 2
1 488 39.56 32.52 2
1 497 33.53 35.3 2
1 500 32.04 34.46 2
1 502 24.28 39.36 4
1 507 12.45 45.12 4
1 508 14.32 49.08 4
1 513 24.38 46.43 4
1 515 30.3 47.47 2
1 525 29.36 52.32 2
1 527 36.18 59.36 3
1 528 34.2 62.12 3
1 531 33.36 73.04 3
1 535 30.12 67 3
1 537 25.22 68.22 3
1 538 24.52 67.03 3
1 539 30.19 78.02 3
1 540 28.4 77.13 3
1 541 26.17 73.02 3
1 543 26.28 80.21 3
1 544 25.2 83 3
1 546 22.32 88.22 3
1 549 20.3 85.5 3
1 551 17.23 78.29 3
1 553 15.21 75.1 3
1 556 10.49 78.41 3
1 558 6.56 79.51 3
1 560 27.28 89.39 3
1 561 23.43 90.25 3
1 562 22.2 91.5 3
1 563 22 96.05 3
1 568 21.02 105.51 3
1 569 16.28 107.36 3
1 571 10.45 106.4 3
1 573 13.45 100.31 3
1 574 5.25 100.2 3
1 579 -2.55 104.45 3
1 581 -6.54 107.36 3
1 584 -8.39 115.13 3
1 591 1.29 124.51 3
1 596 10.42 122.34 3
1 598 22.17 114.09 3
1 603 34.15 108.52 3
1 604 30.39 104.04 3
1 605 29.39 106.34 3
1 606 25.05 102.4 3
1 608 26.06 119.17 3
1 610 32.03 118.47 3
1 611 31.14 121.28 3
1 623 43.03 141.21 3
2 1 71.17 -156.47 1
2 6 53.33 -113.28 1
2 8 50.25 -104.39 1
2 19 47.4 -117.23 1
2 22 34.03 -118.15 1
2 24 40.46 -111.53 1
2 28 31.45 -106.29 1
2 29 46.47 -92.06 1
2 33 35.28 -97.32 1
2 35 29.46 -95.22 1
2 37 41.53 -87.38 1
2 38 38.39 -90.25 1
2 42 40.26 -80 1
2 52 28.38 -106.05 1
2 53 25.33 -103.26 1
2 58 19.24 -99.09 1
2 63 17.59 -92.55 1
2 72 23.08 -82.22 1
2 75 18 -76.48 1
2 76 18.32 -72.2 1
2 77 18.28 -69.54 1
2 84 5.5 -55.1 1
2 88 10.59 -74.48 1
2 91 3.27 -76.31 1
2 93 -0.13 -78.3 1
2 99 -13.31 -71.59 1
2 101 -16.3 -68.09 1
2 103 -19.35 -65.45 1
2 107 -53.09 -70.55 1
2 108 -51.42 -57.51 1
2 110 -38 -57.33 1
2 112 -34.36 -58.27 1
2 117 -25.16 -57.4 1
2 123 -20.23 -43.3 1
2 124 -19.55 -43.56 1
2 128 -15.47 -47.55 1
2 130 -8.03 -34.54 1
2 131 -5.47 -35.13 1
2 138 14.55 -23.31 3
2 147 36.47 3.03 2
2 156 29.58 32.33 2
2 157 30.03 31.15 2
2 161 13.11 30.13 3
2 164 9 38.5 3
2 166 18.06 -15.57 3
2 171 12.39 -8 3
2 174 8.3 -13.15 3
2 176 5.19 -4.02 3
2 177 6.41 -1.35 3
2 179 6.08 1.13 3
2 180 6.29 2.37 3
2 181 12.22 -1.31 3
2 185 12.07 15.03 3
2 186 6.27 3.24 3
2 189 3.45 8.47 3
2 190 3.52 11.31 3
2 193 -4.16 15.17 3
2 195 0.04 18.16 3
2 196 -5.54 22.25 3
2 197 0.3 25.12 3
2 198 -3.23 29.22 3
2 200 0.19 32.25 3
2 201 -1.17 36.49 3
2 203 -4.03 39.4 3
2 207 -12.44 15.47 3
2 208 -11.4 27.28 3
2 209 -12.49 28.13 3
2 212 -17.5 31.03 3
2 222 -25.45 28.1 3
2 223 -26.15 28 3
2 224 -29.12 26.07 3
2 225 -29.55 30.56 3
2 229 -23.21 43.4 3
2 230 -18.55 47.31 3
2 234 37.44 -25.4 2
2 236 41.11 -8.36 2
2 238 36.32 -6.18 2
2 240 37.13 -3.41 2
2 242 38.21 -0.29 2
2 246 40.24 -3.41 2
2 248 43.15 -2.58 2
2 249 43.22 -8.23 2
2 252 42.3 1.31 2
2 253 44.5 -0.34 2
2 254 43.36 1.26 2
2 257 43.42 7.23 2
2 258 42.42 9.27 2
2 265 47.13 -1.33 2
2 273 49.36 6.09 2
2 274 50.38 5.34 2
2 276 50.38 3.04 2
2 278 51.13 4.25 2
2 282 52.05 5.08 2
2 283 53.13 6.33 2
2 286 50.5 -0.08 2
2 293 53.23 -1.3 2
2 295 54.59 -1.35 2
2 297 55.53 -4.15 2
2 300 60.09 -1.09 2
2 301 62.01 -6.46 2
2 307 64.09 -21.51 2
2 312 65.01 25.28 2
2 313 61.3 23.45 2
2 314 60.27 22.17 2
2 317 60.23 5.2 2
2 318 58.58 5.45 2
2 319 59.55 10.45 2
2 322 58.25 15.37 2
2 325 56.09 10.13 2
2 326 55.24 10.23 2
2 332 51.57 7.37 2
2 333 52.24 9.44 2
2 336 50.47 6.05 2
2 343 51.32 7.13 2
2 344 51.31 7.28 2
2 345 51.19 9.29 2
2 347 51.29 11.58 2
2 354 49.48 9.56 2
2 359 48.08 11.34 2
2 361 46.31 6.38 2
2 362 46.57 7.26 2
2 369 47.05 15.27 2
2 370 45.03 7.4 2
2 371 45.28 9.12 2
2 372 45.27 11 2
2 373 45.27 12.21 2
2 378 43.55 12.28 2
2 379 39.2 9 2
2 380 41.54 12.29 2
2 381 40.51 14.17 2
2 383 41.07 16.52 2
2 388 35.54 14.31 2
2 390 54.23 18.4 2
2 399 51.15 22.35 2
2 400 49.45 13.23 2
2 404 48.09 17.07 2
2 406 47.3 19.05 2
2 408 46.05 18.13 2
2 413 45.48 24.09 2
2 425 41.2 19.5 2
2 428 43.13 27.55 2
2 430 39.36 19.56 2
2 431 40.38 22.56 2
2 432 38.15 21.44 2
2 433 37.58 23.43 2
2 434 35.2 25.09 2
2 435 35.1 33.22 2
2 438 59.55 30.15 2
2 439 59.25 24.45 2
2 442 54.41 25.19 2
2 444 49.5 24 2
2 445 50.26 30.31 2
2 446 46.28 30.44 2
2 447 55.45 37.35 2
2 448 56.2 44 2
2 449 55.45 49.08 2
2 451 51.4 39.1 2
2 454 44.36 33.32 2
2 458 41.43 44.49 2
2 459 40.11 44.3 2
2 460 40.23 49.51 2
2 474 52.16 104.2 4
2 475 47.55 106.53 4
2 479 53.01 158.39 4
2 482 50.35 137.02 4
2 483 48.27 135.06 4
2 484 46.58 142.42 4
2 491 39.55 41.17 2
2 498 31.57 35.56 2
2 501 31.46 35.14 2
2 504 21.27 39.49 3
2 505 15.23 44.12 3
2 510 25.18 55.18 2
2 511 25.17 51.32 2
2 514 29.2 47.59 2
2 516 33.21 44.25 2
2 517 35.28 44.28 2
2 518 36.2 43.08 2
2 519 38.05 46.18 2
2 520 37.16 49.36 2
2 521 35.4 51.26 2
2 522 34.19 47.04 2
2 523 30.2 48.16 2
2 524 32.4 51.38 2
2 526 30.17 57.05 2
2 533 31.25 73.05 4
2 534 30.11 71.29 4
2 542 26.55 75.49 4
2 548 21.09 79.06 4
2 550 18.58 72.5 4
2 552 17.42 83.18 4
2 557 9.56 78.07 4
2 559 27.43 85.19 4
2 564 16.47 96.1 4
2 567 17.58 102.36 4
2 572 11.33 104.55 4
2 576 1.17 103.51 4
2 578 -0.57 100.21 4
2 582 -7.48 110.22 4
2 583 -7.15 112.45 4
2 585 -10.1 123.35 4
2 586 -3.2 114.35 4
2 587 1.33 110.2 4
2 589 -0.3 117.09 4
2 590 -5.07 119.24 4
2 592 -3.43 128.12 4
2 593 -5.4 132.45 4
2 595 10.18 123.54 4
2 597 14.35 121 4
2 599 22.38 120.17 4
2 600 25.03 121.3 4
2 602 36.03 103.41 4
2 612 34.48 113.39 4
2 614 37.55 112.3 4
2 616 39.55 116.25 4
2 618 41.48 123.27 4
2 619 45.45 126.41 4
2 620 39.01 125.45 4
2 624 39.43 140.07 4
2 625 38.15 140.53 4
2 626 35.42 139.46 4
2 629 35 135.45 4
2 631 34.24 132.27 4
3 0 90 0 2
3 2 64.51 -147.43 1
3 3 61.13 -149.53 1
3 7 51.03 -114.05 1
3 10 49.53 -97.09 1
3 13 45.25 -75.42 1
3 14 45.31 -73.34 1
3 17 47.34 -52.43 1
3 20 38.35 -121.3 1
3 21 37.48 -122.24 1
3 23 32.43 -117.09 1
3 25 33.27 -112.05 1
3 26 39.43 -105.01 1
3 30 44.59 -93.13 1
3 32 39.07 -94.39 1
3 39 35.08 -90.03 1
3 40 29.58 -90.07 1
3 44 33.45 -84.23 1
3 49 30.2 -81.4 1
3 54 25.4 -100.19 1
3 57 20.4 -103.2 1
3 65 17.3 -88.12 1
3 66 14.38 -90.31 1
3 70 9.56 -84.05 1
3 71 8.58 -79.32 1
3 78 18.28 -66.07 1
3 79 14.36 -61.05 1
3 81 10.39 -61.31 1
3 87 10.4 -71.37 1
3 89 6.15 -75.35 1
3 90 4.36 -74.05 1
3 97 -8.07 -79.02 1
3 102 -17.48 -63.1 1
3 104 -23.39 -70.24 1
3 106 -36.5 -73.03 1
3 109 -38.43 -62.17 1
3 113 -32.57 -60.4 1
3 115 -32.53 -68.49 1
3 116 -26.49 -65.13 1
3 121 -23.32 -46.37 1
3 126 -15.35 -56.05 1
3 127 -16.4 -49.16 1
3 132 -3.43 -38.3 1
3 135 -1.27 -48.29 1
3 139 28.06 -15.24 2
3 141 31.38 -8 2
3 143 34.02 -6.51 2
3 144 34.05 -4.57 2
3 146 35.43 -0.43 2
3 148 22.56 5.3 2
3 149 36.22 6.37 2
3 154 31.12 29.54 2
3 155 31.16 32.18 2
3 158 24.05 32.53 2
3 159 19.37 37.14 2
3 160 15.36 32.32 2
3 162 13.38 25.21 2
3 163 15.2 38.53 2
3 167 14.4 -17.26 2
3 170 16.46 -3.01 2
3 172 10.23 -9.18 2
3 175 6.18 -10.47 2
3 182 13.31 2.07 2
3 183 12 8.3 2
3 184 11.51 13.1 2
3 187 6.27 7.27 2
3 192 0.23 9.27 2
3 202 2.01 45.2 2
3 204 -6.1 39.11 2
3 216 -15.57 -5.42 2
3 217 -37.15 -12.3 2
3 221 -24.45 25.55 2
3 226 -33 27.55 2
3 231 -12.16 49.17 2
3 237 37.23 -5.59 2
3 241 37.53 -4.46 2
3 243 39.28 -0.22 2
3 244 41.23 2.11 2
3 245 41.38 -0.53 2
3 247 41.39 -4.43 2
3 250 38.54 1.26 2
3 260 45.26 4.24 2
3 267 49.3 0.08 2
3 269 49.15 4.02 2
3 270 47.19 5.01 2
3 271 48.41 6.12 2
3 272 48.35 7.45 2
3 275 50.5 4.2 2
3 280 51.55 4.28 2
3 281 52.22 4.54 2
3 285 50.43 -1.54 2
3 287 51.29 -3.13 2
3 288 51.27 -2.35 2
3 290 52.3 -1.5 2
3 291 53.25 -2.55 2
3 296 55.57 -3.13 2
3 305 54.35 -5.55 2
3 309 76.34 -68.47 1
3 315 60.1 24.58 2
3 316 63.25 10.25 2
3 320 57.43 11.58 2
3 321 55.36 13 2
3 327 55.4 12.35 2
3 331 54.05 12.07 2
3 335 52.31 13.24 2
3 338 50.56 6.59 2
3 339 51.12 6.47 2
3 341 51.28 7.01 2
3 342 51.28 7.13 2
3 346 50.58 11.01 2
3 352 50.07 8.4 2
3 353 49.25 8.43 2
3 363 47.33 7.35 2
3 365 47.16 11.24 2
3 366 47.48 13.02 2
3 367 48.18 14.18 2
3 375 44.25 8.57 2
3 382 41.27 15.34 2
3 386 37.3 15.06 2
3 387 38.07 13.21 2
3 392 52.25 16.55 2
3 394 52.15 21 2
3 396 51.06 17 2
3 397 50.16 19 2
3 398 50.03 19.58 2
3 402 49.5 18.17 2
3 410 45.45 21.13 2
3 412 47.1 27.35 2
3 414 45.39 25.37 2
3 416 44.11 28.39 2
3 417 46.03 14.31 2
3 421 43.52 18.25 2
3 427 42.09 24.45 2
3 436 68.58 33.05 2
3 450 53.12 50.09 2
3 456 48.44 44.25 2
3 462 56.51 60.36 3
3 463 67.27 63.58 3
3 464 69.2 88.06 3
3 465 55 73.24 3
3 467 56.01 92.5 3
3 468 49.5 73.1 3
3 469 43.15 76.57 3
3 472 38.35 68.48 3
3 473 43.48 87.35 3
3 477 62.13 129.49 3
3 478 64.45 177.29 3
3 489 38.43 35.3 2
3 490 39.45 37.02 2
3 492 37.55 40.14 2
3 493 37.01 35.18 2
3 494 36.12 37.1 2
3 495 34.44 36.43 2
3 496 33.3 36.18 2
3 499 32.5 35 2
3 503 21.3 39.12 2
3 506 14.48 42.57 2
3 509 23.37 58.35 3
3 512 26.13 50.35 2
3 529 31.32 65.3 3
3 530 34.31 69.12 3
3 532 31.35 74.18 3
3 536 27.42 68.52 3
3 545 25.36 85.07 3
3 547 23.02 72.37 3
3 554 12.59 77.35 3
3 555 13.05 80.17 3
3 565 18.47 98.59 3
3 566 19.52 102.08 3
3 570 16.04 108.13 3
3 575 3.1 101.42 3
3 577 3.35 98.4 3
3 580 -6.1 106.48 3
3 588 4.56 114.55 3
3 594 7.04 125.36 3
3 601 29.4 91.09 3
3 607 23.06 113.16 3
3 609 30.36 114.17 3
3 613 36.06 120.19 3
3 615 39.08 117.12 3
3 617 38.53 121.35 3
3 621 37.33 126.58 3
3 622 35.06 129.03 3
3 627 35.1 136.55 3
3 628 36.34 136.39 3
3 630 34.4 135.3 3
3 632 32.48 129.55 3
3 633 31.36 130.33 3
3 634 26.13 127.4 3
3 635 13.28 144.47 4
3 636 -2.32 140.42 4
3 637 -4.12 152.12 4
3 638 -9.3 147.1 4
3 639 -12.28 130.5 4
3 640 -31.56 115.5 4
3 641 -34.55 138.35 4
3 642 -37.49 144.58 4
3 643 -42.53 147.19 4
3 644 -33.52 151.13 4
3 645 -27.28 153.02 4
3 646 -19.16 146.48 4
3 647 -23.42 133.53 4
3 648 -45.52 170.3 4
3 649 -43.32 172.38 4
3 650 -41.18 174.47 4
3 651 -36.52 174.46 4
3 652 -21.08 -175.12 1
3 653 -14.16 -170.42 1
3 654 -18.08 178.25 4
3 655 -22.16 166.27 4
3 656 -9.26 159.57 4
3 657 -0.32 166.55 4
3 658 11.35 165.23 4
3 659 21.19 -157.52 1
3 660 1.52 -157.2 1
3 661 -9.45 -139 1
3 662 -17.32 -149.34 1
3 663 -25.04 -130.06 1
3 664 -27.07 -109.22 1
3 665 -90 0 2
