1 1 71.17 -156.47 2
1 3 61.13 -149.53 2
1 6 53.33 -113.28 2
1 8 50.25 -104.39 2
1 12 43.39 -79.23 2
1 18 47.36 -122.2 2
1 20 38.35 -121.3 2
1 21 37.48 -122.24 2
1 22 34.03 -118.15 2
1 24 40.46 -111.53 2
1 28 31.45 -106.29 2
1 29 46.47 -92.06 2
1 32 39.07 -94.39 2
1 33 35.28 -97.32 2
1 39 35.08 -90.03 2
1 40 29.58 -90.07 2
1 43 39.06 -84.31 2
1 49 30.2 -81.4 2
1 50 25.46 -80.12 2
1 52 28.38 -106.05 2
1 53 25.33 -103.26 2
1 56 22.09 -100.59 2
1 59 19.03 -98.12 2
1 61 16.51 -99.55 2
1 62 17.03 -96.43 2
1 74 20.01 -75.49 2
1 77 18.28 -69.54 2
1 80 13.06 -59.37 2
1 89 6.15 -75.35 2
1 95 -2.1 -79.5 2
1 98 -12.03 -77.03 2
1 99 -13.31 -71.59 2
1 100 -16.24 -71.33 2
1 104 -23.39 -70.24 2
1 108 -51.42 -57.51 2
1 117 -25.16 -57.4 2
1 120 -25.25 -49.15 2
1 121 -23.32 -46.37 2
1 136 -3.08 -60.01 2
1 139 28.06 -15.24 4
1 140 32.38 -16.54 4
1 144 34.05 -4.57 4
1 146 35.43 -0.43 4
1 151 34.44 10.46 4
1 152 32.54 13.11 4
1 154 31.12 29.54 4
1 159 19.37 37.14 1
1 160 15.36 32.32 1
1 163 15.2 38.53 1
1 171 12.39 -8 4
1 177 6.41 -1.35 4
1 189 3.45 8.47 1
1 197 0.3 25.12 1
1 202 2.01 45.2 1
1 204 -6.1 39.11 1
1 205 -6.48 39.17 1
1 211 -20.09 28.36 1
1 218 -22.59 14.31 1
1 219 -22.34 17.06 1
1 220 -26.38 15.1 1
1 224 -29.12 26.07 1
1 225 -29.55 30.56 1
1 227 -33.58 25.4 1
1 228 -33.55 18.22 1
1 230 -18.55 47.31 1
1 232 -20.1 57.3 1
1 235 38.43 -9.08 4
1 241 37.53 -4.46 4
1 243 39.28 -0.22 4
1 245 41.38 -0.53 4
1 247 41.39 -4.43 4
1 254 43.36 1.26 4
1 257 43.42 7.23 4
1 266 47.23 0.41 4
1 268 48.52 2.2 4
1 270 47.19 5.01 4
1 275 50.5 4.2 4
1 281 52.22 4.54 4
1 285 50.43 -1.54 4
1 295 54.59 -1.35 4
1 296 55.57 -3.13 4
1 297 55.53 -4.15 4
1 299 57.1 -2.04 4
1 304 53.2 -6.15 4
1 308 64.11 -51.44 2
1 319 59.55 10.45 4
1 320 57.43 11.58 4
1 324 57.38 18.18 4
1 328 53.04 8.49 4
1 337 50.44 7.05 4
1 339 51.12 6.47 4
1 342 51.28 7.13 4
1 344 51.31 7.28 4
1 346 50.58 11.01 4
1 349 50.5 12.55 4
1 353 49.25 8.43 4
1 354 49.48 9.56 4
1 355 49.27 11.04 4
1 356 49.03 8.24 4
1 359 48.08 11.34 4
1 362 46.57 7.26 4
1 363 47.33 7.35 4
1 364 47.23 8.32 4
1 367 48.18 14.18 4
1 368 48.13 16.2 4
1 372 45.27 11 4
1 374 45.4 13.46 4
1 389 53.24 14.32 4
1 392 52.25 16.55 4
1 396 51.06 17 4
1 397 50.16 19 4
1 399 51.15 22.35 4
1 400 49.45 13.23 4
1 401 50.05 14.26 4
1 403 49.12 16.37 4
1 407 47.32 21.38 4
1 410 45.45 21.13 4
1 412 47.1 27.35 4
1 416 44.11 28.39 4
1 421 43.52 18.25 4
1 426 42.41 23.19 4
1 430 39.36 19.56 4
1 432 38.15 21.44 4
1 433 37.58 23.43 4
1 436 68.58 33.05 4
1 439 59.25 24.45 4
1 441 54.43 20.3 4
1 442 54.41 25.19 4
1 447 55.45 37.35 4
1 448 56.2 44 4
1 449 55.45 49.08 4
1 450 53.12 50.09 4
1 455 47.14 39.42 4
1 457 46.21 48.03 4
1 459 40.11 44.3 4
1 460 40.23 49.51 4
1 467 56.01 92.5 3
1 470 41.2 69.18 1
1 473 43.48 87.35 3
1 476 52.03 113.3 3
1 479 53.01 158.39 3
1 480 59.34 150.48 3
1 482 50.35 137.02 3
1 487 38.25 27.09 4
1 488 39.56 32.52 4
1 492 37.55 40.14 4
1 493 37.01 35.18 4
1 495 34.44 36.43 4
1 498 31.57 35.56 4
1 500 32.04 34.46 4
1 502 24.28 39.36 1
1 506 14.48 42.57 1
1 510 25.18 55.18 1
1 521 35.4 51.26 1
1 522 34.19 47.04 1
1 529 31.32 65.3 1
1 530 34.31 69.12 1
1 537 25.22 68.22 1
1 540 28.4 77.13 1
1 541 26.17 73.02 1
1 546 22.32 88.22 3
1 550 18.58 72.5 1
1 552 17.42 83.18 1
1 562 22.2 91.5 3
1 563 22 96.05 3
1 566 19.52 102.08 3
1 569 16.28 107.36 3
1 572 11.33 104.55 3
1 575 3.1 101.42 3
1 580 -6.1 106.48 3
1 584 -8.39 115.13 3
1 587 1.33 110.2 3
1 590 -5.07 119.24 3
1 591 1.29 124.51 3
1 593 -5.4 132.45 3
1 595 10.18 123.54 3
1 596 10.42 122.34 3
1 597 14.35 121 3
1 599 22.38 120.17 3
1 601 29.4 91.09 3
1 605 29.39 106.34 3
1 608 26.06 119.17 3
1 610 32.03 118.47 3
1 611 31.14 121.28 3
1 613 36.06 120.19 3
1 618 41.48 123.27 3
1 619 45.45 126.41 3
1 620 39.01 125.45 3
1 621 37.33 126.58 3
1 625 38.15 140.53 3
1 629 35 135.45 3
1 630 34.4 135.3 3
1 631 34.24 132.27 3
1 632 32.48 129.55 3
1 633 31.36 130.33 3
1 635 13.28 144.47 3
1 636 -2.32 140.42 3
1 637 -4.12 152.12 3
1 641 -34.55 138.35 3
1 642 -37.49 144.58 3
1 643 -42.53 147.19 3
1 644 -33.52 151.13 3
1 646 -19.16 146.48 3
1 647 -23.42 133.53 3
1 648 -45.52 170.3 3
1 650 -41.18 174.47 3
1 651 -36.52 174.46 3
1 652 -21.08 -175.12 2
1 654 -18.08 178.25 3
1 655 -22.16 166.27 3
1 656 -9.26 159.57 3
1 657 -0.32 166.55 3
1 658 11.35 165.23 3
1 659 21.19 -157.52 2
1 660 1.52 -157.2 2
1 661 -9.45 -139 2
1 662 -17.32 -149.34 2
1 663 -25.04 -130.06 2
1 664 -27.07 -109.22 2
1 665 -90 0 1
2 0 90 0 4
2 2 64.51 -147.43 2
2 4 58.2 -134.27 2
2 7 51.03 -114.05 2
2 11 58.46 -94.1 2
2 13 45.25 -75.42 2
2 15 46.49 -71.14 2
2 16 44.39 -63.36 2
2 17 47.34 -52.43 2
2 31 41.16 -95.57 2
2 37 41.53 -87.38 2
2 38 38.39 -90.25 2
2 41 42.2 -83.03 2
2 47 39.57 -75.07 2
2 48 38.54 -77.01 2
2 51 25.05 -77.21 2
2 54 25.4 -100.19 2
2 57 20.4 -103.2 2
2 58 19.24 -99.09 2
2 60 19.2 -96.4 2
2 64 20.58 -89.37 2
2 66 14.38 -90.31 2
2 67 13.42 -89.12 2
2 68 14.06 -87.13 2
2 69 12.09 -86.17 2
2 71 8.58 -79.32 2
2 75 18 -76.48 2
2 76 18.32 -72.2 2
2 78 18.28 -66.07 2
2 81 10.39 -61.31 2
2 85 6.48 -58.1 2
2 86 10.3 -66.56 2
2 90 4.36 -74.05 2
2 93 -0.13 -78.3 2
2 96 -3.46 -73.15 2
2 106 -36.5 -73.03 2
2 107 -53.09 -70.55 2
2 112 -34.36 -58.27 2
2 113 -32.57 -60.4 2
2 114 -31.24 -64.11 2
2 115 -32.53 -68.49 2
2 118 -30.04 -51.11 2
2 126 -15.35 -56.05 2
2 127 -16.4 -49.16 2
2 128 -15.47 -47.55 2
2 129 -12.59 -38.31 2
2 131 -5.47 -35.13 2
2 132 -3.43 -38.3 2
2 134 -2.31 -44.16 2
2 138 14.55 -23.31 4
2 141 31.38 -8 4
2 145 35.48 -5.45 4
2 156 29.58 32.33 1
2 157 30.03 31.15 1
2 158 24.05 32.53 1
2 161 13.11 30.13 1
2 162 13.38 25.21 1
2 164 9 38.5 1
2 167 14.4 -17.26 4
2 169 11.51 -15.35 4
2 170 16.46 -3.01 1
2 176 5.19 -4.02 1
2 179 6.08 1.13 1
2 180 6.29 2.37 1
2 182 13.31 2.07 1
2 183 12 8.3 1
2 185 12.07 15.03 1
2 186 6.27 3.24 1
2 187 6.27 7.27 1
2 188 0.2 6.44 1
2 190 3.52 11.31 1
2 192 0.23 9.27 1
2 198 -3.23 29.22 1
2 200 0.19 32.25 1
2 201 -1.17 36.49 1
2 207 -12.44 15.47 1
2 213 -15.47 35 1
2 214 -19.49 34.52 1
2 216 -15.57 -5.42 1
2 221 -24.45 25.55 1
2 229 -23.21 43.4 1
2 233 -4.38 55.27 1
2 234 37.44 -25.4 4
2 237 37.23 -5.59 4
2 239 36.43 -4.25 4
2 240 37.13 -3.41 4
2 242 38.21 -0.29 4
2 250 38.54 1.26 4
2 251 39.34 2.39 4
2 252 42.3 1.31 4
2 253 44.5 -0.34 4
2 255 43.18 5.24 4
2 264 48.05 -1.41 4
2 265 47.13 -1.33 4
2 267 49.3 0.08 4
2 269 49.15 4.02 4
2 271 48.41 6.12 4
2 272 48.35 7.45 4
2 273 49.36 6.09 4
2 276 50.38 3.04 4
2 279 51.26 5.28 4
2 280 51.55 4.28 4
2 286 50.5 -0.08 4
2 287 51.29 -3.13 4
2 289 51.3 -0.1 4
2 290 52.3 -1.5 4
2 292 53.3 -2.15 4
2 293 53.23 -1.3 4
2 298 56.28 -3 4
2 300 60.09 -1.09 4
2 301 62.01 -6.46 4
2 305 54.35 -5.55 4
2 306 55 -7.19 4
2 309 76.34 -68.47 2
2 316 63.25 10.25 4
2 317 60.23 5.2 4
2 318 58.58 5.45 4
2 321 55.36 13 4
2 323 59.2 18.03 4
2 327 55.4 12.35 4
2 329 53.33 9.59 4
2 330 54.2 10.08 4
2 331 54.05 12.07 4
2 332 51.57 7.37 4
2 333 52.24 9.44 4
2 335 52.31 13.24 4
2 340 51.17 7.17 4
2 341 51.28 7.01 4
2 343 51.32 7.13 4
2 348 51.19 12.2 4
2 351 49.14 6.59 4
2 358 49.01 12.06 4
2 369 47.05 15.27 4
2 370 45.03 7.4 4
2 373 45.27 12.21 4
2 376 44.29 11.2 4
2 378 43.55 12.28 4
2 381 40.51 14.17 4
2 382 41.27 15.34 4
2 385 38.11 15.33 4
2 390 54.23 18.4 4
2 391 53.08 18 4
2 393 51.46 19.3 4
2 394 52.15 21 4
2 395 53.09 23.09 4
2 404 48.09 17.07 4
2 409 46.15 20.09 4
2 413 45.48 24.09 4
2 414 45.39 25.37 4
2 417 46.03 14.31 4
2 420 43.31 16.27 4
2 422 44.5 20.3 4
2 424 41.59 21.26 4
2 428 43.13 27.55 4
2 431 40.38 22.56 4
2 440 56.57 24.06 4
2 443 53.54 27.34 4
2 444 49.5 24 4
2 445 50.26 30.31 4
2 446 46.28 30.44 4
2 456 48.44 44.25 4
2 458 41.43 44.49 1
2 461 58 56.15 3
2 462 56.51 60.36 3
2 463 67.27 63.58 3
2 465 55 73.24 3
2 466 55.02 82.55 3
2 468 49.5 73.1 3
2 469 43.15 76.57 3
2 474 52.16 104.2 3
2 475 47.55 106.53 3
2 478 64.45 177.29 3
2 484 46.58 142.42 3
2 486 41.01 28.58 4
2 490 39.45 37.02 1
2 491 39.55 41.17 1
2 497 33.53 35.3 1
2 499 32.5 35 1
2 505 15.23 44.12 1
2 508 14.32 49.08 1
2 513 24.38 46.43 1
2 514 29.2 47.59 1
2 515 30.3 47.47 1
2 516 33.21 44.25 1
2 518 36.2 43.08 1
2 519 38.05 46.18 1
2 523 30.2 48.16 1
2 524 32.4 51.38 1
2 525 29.36 52.32 1
2 526 30.17 57.05 1
2 527 36.18 59.36 3
2 533 31.25 73.05 3
2 534 30.11 71.29 3
2 535 30.12 67 3
2 536 27.42 68.52 3
2 542 26.55 75.49 3
2 544 25.2 83 3
2 545 25.36 85.07 3
2 547 23.02 72.37 3
2 548 21.09 79.06 3
2 551 17.23 78.29 3
2 553 15.21 75.1 3
2 557 9.56 78.07 3
2 558 6.56 79.51 3
2 560 27.28 89.39 3
2 561 23.43 90.25 3
2 564 16.47 96.1 3
2 570 16.04 108.13 3
2 573 13.45 100.31 3
2 578 -0.57 100.21 3
2 579 -2.55 104.45 3
2 581 -6.54 107.36 3
2 583 -7.15 112.45 3
2 586 -3.2 114.35 3
2 600 25.03 121.3 3
2 607 23.06 113.16 3
2 609 30.36 114.17 3
2 612 34.48 113.39 3
2 614 37.55 112.3 3
2 615 39.08 117.12 3
2 616 39.55 116.25 3
2 622 35.06 129.03 3
2 624 39.43 140.07 3
3 5 49.16 -123.07 3
3 9 52.07 -106.38 3
3 10 49.53 -97.09 3
3 14 45.31 -73.34 3
3 19 47.4 -117.23 3
3 23 32.43 -117.09 3
3 25 33.27 -112.05 3
3 26 39.43 -105.01 3
3 27 35.05 -106.4 3
3 30 44.59 -93.13 3
3 34 32.47 -96.48 3
3 35 29.46 -95.22 3
3 36 43.02 -87.55 3
3 42 40.26 -80 3
3 44 33.45 -84.23 3
3 45 42.21 -71.04 3
3 46 40.43 -74.01 3
3 55 22.13 -97.51 3
3 63 17.59 -92.55 3
3 65 17.3 -88.12 3
3 70 9.56 -84.05 3
3 72 23.08 -82.22 3
3 73 22.24 -79.58 3
3 79 14.36 -61.05 3
3 82 12.06 -68.56 3
3 83 4.56 -52.2 3
3 84 5.5 -55.1 3
3 87 10.4 -71.37 3
3 88 10.59 -74.48 3
3 91 3.27 -76.31 3
3 92 -0.56 -91.01 3
3 94 -1.4 -78.38 3
3 97 -8.07 -79.02 3
3 101 -16.3 -68.09 3
3 102 -17.48 -63.1 3
3 103 -19.35 -65.45 3
3 105 -33.27 -70.4 3
3 109 -38.43 -62.17 3
3 110 -38 -57.33 3
3 111 -34.5 -56.12 3
3 116 -26.49 -65.13 3
3 119 -27.35 -48.34 3
3 122 -22.54 -43.14 3
3 123 -20.23 -43.3 3
3 124 -19.55 -43.56 3
3 125 -20.27 -54.37 3
3 130 -8.03 -34.54 3
3 133 -5.05 -42.49 3
3 135 -1.27 -48.29 3
3 137 -8.46 -63.54 3
3 142 33.39 -7.35 2
3 143 34.02 -6.51 2
3 147 36.47 3.03 2
3 148 22.56 5.3 2
3 149 36.22 6.37 2
3 150 36.48 10.11 2
3 153 32.07 20.04 2
3 155 31.16 32.18 2
3 165 11.36 43.09 1
3 166 18.06 -15.57 2
3 168 13.28 -16.39 1
3 172 10.23 -9.18 1
3 173 9.31 -13.43 1
3 174 8.3 -13.15 1
3 175 6.18 -10.47 1
3 178 5.33 -0.13 1
3 181 12.22 -1.31 1
3 184 11.51 13.1 1
3 191 4.22 18.35 1
3 193 -4.16 15.17 1
3 194 -4.18 15.18 1
3 195 0.04 18.16 1
3 196 -5.54 22.25 1
3 199 -1.57 30.04 1
3 203 -4.03 39.4 1
3 206 -8.48 13.14 1
3 208 -11.4 27.28 1
3 209 -12.49 28.13 1
3 210 -15.25 28.17 1
3 212 -17.5 31.03 1
3 215 -25.58 32.35 1
3 217 -37.15 -12.3 1
3 222 -25.45 28.1 1
3 223 -26.15 28 1
3 226 -33 27.55 1
3 231 -12.16 49.17 1
3 236 41.11 -8.36 2
3 238 36.32 -6.18 2
3 244 41.23 2.11 2
3 246 40.24 -3.41 2
3 248 43.15 -2.58 2
3 249 43.22 -8.23 2
3 256 43.42 7.15 2
3 258 42.42 9.27 2
3 259 45.5 1.16 2
3 260 45.26 4.24 2
3 261 45.45 4.51 2
3 262 45.1 5.43 2
3 263 48.24 -4.29 2
3 274 50.38 5.34 2
3 277 51.03 3.43 2
3 278 51.13 4.25 2
3 282 52.05 5.08 2
3 283 53.13 6.33 2
3 284 50.23 -4.1 2
3 288 51.27 -2.35 2
3 291 53.25 -2.55 2
3 294 53.5 -1.35 2
3 302 51.54 -8.28 2
3 303 52.4 -8.38 2
3 307 64.09 -21.51 2
3 310 70.4 23.42 2
3 311 68.26 17.25 2
3 312 65.01 25.28 2
3 313 61.3 23.45 2
3 314 60.27 22.17 2
3 315 60.1 24.58 2
3 322 58.25 15.37 2
3 325 56.09 10.13 2
3 326 55.24 10.23 2
3 334 52.07 11.38 2
3 336 50.47 6.05 2
3 338 50.56 6.59 2
3 345 51.19 9.29 2
3 347 51.29 11.58 2
3 350 51.03 13.44 2
3 352 50.07 8.4 2
3 357 48.46 9.11 2
3 360 46.12 6.09 2
3 361 46.31 6.38 2
3 365 47.16 11.24 2
3 366 47.48 13.02 2
3 371 45.28 9.12 2
3 375 44.25 8.57 2
3 377 43.46 11.15 2
3 379 39.2 9 2
3 380 41.54 12.29 2
3 383 41.07 16.52 2
3 384 40.28 17.15 2
3 386 37.3 15.06 2
3 387 38.07 13.21 2
3 388 35.54 14.31 2
3 398 50.03 19.58 2
3 402 49.5 18.17 2
3 405 48.43 21.15 2
3 406 47.3 19.05 2
3 408 46.05 18.13 2
3 411 46.47 23.36 2
3 415 44.26 26.06 2
3 418 45.2 14.27 2
3 419 45.48 15.58 2
3 423 42.38 18.07 2
3 425 41.2 19.5 2
3 427 42.09 24.45 2
3 429 42.3 27.28 2
3 434 35.2 25.09 2
3 435 35.1 33.22 2
3 437 64.34 40.32 2
3 438 59.55 30.15 2
3 451 51.4 39.1 2
3 452 50 36.15 2
3 453 48.27 34.59 2
3 454 44.36 33.32 2
3 464 69.2 88.06 4
3 471 39.4 66.48 4
3 472 38.35 68.48 4
3 477 62.13 129.49 4
3 481 50.17 127.32 4
3 483 48.27 135.06 4
3 485 43.1 131.56 4
3 489 38.43 35.3 2
3 494 36.12 37.1 2
3 496 33.3 36.18 2
3 501 31.46 35.14 2
3 503 21.3 39.12 1
3 504 21.27 39.49 1
3 507 12.45 45.12 1
3 509 23.37 58.35 1
3 511 25.17 51.32 1
3 512 26.13 50.35 1
3 517 35.28 44.28 2
3 520 37.16 49.36 2
3 528 34.2 62.12 4
3 531 33.36 73.04 4
3 532 31.35 74.18 4
3 538 24.52 67.03 4
3 539 30.19 78.02 4
3 543 26.28 80.21 4
3 549 20.3 85.5 4
3 554 12.59 77.35 4
3 555 13.05 80.17 4
3 556 10.49 78.41 4
3 559 27.43 85.19 4
3 565 18.47 98.59 4
3 567 17.58 102.36 4
3 568 21.02 105.51 4
3 571 10.45 106.4 4
3 574 5.25 100.2 4
3 576 1.17 103.51 4
3 577 3.35 98.4 4
3 582 -7.48 110.22 4
3 585 -10.1 123.35 4
3 588 4.56 114.55 4
3 589 -0.3 117.09 4
3 592 -3.43 128.12 4
3 594 7.04 125.36 4
3 598 22.17 114.09 4
3 602 36.03 103.41 4
3 603 34.15 108.52 4
3 604 30.39 104.04 4
3 606 25.05 102.4 4
3 617 38.53 121.35 4
3 623 43.03 141.21 4
3 626 35.42 139.46 4
3 627 35.1 136.55 4
3 628 36.34 136.39 4
3 634 26.13 127.4 4
3 638 -9.3 147.1 4
3 639 -12.28 130.5 4
3 640 -31.56 115.5 4
3 645 -27.28 153.02 4
3 649 -43.32 172.38 4
3 653 -14.16 -170.42 3
