1 0 90 0 1
1 5 49.16 -123.07 3
1 7 51.03 -114.05 3
1 10 49.53 -97.09 3
1 13 45.25 -75.42 3
1 18 47.36 -122.2 3
1 21 37.48 -122.24 3
1 22 34.03 -118.15 3
1 23 32.43 -117.09 3
1 24 40.46 -111.53 3
1 29 46.47 -92.06 3
1 37 41.53 -87.38 3
1 40 29.58 -90.07 3
1 44 33.45 -84.23 3
1 47 39.57 -75.07 3
1 49 30.2 -81.4 3
1 52 28.38 -106.05 3
1 53 25.33 -103.26 3
1 54 25.4 -100.19 3
1 57 20.4 -103.2 3
1 58 19.24 -99.09 3
1 61 16.51 -99.55 3
1 65 17.3 -88.12 3
1 70 9.56 -84.05 3
1 71 8.58 -79.32 3
1 83 4.56 -52.2 3
1 88 10.59 -74.48 3
1 90 4.36 -74.05 3
1 92 -0.56 -91.01 3
1 94 -1.4 -78.38 3
1 96 -3.46 -73.15 3
1 99 -13.31 -71.59 3
1 102 -17.48 -63.1 3
1 103 -19.35 -65.45 3
1 110 -38 -57.33 3
1 114 -31.24 -64.11 3
1 116 -26.49 -65.13 3
1 118 -30.04 -51.11 3
1 119 -27.35 -48.34 3
1 121 -23.32 -46.37 3
1 122 -22.54 -43.14 3
1 124 -19.55 -43.56 3
1 126 -15.35 -56.05 3
1 131 -5.47 -35.13 3
1 137 -8.46 -63.54 3
1 138 14.55 -23.31 1
1 139 28.06 -15.24 1
1 140 32.38 -16.54 1
1 142 33.39 -7.35 1
1 144 34.05 -4.57 1
1 145 35.48 -5.45 1
1 150 36.48 10.11 1
1 152 32.54 13.11 1
1 157 30.03 31.15 1
1 159 19.37 37.14 4
1 163 15.2 38.53 4
1 164 9 38.5 4
1 168 13.28 -16.39 1
1 169 11.51 -15.35 4
1 174 8.3 -13.15 4
1 176 5.19 -4.02 4
1 181 12.22 -1.31 4
1 186 6.27 3.24 4
1 189 3.45 8.47 4
1 193 -4.16 15.17 4
1 196 -5.54 22.25 4
1 197 0.3 25.12 4
1 198 -3.23 29.22 4
1 201 -1.17 36.49 4
1 203 -4.03 39.4 4
1 204 -6.1 39.11 4
1 205 -6.48 39.17 4
1 207 -12.44 15.47 4
1 208 -11.4 27.28 4
1 211 -20.09 28.36 4
1 213 -15.47 35 4
1 215 -25.58 32.35 4
1 216 -15.57 -5.42 4
1 221 -24.45 25.55 4
1 223 -26.15 28 4
1 230 -18.55 47.31 4
1 231 -12.16 49.17 4
1 233 -4.38 55.27 4
1 237 37.23 -5.59 1
1 238 36.32 -6.18 1
1 242 38.21 -0.29 1
1 243 39.28 -0.22 1
1 245 41.38 -0.53 1
1 249 43.22 -8.23 1
1 251 39.34 2.39 1
1 254 43.36 1.26 1
1 255 43.18 5.24 1
1 256 43.42 7.15 1
1 258 42.42 9.27 1
1 265 47.13 -1.33 1
1 269 49.15 4.02 1
1 271 48.41 6.12 1
1 274 50.38 5.34 1
1 276 50.38 3.04 1
1 283 53.13 6.33 1
1 287 51.29 -3.13 1
1 288 51.27 -2.35 1
1 291 53.25 -2.55 1
1 292 53.3 -2.15 1
1 296 55.57 -3.13 1
1 303 52.4 -8.38 1
1 310 70.4 23.42 1
1 311 68.26 17.25 1
1 313 61.3 23.45 1
1 314 60.27 22.17 1
1 318 58.58 5.45 1
1 324 57.38 18.18 1
1 327 55.4 12.35 1
1 328 53.04 8.49 1
1 332 51.57 7.37 1
1 333 52.24 9.44 1
1 336 50.47 6.05 1
1 338 50.56 6.59 1
1 348 51.19 12.2 1
1 350 51.03 13.44 1
1 353 49.25 8.43 1
1 354 49.48 9.56 1
1 355 49.27 11.04 1
1 360 46.12 6.09 1
1 361 46.31 6.38 1
1 363 47.33 7.35 1
1 365 47.16 11.24 1
1 370 45.03 7.4 1
1 372 45.27 11 1
1 376 44.29 11.2 1
1 378 43.55 12.28 1
1 379 39.2 9 1
1 383 41.07 16.52 1
1 385 38.11 15.33 1
1 386 37.3 15.06 1
1 393 51.46 19.3 1
1 396 51.06 17 1
1 398 50.03 19.58 1
1 399 51.15 22.35 1
1 400 49.45 13.23 1
1 403 49.12 16.37 1
1 408 46.05 18.13 1
1 409 46.15 20.09 1
1 419 45.48 15.58 1
1 420 43.31 16.27 1
1 421 43.52 18.25 1
1 423 42.38 18.07 1
1 424 41.59 21.26 1
1 431 40.38 22.56 1
1 432 38.15 21.44 1
1 434 35.2 25.09 1
1 437 64.34 40.32 1
1 440 56.57 24.06 1
1 443 53.54 27.34 1
1 444 49.5 24 1
1 445 50.26 30.31 1
1 447 55.45 37.35 1
1 449 55.45 49.08 1
1 452 50 36.15 1
1 453 48.27 34.59 1
1 455 47.14 39.42 1
1 458 41.43 44.49 1
1 465 55 73.24 2
1 467 56.01 92.5 2
1 469 43.15 76.57 2
1 470 41.2 69.18 2
1 472 38.35 68.48 2
1 473 43.48 87.35 2
1 476 52.03 113.3 2
1 477 62.13 129.49 2
1 485 43.1 131.56 2
1 488 39.56 32.52 1
1 490 39.45 37.02 1
1 492 37.55 40.14 1
1 494 36.12 37.1 1
1 495 34.44 36.43 1
1 499 32.5 35 1
1 500 32.04 34.46 1
1 502 24.28 39.36 4
1 503 21.3 39.12 4
1 507 12.45 45.12 4
1 513 24.38 46.43 4
1 514 29.2 47.59 4
1 516 33.21 44.25 1
1 520 37.16 49.36 1
1 522 34.19 47.04 1
1 529 31.32 65.3 2
1 530 34.31 69.12 2
1 534 30.11 71.29 2
1 537 25.22 68.22 2
1 540 28.4 77.13 2
1 542 26.55 75.49 2
1 546 22.32 88.22 2
1 550 18.58 72.5 2
1 551 17.23 78.29 2
1 552 17.42 83.18 2
1 563 22 96.05 2
1 564 16.47 96.1 2
1 566 19.52 102.08 2
1 568 21.02 105.51 2
1 570 16.04 108.13 2
1 571 10.45 106.4 2
1 572 11.33 104.55 2
1 580 -6.1 106.48 2
1 581 -6.54 107.36 2
1 583 -7.15 112.45 2
1 586 -3.2 114.35 2
1 588 4.56 114.55 2
1 593 -5.4 132.45 2
1 596 10.42 122.34 2
1 599 22.38 120.17 2
1 601 29.4 91.09 2
1 602 36.03 103.41 2
1 605 29.39 106.34 2
1 611 31.14 121.28 2
1 614 37.55 112.3 2
1 618 41.48 123.27 2
1 620 39.01 125.45 2
1 621 37.33 126.58 2
1 622 35.06 129.03 2
1 623 43.03 141.21 2
1 630 34.4 135.3 2
1 638 -9.3 147.1 2
2 1 71.17 -156.47 3
2 4 58.2 -134.27 3
2 6 53.33 -113.28 3
2 12 43.39 -79.23 3
2 19 47.4 -117.23 3
2 25 33.27 -112.05 3
2 27 35.05 -106.4 3
2 33 35.28 -97.32 3
2 34 32.47 -96.48 3
2 35 29.46 -95.22 3
2 38 38.39 -90.25 3
2 42 40.26 -80 3
2 48 38.54 -77.01 3
2 50 25.46 -80.12 3
2 55 22.13 -97.51 3
2 59 19.03 -98.12 3
2 60 19.2 -96.4 3
2 62 17.03 -96.43 3
2 63 17.59 -92.55 3
2 67 13.42 -89.12 3
2 69 12.09 -86.17 3
2 72 23.08 -82.22 3
2 79 14.36 -61.05 3
2 82 12.06 -68.56 3
2 86 10.3 -66.56 3
2 87 10.4 -71.37 3
2 91 3.27 -76.31 3
2 93 -0.13 -78.3 3
2 98 -12.03 -77.03 3
2 107 -53.09 -70.55 3
2 113 -32.57 -60.4 3
2 115 -32.53 -68.49 3
2 125 -20.27 -54.37 3
2 127 -16.4 -49.16 3
2 128 -15.47 -47.55 3
2 130 -8.03 -34.54 4
2 132 -3.43 -38.3 3
2 133 -5.05 -42.49 3
2 134 -2.31 -44.16 3
2 135 -1.27 -48.29 3
2 136 -3.08 -60.01 3
2 141 31.38 -8 2
2 146 35.43 -0.43 2
2 147 36.47 3.03 2
2 149 36.22 6.37 2
2 153 32.07 20.04 2
2 155 31.16 32.18 2
2 161 13.11 30.13 4
2 162 13.38 25.21 4
2 167 14.4 -17.26 4
2 171 12.39 -8 4
2 180 6.29 2.37 4
2 184 11.51 13.1 4
2 187 6.27 7.27 4
2 190 3.52 11.31 4
2 192 0.23 9.27 4
2 195 0.04 18.16 4
2 199 -1.57 30.04 4
2 200 0.19 32.25 4
2 206 -8.48 13.14 4
2 209 -12.49 28.13 4
2 210 -15.25 28.17 4
2 212 -17.5 31.03 4
2 217 -37.15 -12.3 4
2 218 -22.59 14.31 4
2 220 -26.38 15.1 4
2 222 -25.45 28.1 4
2 225 -29.55 30.56 4
2 229 -23.21 43.4 4
2 232 -20.1 57.3 4
2 240 37.13 -3.41 2
2 241 37.53 -4.46 2
2 246 40.24 -3.41 2
2 248 43.15 -2.58 2
2 252 42.3 1.31 2
2 253 44.5 -0.34 2
2 257 43.42 7.23 2
2 261 45.45 4.51 2
2 262 45.1 5.43 2
2 263 48.24 -4.29 2
2 266 47.23 0.41 2
2 267 49.3 0.08 2
2 268 48.52 2.2 2
2 270 47.19 5.01 2
2 272 48.35 7.45 2
2 275 50.5 4.2 2
2 277 51.03 3.43 2
2 278 51.13 4.25 2
2 281 52.22 4.54 2
2 285 50.43 -1.54 2
2 286 50.5 -0.08 2
2 290 52.3 -1.5 2
2 294 53.5 -1.35 2
2 297 55.53 -4.15 2
2 298 56.28 -3 2
2 299 57.1 -2.04 2
2 300 60.09 -1.09 2
2 301 62.01 -6.46 2
2 302 51.54 -8.28 2
2 304 53.2 -6.15 2
2 306 55 -7.19 2
2 307 64.09 -21.51 2
2 308 64.11 -51.44 3
2 309 76.34 -68.47 3
2 315 60.1 24.58 2
2 316 63.25 10.25 2
2 320 57.43 11.58 2
2 321 55.36 13 2
2 325 56.09 10.13 2
2 331 54.05 12.07 2
2 334 52.07 11.38 2
2 335 52.31 13.24 2
2 337 50.44 7.05 2
2 339 51.12 6.47 2
2 341 51.28 7.01 2
2 344 51.31 7.28 2
2 346 50.58 11.01 2
2 347 51.29 11.58 2
2 349 50.5 12.55 2
2 351 49.14 6.59 2
2 357 48.46 9.11 2
2 358 49.01 12.06 2
2 362 46.57 7.26 2
2 364 47.23 8.32 2
2 367 48.18 14.18 2
2 374 45.4 13.46 2
2 375 44.25 8.57 2
2 377 43.46 11.15 2
2 381 40.51 14.17 2
2 382 41.27 15.34 2
2 388 35.54 14.31 2
2 390 54.23 18.4 2
2 391 53.08 18 2
2 397 50.16 19 2
2 404 48.09 17.07 2
2 415 44.26 26.06 2
2 417 46.03 14.31 2
2 418 45.2 14.27 2
2 425 41.2 19.5 2
2 427 42.09 24.45 2
2 429 42.3 27.28 2
2 430 39.36 19.56 2
2 441 54.43 20.3 2
2 448 56.2 44 2
2 450 53.12 50.09 2
2 460 40.23 49.51 2
2 463 67.27 63.58 2
2 464 69.2 88.06 1
2 466 55.02 82.55 1
2 468 49.5 73.1 1
2 474 52.16 104.2 1
2 475 47.55 106.53 1
2 480 59.34 150.48 1
2 481 50.17 127.32 1
2 482 50.35 137.02 1
2 486 41.01 28.58 2
2 489 38.43 35.3 2
2 491 39.55 41.17 2
2 496 33.3 36.18 2
2 498 31.57 35.56 2
2 505 15.23 44.12 4
2 511 25.17 51.32 2
2 512 26.13 50.35 2
2 515 30.3 47.47 2
2 518 36.2 43.08 2
2 521 35.4 51.26 2
2 524 32.4 51.38 2
2 528 34.2 62.12 2
2 531 33.36 73.04 1
2 533 31.25 73.05 1
2 543 26.28 80.21 1
2 547 23.02 72.37 1
2 548 21.09 79.06 1
2 549 20.3 85.5 1
2 553 15.21 75.1 1
2 555 13.05 80.17 1
2 556 10.49 78.41 1
2 567 17.58 102.36 1
2 569 16.28 107.36 1
2 574 5.25 100.2 1
2 575 3.1 101.42 1
2 577 3.35 98.4 1
2 579 -2.55 104.45 1
2 582 -7.48 110.22 1
2 585 -10.1 123.35 1
2 587 1.33 110.2 1
2 590 -5.07 119.24 1
2 591 1.29 124.51 1
2 594 7.04 125.36 1
2 595 10.18 123.54 1
2 597 14.35 121 1
2 603 34.15 108.52 1
2 607 23.06 113.16 1
2 608 26.06 119.17 1
2 609 30.36 114.17 1
2 610 32.03 118.47 1
2 617 38.53 121.35 1
2 624 39.43 140.07 1
2 626 35.42 139.46 1
2 628 36.34 136.39 1
2 629 35 135.45 1
2 631 34.24 132.27 1
2 632 32.48 129.55 1
2 635 13.28 144.47 1
2 637 -4.12 152.12 1
2 639 -12.28 130.5 1
2 641 -34.55 138.35 1
2 643 -42.53 147.19 1
2 644 -33.52 151.13 1
2 645 -27.28 153.02 1
2 647 -23.42 133.53 1
2 650 -41.18 174.47 1
2 653 -14.16 -170.42 3
2 654 -18.08 178.25 1
2 656 -9.26 159.57 1
2 658 11.35 165.23 1
2 659 21.19 -157.52 3
2 662 -17.32 -149.34 3
2 663 -25.04 -130.06 3
2 665 -90 0 4
3 2 64.51 -147.43 2
3 3 61.13 -149.53 2
3 8 50.25 -104.39 2
3 9 52.07 -106.38 2
3 11 58.46 -94.1 2
3 14 45.31 -73.34 2
3 15 46.49 -71.14 2
3 16 44.39 -63.36 2
3 17 47.34 -52.43 2
3 20 38.35 -121.3 2
3 26 39.43 -105.01 2
3 28 31.45 -106.29 2
3 30 44.59 -93.13 2
3 31 41.16 -95.57 2
3 32 39.07 -94.39 2
3 36 43.02 -87.55 2
3 39 35.08 -90.03 2
3 41 42.2 -83.03 2
3 43 39.06 -84.31 2
3 45 42.21 -71.04 2
3 46 40.43 -74.01 2
3 51 25.05 -77.21 2
3 56 22.09 -100.59 2
3 64 20.58 -89.37 2
3 66 14.38 -90.31 2
3 68 14.06 -87.13 2
3 73 22.24 -79.58 2
3 74 20.01 -75.49 2
3 75 18 -76.48 2
3 76 18.32 -72.2 2
3 77 18.28 -69.54 2
3 78 18.28 -66.07 2
3 80 13.06 -59.37 2
3 81 10.39 -61.31 2
3 84 5.5 -55.1 2
3 85 6.48 -58.1 2
3 89 6.15 -75.35 2
3 95 -2.1 -79.5 2
3 97 -8.07 -79.02 2
3 100 -16.24 -71.33 2
3 101 -16.3 -68.09 2
3 104 -23.39 -70.24 2
3 105 -33.27 -70.4 2
3 106 -36.5 -73.03 2
3 108 -51.42 -57.51 2
3 109 -38.43 -62.17 2
3 111 -34.5 -56.12 2
3 112 -34.36 -58.27 2
3 117 -25.16 -57.4 2
3 120 -25.25 -49.15 2
3 123 -20.23 -43.3 2
3 129 -12.59 -38.31 2
3 143 34.02 -6.51 1
3 148 22.56 5.3 1
3 151 34.44 10.46 1
3 154 31.12 29.54 1
3 156 29.58 32.33 1
3 158 24.05 32.53 3
3 160 15.36 32.32 3
3 165 11.36 43.09 3
3 166 18.06 -15.57 1
3 170 16.46 -3.01 1
3 172 10.23 -9.18 1
3 173 9.31 -13.43 1
3 175 6.18 -10.47 1
3 177 6.41 -1.35 1
3 178 5.33 -0.13 1
3 179 6.08 1.13 1
3 182 13.31 2.07 1
3 183 12 8.3 1
3 185 12.07 15.03 1
3 188 0.2 6.44 1
3 191 4.22 18.35 1
3 194 -4.18 15.18 1
3 202 2.01 45.2 3
3 214 -19.49 34.52 3
3 219 -22.34 17.06 3
3 224 -29.12 26.07 3
3 226 -33 27.55 3
3 227 -33.58 25.4 3
3 228 -33.55 18.22 3
3 234 37.44 -25.4 1
3 235 38.43 -9.08 1
3 236 41.11 -8.36 1
3 239 36.43 -4.25 1
3 244 41.23 2.11 1
3 247 41.39 -4.43 1
3 250 38.54 1.26 1
3 259 45.5 1.16 1
3 260 45.26 4.24 1
3 264 48.05 -1.41 1
3 273 49.36 6.09 1
3 279 51.26 5.28 1
3 280 51.55 4.28 1
3 282 52.05 5.08 1
3 284 50.23 -4.1 1
3 289 51.3 -0.1 1
3 293 53.23 -1.3 1
3 295 54.59 -1.35 1
3 305 54.35 -5.55 1
3 312 65.01 25.28 1
3 317 60.23 5.2 1
3 319 59.55 10.45 1
3 322 58.25 15.37 1
3 323 59.2 18.03 1
3 326 55.24 10.23 1
3 329 53.33 9.59 1
3 330 54.2 10.08 1
3 340 51.17 7.17 1
3 342 51.28 7.13 1
3 343 51.32 7.13 1
3 345 51.19 9.29 1
3 352 50.07 8.4 1
3 356 49.03 8.24 1
3 359 48.08 11.34 1
3 366 47.48 13.02 1
3 368 48.13 16.2 1
3 369 47.05 15.27 1
3 371 45.28 9.12 1
3 373 45.27 12.21 1
3 380 41.54 12.29 1
3 384 40.28 17.15 1
3 387 38.07 13.21 1
3 389 53.24 14.32 1
3 392 52.25 16.55 1
3 394 52.15 21 1
3 395 53.09 23.09 1
3 401 50.05 14.26 1
3 402 49.5 18.17 1
3 405 48.43 21.15 1
3 406 47.3 19.05 1
3 407 47.32 21.38 1
3 410 45.45 21.13 1
3 411 46.47 23.36 1
3 412 47.1 27.35 1
3 413 45.48 24.09 1
3 414 45.39 25.37 1
3 416 44.11 28.39 1
3 422 44.5 20.3 1
3 426 42.41 23.19 1
3 428 43.13 27.55 1
3 433 37.58 23.43 1
3 435 35.1 33.22 1
3 436 68.58 33.05 1
3 438 59.55 30.15 1
3 439 59.25 24.45 1
3 442 54.41 25.19 1
3 446 46.28 30.44 1
3 451 51.4 39.1 1
3 454 44.36 33.32 1
3 456 48.44 44.25 3
3 457 46.21 48.03 3
3 459 40.11 44.3 3
3 461 58 56.15 3
3 462 56.51 60.36 3
3 471 39.4 66.48 3
3 478 64.45 177.29 4
3 479 53.01 158.39 4
3 483 48.27 135.06 4
3 484 46.58 142.42 4
3 487 38.25 27.09 1
3 493 37.01 35.18 1
3 497 33.53 35.3 3
3 501 31.46 35.14 3
3 504 21.27 39.49 3
3 506 14.48 42.57 3
3 508 14.32 49.08 3
3 509 23.37 58.35 3
3 510 25.18 55.18 3
3 517 35.28 44.28 3
3 519 38.05 46.18 3
3 523 30.2 48.16 3
3 525 29.36 52.32 3
3 526 30.17 57.05 3
3 527 36.18 59.36 3
3 532 31.35 74.18 3
3 535 30.12 67 3
3 536 27.42 68.52 3
3 538 24.52 67.03 3
3 539 30.19 78.02 3
3 541 26.17 73.02 3
3 544 25.2 83 3
3 545 25.36 85.07 3
3 554 12.59 77.35 3
3 557 9.56 78.07 3
3 558 6.56 79.51 3
3 559 27.43 85.19 3
3 560 27.28 89.39 3
3 561 23.43 90.25 3
3 562 22.2 91.5 3
3 565 18.47 98.59 4
3 573 13.45 100.31 4
3 576 1.17 103.51 4
3 578 -0.57 100.21 4
3 584 -8.39 115.13 4
3 589 -0.3 117.09 4
3 592 -3.43 128.12 4
3 598 22.17 114.09 4
3 600 25.03 121.3 4
3 604 30.39 104.04 4
3 606 25.05 102.4 4
3 612 34.48 113.39 4
3 613 36.06 120.19 4
3 615 39.08 117.12 4
3 616 39.55 116.25 4
3 619 45.45 126.41 4
3 625 38.15 140.53 4
3 627 35.1 136.55 4
3 633 31.36 130.33 4
3 634 26.13 127.4 4
3 636 -2.32 140.42 4
3 640 -31.56 115.5 4
3 642 -37.49 144.58 4
3 646 -19.16 146.48 4
3 648 -45.52 170.3 4
3 649 -43.32 172.38 4
3 651 -36.52 174.46 4
3 652 -21.08 -175.12 2
3 655 -22.16 166.27 4
3 657 -0.32 166.55 4
3 660 1.52 -157.2 2
3 661 -9.45 -139 2
3 664 -27.07 -109.22 2
