1 1 37.4394 541.209 1
1 3 38.1312 353.148 1
1 8 141.488 504.818 1
1 13 192.407 20.4394 3
1 28 672.862 432.883 4
1 32 400.407 253.679 2
1 35 189.751 460.382 1
1 42 629.998 433.455 4
1 43 471.101 314.222 2
1 53 578.381 321.33 2
1 56 343.169 509.312 4
1 58 498.807 576.21 4
1 59 224.318 312.468 3
1 63 79.4653 445.964 1
1 66 623.249 69.1893 2
1 68 59.4163 40.128 3
1 71 117.862 112.98 3
1 75 342.358 599.388 4
1 80 271.504 225.292 3
1 81 530.732 504.067 4
1 90 396.774 460.756 4
1 95 72.633 645.785 1
1 99 656.694 558.111 4
1 100 176.594 648.524 1
1 104 15.2146 143.044 3
1 111 269.367 367.476 1
1 112 239.905 102.63 3
1 117 500.257 64.9136 2
1 126 255.557 448.865 1
1 127 608.426 222.542 2
1 133 278.871 299.931 3
1 134 381.654 360.334 4
1 135 557.607 595.319 4
1 137 562.905 670.038 4
1 142 354.724 685.405 4
1 144 352.314 140.327 3
1 145 308.435 115.205 3
1 148 690.966 134.579 2
1 150 91.6468 166.354 3
2 4 53.4418 131.485 4
2 6 689.945 468.535 2
2 10 98.7899 384.593 3
2 14 282.787 229.8 4
2 16 246.928 322.461 4
2 17 649.731 62.3332 1
2 18 352.966 666.787 2
2 19 633.392 534.94 2
2 22 17.3633 240.241 4
2 25 475.898 468.539 2
2 30 104.653 482.822 3
2 31 356.71 67.6477 1
2 33 282.304 426.838 3
2 34 58.7767 507.171 3
2 36 659.912 226.628 1
2 37 639.031 467.23 2
2 38 415.026 233.305 1
2 39 547.266 161.659 1
2 41 494.859 148.122 1
2 45 91.5848 110.02 4
2 46 390.697 423.977 2
2 47 565.162 429.16 2
2 49 334.351 153.797 1
2 51 475.735 385.784 2
2 54 358.917 404.467 2
2 55 486.465 593.043 2
2 62 43.6892 305.472 4
2 64 210.416 130.715 4
2 65 432.264 629.409 2
2 70 579.327 601.036 2
2 73 22.7643 455.534 3
2 78 220.704 270.082 4
2 83 396.127 539.465 2
2 84 118.663 508.713 3
2 86 559.016 560.887 2
2 87 22.6471 526.247 3
2 88 135.638 325.841 4
2 91 87.7495 19.617 4
2 93 216.701 466.482 3
2 94 130.924 351.149 4
2 96 144.6 457.422 3
2 97 212.373 594.922 3
2 103 59.7537 551.632 3
2 107 101.869 635.099 3
2 114 658.913 583.958 2
2 118 594.405 275.874 1
2 120 598.416 414.556 2
2 131 378.348 272.291 1
2 136 249.059 76.6595 4
2 143 193.661 669.743 3
3 2 612.176 494.317 4
3 5 143.061 631.72 2
3 7 112.748 529.418 2
3 9 661.051 445.938 4
3 11 697.388 180.396 1
3 12 536.489 287.228 1
3 15 240.825 281.514 3
3 20 488.312 437.487 4
3 21 141.404 228.433 3
3 23 397.559 231.359 1
3 24 565.785 282.386 1
3 26 322.422 550.317 2
3 27 397.559 74.7588 1
3 29 571.219 530.262 4
3 40 616.655 339.341 1
3 44 138.244 137.168 3
3 48 54.5249 438.552 2
3 50 531.029 612.387 4
3 52 228.833 410.446 2
3 57 530.363 137.688 1
3 60 595.836 81.813 1
3 61 661.559 217.046 1
3 67 436.519 282.936 1
3 69 630.923 230.343 1
3 72 297.791 166.313 3
3 74 259.71 10.62 3
3 76 10.0261 488.931 2
3 77 315.293 273.228 3
3 79 192.119 314.184 3
3 82 42.5331 656.365 2
3 85 395.691 699.538 4
3 89 141.451 485.248 2
3 92 350.425 420.653 2
3 98 49.9187 541.435 2
3 101 500.383 198.743 1
3 102 634.318 612.829 4
3 105 283.005 376.444 2
3 106 146.539 39.4232 3
3 108 588.197 580.595 4
3 109 457.263 350.016 1
3 110 537.466 472.584 4
3 113 88.4678 384.051 2
3 115 97.7359 157.456 3
3 116 506.619 233.002 1
3 119 66.2308 24.1317 3
3 121 172.309 344.396 2
3 122 299.481 251.83 3
3 123 303.838 21.0526 3
3 124 197.897 512.389 2
3 125 56.02 243.066 3
3 128 70.2723 77.9227 3
3 129 398.23 119.558 1
3 130 635.497 133.323 1
3 132 484.803 677.073 4
3 138 398.55 392.649 4
3 139 590.894 370.741 4
3 140 558.201 0.419881 1
3 141 461.411 530.525 4
3 146 299.588 530.589 2
3 147 334.275 152.149 3
3 149 48.0798 270.968 3
