1 2 38.1312 353.148 4
1 5 689.945 468.535 3
1 6 112.748 529.418 2
1 8 661.051 445.938 3
1 10 697.388 180.396 1
1 11 536.489 287.228 1
1 15 246.928 322.461 4
1 16 649.731 62.3332 1
1 17 352.966 666.787 2
1 18 633.392 534.94 3
1 20 141.404 228.433 4
1 21 17.3633 240.241 4
1 22 397.559 231.359 1
1 23 565.785 282.386 1
1 25 322.422 550.317 2
1 27 672.862 432.883 3
1 28 571.219 530.262 3
1 34 189.751 460.382 2
1 39 616.655 339.341 1
1 40 494.859 148.122 1
1 41 629.998 433.455 3
1 44 91.5848 110.02 4
1 46 565.162 429.16 3
1 50 475.735 385.784 1
1 51 228.833 410.446 2
1 58 224.318 312.468 4
1 62 79.4653 445.964 2
1 63 210.416 130.715 4
1 66 436.519 282.936 1
1 71 297.791 166.313 4
1 72 22.7643 455.534 2
1 79 271.504 225.292 4
1 80 530.732 504.067 3
1 84 395.691 699.538 3
1 87 135.638 325.841 4
1 89 396.774 460.756 3
1 94 72.633 645.785 2
1 97 49.9187 541.435 2
1 98 656.694 558.111 3
1 100 500.383 198.743 1
1 101 634.318 612.829 3
1 102 59.7537 551.632 2
1 107 588.197 580.595 3
1 108 457.263 350.016 1
1 112 88.4678 384.051 4
1 113 658.913 583.958 3
1 124 56.02 243.066 4
1 126 608.426 222.542 1
1 131 484.803 677.073 3
1 138 590.894 370.741 1
1 142 193.661 669.743 2
2 1 612.176 494.317 4
2 7 141.488 504.818 2
2 29 104.653 482.822 2
2 30 356.71 67.6477 1
2 37 415.026 233.305 3
2 38 547.266 161.659 3
2 42 471.101 314.222 3
2 45 390.697 423.977 4
2 47 54.5249 438.552 2
2 49 531.029 612.387 4
2 53 358.917 404.467 4
2 54 486.465 593.043 4
2 55 343.169 509.312 4
2 57 498.807 576.21 4
2 59 595.836 81.813 3
2 65 623.249 69.1893 3
2 73 259.71 10.62 1
2 74 342.358 599.388 4
2 75 10.0261 488.931 2
2 76 315.293 273.228 1
2 77 220.704 270.082 1
2 81 42.5331 656.365 2
2 82 396.127 539.465 4
2 85 559.016 560.887 4
2 90 87.7495 19.617 1
2 95 144.6 457.422 2
2 96 212.373 594.922 2
2 99 176.594 648.524 2
2 103 15.2146 143.044 1
2 105 146.539 39.4232 1
2 110 269.367 367.476 2
2 111 239.905 102.63 1
2 114 97.7359 157.456 1
2 115 506.619 233.002 3
2 116 500.257 64.9136 3
2 117 594.405 275.874 3
2 119 598.416 414.556 4
2 120 172.309 344.396 2
2 121 299.481 251.83 1
2 122 303.838 21.0526 1
2 123 197.897 512.389 2
2 125 255.557 448.865 2
2 129 635.497 133.323 3
2 134 557.607 595.319 4
2 136 562.905 670.038 4
2 137 398.55 392.649 4
2 139 558.201 0.419881 3
2 146 334.275 152.149 1
2 147 690.966 134.579 3
2 148 48.0798 270.968 1
2 149 91.6468 166.354 1
3 0 37.4394 541.209 2
3 3 53.4418 131.485 4
3 4 143.061 631.72 2
3 9 98.7899 384.593 2
3 12 192.407 20.4394 4
3 13 282.787 229.8 1
3 14 240.825 281.514 2
3 19 488.312 437.487 3
3 24 475.898 468.539 3
3 26 397.559 74.7588 1
3 31 400.407 253.679 1
3 32 282.304 426.838 2
3 33 58.7767 507.171 2
3 35 659.912 226.628 1
3 36 639.031 467.23 3
3 43 138.244 137.168 4
3 48 334.351 153.797 1
3 52 578.381 321.33 1
3 56 530.363 137.688 1
3 60 661.559 217.046 1
3 61 43.6892 305.472 2
3 64 432.264 629.409 3
3 67 59.4163 40.128 4
3 68 630.923 230.343 1
3 69 579.327 601.036 3
3 70 117.862 112.98 4
3 78 192.119 314.184 2
3 83 118.663 508.713 2
3 86 22.6471 526.247 2
3 88 141.451 485.248 2
3 91 350.425 420.653 3
3 92 216.701 466.482 2
3 93 130.924 351.149 2
3 104 283.005 376.444 2
3 106 101.869 635.099 2
3 109 537.466 472.584 3
3 118 66.2308 24.1317 4
3 127 70.2723 77.9227 4
3 128 398.23 119.558 1
3 130 378.348 272.291 1
3 132 278.871 299.931 1
3 133 381.654 360.334 1
3 135 249.059 76.6595 4
3 140 461.411 530.525 3
3 141 354.724 685.405 3
3 143 352.314 140.327 1
3 144 308.435 115.205 1
3 145 299.588 530.589 3
