1 0 37.4394 541.209 2
1 1 612.176 494.317 3
1 6 112.748 529.418 2
1 7 141.488 504.818 2
1 8 661.051 445.938 3
1 9 98.7899 384.593 2
1 11 536.489 287.228 1
1 12 192.407 20.4394 4
1 15 246.928 322.461 2
1 16 649.731 62.3332 1
1 17 352.966 666.787 3
1 20 141.404 228.433 4
1 22 397.559 231.359 1
1 23 565.785 282.386 1
1 28 571.219 530.262 3
1 30 356.71 67.6477 4
1 31 400.407 253.679 1
1 33 58.7767 507.171 2
1 37 415.026 233.305 1
1 39 616.655 339.341 1
1 42 471.101 314.222 1
1 44 91.5848 110.02 4
1 50 475.735 385.784 3
1 54 486.465 593.043 3
1 55 343.169 509.312 3
1 57 498.807 576.21 3
1 59 595.836 81.813 1
1 62 79.4653 445.964 2
1 65 623.249 69.1893 1
1 68 630.923 230.343 1
1 73 259.71 10.62 4
1 78 192.119 314.184 2
1 81 42.5331 656.365 2
1 83 118.663 508.713 2
1 88 141.451 485.248 2
1 89 396.774 460.756 3
1 91 350.425 420.653 3
1 92 216.701 466.482 2
1 93 130.924 351.149 2
1 95 144.6 457.422 2
1 96 212.373 594.922 2
1 100 500.383 198.743 1
1 102 59.7537 551.632 2
1 104 283.005 376.444 2
1 111 239.905 102.63 4
1 112 88.4678 384.051 2
1 113 658.913 583.958 3
1 115 506.619 233.002 1
1 118 66.2308 24.1317 4
1 119 598.416 414.556 3
1 120 172.309 344.396 2
2 3 53.4418 131.485 2
2 5 689.945 468.535 3
2 10 697.388 180.396 3
2 13 282.787 229.8 2
2 19 488.312 437.487 4
2 21 17.3633 240.241 2
2 25 322.422 550.317 4
2 27 672.862 432.883 3
2 36 639.031 467.23 3
2 40 494.859 148.122 3
2 41 629.998 433.455 3
2 45 390.697 423.977 4
2 47 54.5249 438.552 1
2 52 578.381 321.33 3
2 53 358.917 404.467 4
2 72 22.7643 455.534 1
2 74 342.358 599.388 4
2 76 315.293 273.228 2
2 79 271.504 225.292 2
2 82 396.127 539.465 4
2 86 22.6471 526.247 1
2 94 72.633 645.785 1
2 97 49.9187 541.435 1
2 99 176.594 648.524 1
2 106 101.869 635.099 1
2 108 457.263 350.016 3
2 110 269.367 367.476 2
2 114 97.7359 157.456 2
2 122 303.838 21.0526 2
2 123 197.897 512.389 1
2 126 608.426 222.542 3
2 128 398.23 119.558 2
2 130 378.348 272.291 2
2 131 484.803 677.073 4
2 134 557.607 595.319 4
2 136 562.905 670.038 4
2 138 590.894 370.741 3
2 139 558.201 0.419881 3
2 140 461.411 530.525 4
2 141 354.724 685.405 4
2 142 193.661 669.743 1
2 143 352.314 140.327 2
2 144 308.435 115.205 2
2 145 299.588 530.589 4
2 146 334.275 152.149 2
2 147 690.966 134.579 3
2 148 48.0798 270.968 2
2 149 91.6468 166.354 2
3 2 38.1312 353.148 4
3 4 143.061 631.72 4
3 14 240.825 281.514 4
3 18 633.392 534.94 2
3 24 475.898 468.539 2
3 26 397.559 74.7588 3
3 29 104.653 482.822 4
3 32 282.304 426.838 4
3 34 189.751 460.382 4
3 35 659.912 226.628 3
3 38 547.266 161.659 3
3 43 138.244 137.168 1
3 46 565.162 429.16 2
3 48 334.351 153.797 1
3 49 531.029 612.387 2
3 51 228.833 410.446 4
3 56 530.363 137.688 3
3 58 224.318 312.468 4
3 60 661.559 217.046 3
3 61 43.6892 305.472 4
3 63 210.416 130.715 1
3 64 432.264 629.409 2
3 66 436.519 282.936 3
3 67 59.4163 40.128 1
3 69 579.327 601.036 2
3 70 117.862 112.98 1
3 71 297.791 166.313 1
3 75 10.0261 488.931 4
3 77 220.704 270.082 4
3 80 530.732 504.067 2
3 84 395.691 699.538 2
3 85 559.016 560.887 2
3 87 135.638 325.841 4
3 90 87.7495 19.617 1
3 98 656.694 558.111 2
3 101 634.318 612.829 2
3 103 15.2146 143.044 1
3 105 146.539 39.4232 1
3 107 588.197 580.595 2
3 109 537.466 472.584 2
3 116 500.257 64.9136 3
3 117 594.405 275.874 3
3 121 299.481 251.83 4
3 124 56.02 243.066 1
3 125 255.557 448.865 4
3 127 70.2723 77.9227 1
3 129 635.497 133.323 3
3 132 278.871 299.931 4
3 133 381.654 360.334 4
3 135 249.059 76.6595 1
3 137 398.55 392.649 4
