1 33 282.304 426.838 1
1 52 228.833 410.446 1
1 63 79.4653 445.964 1
1 73 22.7643 455.534 1
1 84 118.663 508.713 1
1 107 101.869 635.099 1
1 113 88.4678 384.051 1
1 5 143.061 631.72 1
1 7 112.748 529.418 1
1 94 130.924 351.149 1
1 87 22.6471 526.247 1
1 93 216.701 466.482 1
1 97 212.373 594.922 1
1 98 49.9187 541.435 1
1 105 283.005 376.444 1
1 24 565.785 282.386 2
1 32 400.407 253.679 2
1 38 415.026 233.305 2
1 41 494.859 148.122 2
1 69 630.923 230.343 2
1 116 506.619 233.002 2
1 117 500.257 64.9136 2
1 67 436.519 282.936 2
1 130 635.497 133.323 2
1 66 623.249 69.1893 2
1 36 659.912 226.628 2
1 39 547.266 161.659 2
1 2 612.176 494.317 4
1 6 689.945 468.535 4
1 135 557.607 595.319 4
1 20 488.312 437.487 4
1 25 475.898 468.539 4
1 47 565.162 429.16 4
1 55 486.465 593.043 4
1 65 432.264 629.409 4
1 141 461.411 530.525 4
1 80 271.504 225.292 3
1 145 308.435 115.205 3
1 4 53.4418 131.485 3
1 21 141.404 228.433 3
1 44 138.244 137.168 3
1 64 210.416 130.715 3
1 112 239.905 102.63 3
2 34 58.7767 507.171 2
2 35 189.751 460.382 2
2 76 10.0261 488.931 2
2 88 135.638 325.841 4
2 100 176.594 648.524 2
2 111 269.367 367.476 4
2 146 299.588 530.589 2
2 82 42.5331 656.365 2
2 143 193.661 669.743 2
2 62 43.6892 305.472 4
2 10 98.7899 384.593 4
2 48 54.5249 438.552 2
2 95 72.633 645.785 2
2 89 141.451 485.248 2
2 121 172.309 344.396 4
2 124 197.897 512.389 2
2 103 59.7537 551.632 2
2 126 255.557 448.865 2
2 40 616.655 339.341 3
2 43 471.101 314.222 3
2 53 578.381 321.33 3
2 57 530.363 137.688 3
2 60 595.836 81.813 3
2 109 457.263 350.016 3
2 118 594.405 275.874 3
2 129 398.23 119.558 3
2 131 378.348 272.291 4
2 140 558.201 0.419881 3
2 148 690.966 134.579 3
2 11 697.388 180.396 3
2 17 649.731 62.3332 3
2 23 397.559 231.359 4
2 27 397.559 74.7588 3
2 61 661.559 217.046 3
2 9 661.051 445.938 1
2 28 672.862 432.883 1
2 51 475.735 385.784 1
2 54 358.917 404.467 4
2 70 579.327 601.036 1
2 75 342.358 599.388 2
2 102 634.318 612.829 1
2 132 484.803 677.073 1
2 137 562.905 670.038 1
2 134 381.654 360.334 4
2 85 395.691 699.538 2
2 142 354.724 685.405 2
2 19 633.392 534.94 1
2 92 350.425 420.653 4
2 26 322.422 550.317 2
2 37 639.031 467.23 1
2 139 590.894 370.741 1
2 46 390.697 423.977 4
2 99 656.694 558.111 1
2 114 658.913 583.958 1
2 56 343.169 509.312 2
2 86 559.016 560.887 1
2 120 598.416 414.556 1
2 13 192.407 20.4394 4
2 14 282.787 229.8 4
2 49 334.351 153.797 4
2 71 117.862 112.98 4
2 78 220.704 270.082 4
2 150 91.6468 166.354 4
3 1 37.4394 541.209 3
3 3 38.1312 353.148 3
3 8 141.488 504.818 3
3 30 104.653 482.822 3
3 96 144.6 457.422 3
3 12 536.489 287.228 4
3 101 500.383 198.743 4
3 127 608.426 222.542 4
3 81 530.732 504.067 1
3 83 396.127 539.465 1
3 18 352.966 666.787 1
3 29 571.219 530.262 1
3 110 537.466 472.584 1
3 42 629.998 433.455 1
3 90 396.774 460.756 1
3 50 531.029 612.387 1
3 58 498.807 576.21 1
3 108 588.197 580.595 1
3 138 398.55 392.649 1
3 22 17.3633 240.241 3
3 59 224.318 312.468 3
3 68 59.4163 40.128 2
3 74 259.71 10.62 2
3 79 192.119 314.184 3
3 91 87.7495 19.617 2
3 106 146.539 39.4232 2
3 122 299.481 251.83 4
3 123 303.838 21.0526 2
3 125 56.02 243.066 3
3 133 278.871 299.931 4
3 136 249.059 76.6595 2
3 147 334.275 152.149 4
3 149 48.0798 270.968 3
3 144 352.314 140.327 4
3 31 356.71 67.6477 4
3 104 15.2146 143.044 2
3 15 240.825 281.514 3
3 16 246.928 322.461 3
3 119 66.2308 24.1317 2
3 45 91.5848 110.02 2
3 77 315.293 273.228 4
3 128 70.2723 77.9227 2
3 72 297.791 166.313 4
3 115 97.7359 157.456 2
