1 4 2256 1640 2
1 6 2556 1639 2
1 7 2975 1725 2
1 10 3475 1600 2
1 12 3700 1600 2
1 13 3900 1625 2
1 17 4375 1675 2
1 18 4500 1675 2
1 19 4450 1750 2
1 20 4550 1750 2
1 23 4710 1565 2
1 24 4860 1565 2
1 25 5010 1565 2
1 29 5610 1565 2
1 30 6375 1575 1
1 35 6875 1575 1
1 37 7260 1575 1
1 39 7625 1775 1
1 40 7410 1575 1
1 42 7409 1576 1
1 43 7560 1576 1
1 45 7710 1575 1
1 47 7875 1575 1
1 48 7975 1575 1
1 51 8275 1575 1
1 53 8475 1575 1
1 54 8825 1625 1
1 56 8825 1825 1
1 57 7725 1825 1
1 60 7625 1925 1
1 63 6825 1925 1
1 64 6775 2075 1
1 66 6675 1925 1
1 72 5275 1825 2
1 74 5525 1825 2
1 75 5025 1825 2
1 77 5075 1925 2
1 78 5075 2075 2
1 79 4775 1875 2
1 82 4775 1975 2
1 84 4525 2050 2
1 88 3875 1900 2
1 89 3875 2075 2
1 91 3975 2075 2
1 92 2925 1875 2
1 93 2925 2150 2
1 96 4275 2225 2
1 97 4275 2325 2
1 98 4425 2150 2
1 102 4775 2125 2
1 103 5175 2325 2
1 104 5450 2375 2
1 106 7275 2275 1
1 107 7075 2175 1
1 109 7525 2375 1
1 111 7775 2350 1
1 113 7875 2350 1
1 118 8575 2450 1
1 122 8475 2600 1
1 123 7975 2475 1
1 125 8225 2600 1
1 126 8125 2575 1
1 127 7975 2625 1
1 128 7750 2650 1
1 133 5175 2475 2
1 134 5175 2675 2
1 136 4975 2525 2
1 138 4875 2675 2
1 140 4175 2625 2
1 142 3725 2450 2
1 143 3325 2450 2
1 144 2925 2425 2
1 145 2575 2525 2
1 148 2375 2525 2
1 151 2249 2786 2
1 152 2352 2786 2
1 153 2451 2785 2
1 155 2651 2787 2
1 159 3925 2900 2
1 160 4175 2925 2
1 161 4175 2725 2
1 163 5075 2775 2
1 165 5450 2825 2
1 167 6125 2875 1
1 169 7575 2875 1
1 171 7925 2875 1
1 172 7875 2775 1
1 173 7825 2925 1
1 174 7750 2800 1
1 179 7975 2975 1
1 180 8775 2825 1
1 184 8775 3275 1
1 186 8525 3225 1
1 189 7975 3075 1
1 190 7825 3125 1
1 194 7425 3125 1
1 197 6125 3025 1
1 200 5275 3250 2
1 201 5450 3025 2
1 202 5175 3150 2
1 204 4525 3200 2
1 206 4575 3025 2
1 207 4425 3200 2
1 208 4325 3200 2
1 209 4175 3200 2
1 210 4275 3125 2
1 211 4275 3025 2
1 213 3875 3275 2
1 216 3925 3475 2
1 219 4325 3575 2
1 221 4175 3400 2
1 222 4125 3300 2
1 223 4500 3300 2
1 226 4675 3400 2
1 227 4775 3375 2
1 229 4975 3325 2
1 230 5175 3475 2
1 232 5375 3525 2
1 233 5275 3525 2
1 236 6450 3375 1
1 237 6675 3325 1
1 239 6975 3525 1
1 241 6775 3425 1
1 242 7150 3325 1
1 246 7475 3525 1
1 247 7425 3425 1
1 248 7825 3525 1
1 252 8225 3425 1
1 253 8225 3325 1
1 258 8675 3800 1
1 261 8325 3625 1
1 262 8375 3775 1
1 263 8175 3625 1
1 264 8225 3775 1
1 265 8075 3775 1
1 266 8075 3675 1
1 267 7925 3775 1
1 268 7875 3675 1
1 271 6975 3725 1
1 272 6575 3750 1
1 275 5325 3775 2
1 278 5075 3800 2
1 279 5204 3772 2
1 283 4775 3675 2
1 286 4325 3725 2
1 287 3825 3650 2
1 288 3625 3750 2
1 290 3225 3750 2
1 291 3325 3750 2
1 299 4775 3225 2
2 1 2156 1639 2
2 2 2456 1639 2
2 3 2355 1640 2
2 5 2656 1640 2
2 8 3275 1600 2
2 9 3375 1600 2
2 11 3575 1600 2
2 14 3875 1775 2
2 15 4275 1625 2
2 16 4275 1725 2
2 21 4560 1565 2
2 22 4775 1725 2
2 26 5160 1565 2
2 27 5310 1565 2
2 28 5460 1565 2
2 31 6525 1575 1
2 32 6675 1575 1
2 33 6675 1725 1
2 34 6525 1725 1
2 36 7075 1575 1
2 38 7259 1576 1
2 41 7560 1575 1
2 44 7825 1675 1
2 46 7711 1575 1
2 49 8075 1575 1
2 50 8175 1575 1
2 52 8375 1575 1
2 55 8820 1928 1
2 58 7725 1975 1
2 59 7475 1975 1
2 61 7575 2075 1
2 62 7075 1975 1
2 65 6975 2075 1
2 67 6200 1975 1
2 68 6425 2075 1
2 69 6000 1975 1
2 70 6025 2075 1
2 71 5675 1825 2
2 73 5425 1825 2
2 76 4975 2025 2
2 80 4925 1925 2
2 81 4675 1950 2
2 83 4425 2050 2
2 85 4175 1950 2
2 86 4125 2050 2
2 87 4275 2050 2
2 90 3975 1975 2
2 94 4175 2150 2
2 95 4325 2150 2
2 99 4525 2150 2
2 100 4600 2225 2
2 101 4600 2325 2
2 105 6775 2225 1
2 108 7425 2325 1
2 110 7475 2175 1
2 112 7825 2175 1
2 114 8825 2225 1
2 115 8725 2375 1
2 116 8703 2197 1
2 117 8825 2425 1
2 119 8725 2525 1
2 120 8625 2600 1
2 121 8375 2600 1
2 124 8225 2500 1
2 129 5350 2400 2
2 130 5450 2525 2
2 131 5450 2675 2
2 132 5250 2400 2
2 135 5075 2575 2
2 137 5025 2675 2
2 139 4175 2425 2
2 141 3925 2450 2
2 146 2675 2525 2
2 147 2275 2525 2
2 149 2175 2525 2
2 150 2148 2786 2
2 154 2552 2785 2
2 156 2925 2925 2
2 157 3325 2900 2
2 158 3725 2900 2
2 162 4975 2825 2
2 164 5175 2875 2
2 166 5450 2925 2
2 168 6025 2875 1
2 170 7425 2875 1
2 175 8125 2775 1
2 176 8075 2875 1
2 177 8025 2775 1
2 178 8125 2975 1
2 181 8775 2925 1
2 182 8775 3025 1
2 183 8775 3125 1
2 185 8625 3225 1
2 187 8075 3075 1
2 188 7975 3275 1
2 191 7575 3075 1
2 192 7600 3175 1
2 193 7425 3275 1
2 195 7425 3025 1
2 196 7325 3225 1
2 198 6025 3175 1
2 199 5375 3250 2
2 203 5075 3275 2
2 205 4575 3125 2
2 212 3975 3275 2
2 214 2925 3198 2
2 215 2925 3475 2
2 217 3825 3475 2
2 218 3975 3375 2
2 220 4275 3300 2
2 224 4400 3300 2
2 225 4725 3525 2
2 228 5175 3300 2
2 231 5025 3450 2
2 234 6050 3375 1
2 235 5908 3574 1
2 238 6575 3525 1
2 240 6875 3325 1
2 243 7150 3475 1
2 244 7625 3525 1
2 245 7575 3425 1
2 249 7725 3525 1
2 250 7825 3375 1
2 251 7725 3375 1
2 254 8475 3525 1
2 255 8325 3525 1
2 256 8575 3325 1
2 257 8775 3700 1
2 259 8575 3700 1
2 260 8425 3625 1
2 269 7075 3675 1
2 270 7150 3750 1
2 273 6375 3750 1
2 274 5975 3750 1
2 276 5275 3675 2
2 277 5375 3675 2
2 280 4675 3675 2
2 281 4925 3800 2
2 282 4925 3675 2
2 284 4575 3675 2
2 285 4425 3675 2
2 289 3475 3750 2
2 292 3125 3725 2
2 293 2925 3725 2
2 294 2575 3675 2
2 295 2675 3675 2
2 296 2275 3675 2
2 297 2375 3675 2
2 298 2175 3675 2
