1 5 88.9064 838.954 4
1 6 233.569 850.798 4
1 8 406.271 601.839 8
1 13 861.254 754.12 7
1 18 55.259 619.092 4
1 30 979.153 716.97 7
1 31 489.418 957.946 5
1 40 156.444 178.995 9
1 42 963.235 442.629 2
1 47 331.283 923.481 5
1 48 33.5356 889.86 4
1 49 511.528 60.4103 6
1 50 232.874 327.742 1
1 53 25.7158 384.711 1
1 61 489.34 885.471 5
1 67 327.208 868.8 5
1 68 267.929 788.352 4
1 69 792.919 136.517 3
1 70 156.993 187.479 9
1 75 298.827 796.84 5
1 86 40.56 259.589 9
1 90 494.944 163.27 6
1 92 835.669 882.708 7
1 99 580.371 933.465 5
1 104 801.207 327.664 2
1 108 569.788 359.946 6
1 111 615.258 416.034 2
1 114 326.41 615.676 8
1 117 207.262 753.08 4
1 118 127.313 986.134 4
1 120 368.488 322.474 6
1 124 942.046 733.577 7
1 127 476.331 253.181 6
1 128 232.085 588.069 1
1 129 439.629 819.344 5
1 133 734.709 76.166 3
1 134 844.594 856.238 7
1 136 359.094 688.825 8
1 137 901.1 207.153 3
1 143 882.698 149.994 3
1 146 578.122 545.104 8
1 148 509.211 164.053 6
1 149 875.589 251.226 3
1 153 167.243 943.593 4
1 155 267.979 69.0196 9
1 156 476.475 711.843 8
1 159 165.471 811.813 4
1 166 176.011 611.721 1
1 174 417.205 194.188 6
1 177 262.003 425.604 1
1 178 669.764 662.314 8
1 182 967.473 235.618 3
1 190 347.579 997.518 5
1 192 547.387 204.852 6
1 196 85.7052 33.6732 9
1 199 21.9732 102.51 9
1 202 486.743 625.481 8
1 205 295.533 923.189 5
1 206 879.339 967.331 7
1 207 889.914 107.701 3
1 209 382.491 96.1738 6
1 210 134.598 416.191 1
1 213 244.594 473.987 1
1 218 680.574 156.194 3
1 219 811.997 466.21 2
1 220 963.481 584.969 2
1 221 312.678 611.344 8
1 225 762.214 751.456 7
1 228 399.475 192.268 6
1 229 32.4988 938.751 4
1 230 814.209 436.493 2
1 234 769.072 182.917 3
1 235 175.856 408.861 1
1 243 195.262 304.483 1
1 244 543.707 996.057 5
1 249 818.209 629.891 2
1 255 374.105 494.356 8
1 256 599.164 619.972 8
1 257 327.353 384.372 1
1 258 360.033 175.038 6
1 259 809.911 758.316 7
1 263 606.972 355.066 6
1 265 852.864 824.65 7
1 266 746.32 56.0444 3
1 287 49.9968 742.733 4
1 290 786.058 432.582 2
1 292 509.984 834.341 5
1 293 890.36 307.257 3
1 295 473.917 22.3053 6
1 299 414.131 748.199 8
1 301 974.766 171.802 3
1 308 236.339 400.124 1
1 309 747.866 360.265 2
1 310 430.779 816.476 5
1 311 21.823 256.845 9
1 318 438.962 136.901 6
1 320 920.634 460.336 2
1 325 763.859 558.636 2
1 328 500.418 885.256 5
1 329 807.777 879.354 7
1 337 559.929 171.432 6
1 339 99.6077 192.347 9
1 341 42.8894 926.489 4
1 345 2.99018 973.272 4
1 352 891.084 771.611 7
1 353 609.907 714.945 8
1 354 800.506 368.529 2
1 357 517.93 649.464 8
1 358 235.387 41.3129 9
1 362 548.665 952.849 5
1 368 90.496 16.7955 9
1 370 626.521 526.724 8
1 371 995.853 234.577 3
1 372 918.947 876.684 7
1 374 377.688 314.408 6
1 377 827.455 580.479 2
1 379 620.154 281.819 6
1 382 274.222 258.428 1
1 383 82.5408 643.565 4
1 384 592.712 764.167 8
1 385 724.782 471.166 2
1 386 778.131 902.453 7
1 390 165.76 712.313 4
1 391 256.231 126.549 9
1 392 927.385 899.534 7
1 393 524.925 53.7248 6
1 394 72.1925 423.799 1
1 395 367.23 863.354 5
1 396 349.224 799.328 5
1 397 127.116 42.9147 9
1 398 587.637 139.566 6
1 399 22.8315 355.085 1
2 0 435.841 587.522 3
2 1 602.539 801.704 1
2 3 444.217 553.301 3
2 4 796.042 796.519 1
2 9 954.573 785.053 1
2 11 946.1 432.995 7
2 20 237.167 707.298 5
2 21 583.448 609.201 3
2 22 404.171 942.218 2
2 23 15.771 614.642 9
2 25 196.656 613.862 9
2 28 49.6047 40.6059 6
2 29 271.361 736.904 5
2 33 332.771 466.52 3
2 35 168.54 974.806 5
2 36 806.139 537.748 7
2 37 445.404 306.86 8
2 38 306.696 552.626 3
2 41 140.141 704.084 5
2 44 385.534 487.846 3
2 45 931.464 198.146 4
2 52 126.307 27.0835 6
2 54 550.99 317.71 8
2 55 421.545 669.856 3
2 56 699.395 641.832 1
2 57 30.6059 881.315 5
2 59 547.886 870.165 2
2 64 171.854 111.942 6
2 66 132.524 507.626 9
2 71 186.101 903.489 5
2 72 745.996 818.744 1
2 76 91.6001 378.018 9
2 85 972.905 220.419 4
2 95 653.011 671.869 1
2 96 628.285 197.058 8
2 97 1.94865 712.335 5
2 100 377.453 863.505 2
2 101 258.125 251.372 6
2 103 700.979 439.308 7
2 105 755.117 581.702 7
2 106 168.354 774.785 5
2 109 505.772 795.094 2
2 110 692.786 475.055 7
2 112 433.068 854.106 2
2 113 226.997 149.199 6
2 115 756.359 997.073 1
2 121 618.453 808.454 1
2 123 347.487 932.543 2
2 130 959.404 382.332 7
2 132 475.22 422.92 3
2 138 607.208 778.844 1
2 139 682.389 84.7105 4
2 140 840.931 757.357 1
2 142 725.65 402.263 7
2 144 429.87 229.253 8
2 147 541.69 818.375 2
2 150 101.219 820.45 5
2 151 485.894 5.4797 8
2 158 217.245 20.1127 6
2 162 2.19756 25.8493 6
2 163 135.318 579.262 9
2 164 257.714 332.927 9
2 165 678.108 546.502 7
2 167 560.389 331.015 8
2 175 884.474 559.131 7
2 176 868.707 180.065 4
2 180 424.972 239.973 8
2 183 180.64 963.276 5
2 184 153.897 253.897 6
2 186 23.8826 240.295 6
2 187 701.018 43.4543 4
2 189 190.116 9.77048 6
2 193 776.794 291.288 4
2 194 756.586 917.899 1
2 197 904.883 126.216 4
2 198 87.5416 389.28 9
2 200 417.302 581.199 3
2 201 205.641 477.219 9
2 203 372.177 77.9249 8
2 204 117.937 480.467 9
2 211 759.957 814.02 1
2 212 44.5069 940.863 5
2 216 645.769 36.6176 4
2 217 881.955 436.361 7
2 223 518.363 989.629 2
2 224 272.482 202.425 6
2 226 648.783 603.79 7
2 233 92.7453 433.967 9
2 237 227.183 343.604 9
2 238 491.148 328.614 8
2 239 25.5217 669.796 5
2 241 980.725 735.09 1
2 247 805.435 372.793 7
2 250 415.46 823.742 2
2 252 325.896 907.59 2
2 253 512.472 906.526 2
2 254 826.909 802.719 1
2 260 260.672 213.383 6
2 261 934.248 685.015 1
2 267 93.5555 531.101 9
2 269 746.616 491.772 7
2 270 231.083 960.553 5
2 271 683.546 930.491 1
2 272 431.006 685.786 3
2 273 709.83 561.077 7
2 275 384.806 812.568 2
2 277 52.5835 271.001 6
2 281 178.085 519.553 9
2 283 114.258 377.412 9
2 285 314.339 438.079 3
2 291 995.164 77.7478 4
2 294 304.468 535.688 3
2 296 868.559 484.797 7
2 298 616.789 748.507 1
2 300 236.206 683.44 5
2 306 451.636 797.971 2
2 307 197.287 1.98716 6
2 316 109.638 555.178 9
2 317 818.496 388.539 7
2 319 344.937 837.515 2
2 321 950.473 33.9817 4
2 323 826.839 234.883 4
2 326 477.087 834.773 2
2 332 752.455 173.084 4
2 334 494.045 199.61 8
2 335 225.447 556.169 9
2 336 782.186 687.569 1
2 340 257.615 814.539 5
2 342 172.907 173.232 6
2 343 483.206 814.332 2
2 346 286.889 436.077 9
2 348 382.173 228.74 8
2 349 407.053 857.824 2
2 350 957.659 25.5349 4
3 2 861.563 954.019 1
3 7 476.864 203.976 8
3 10 593.326 968.644 4
3 12 83.0742 601.487 2
3 14 247.619 698.637 2
3 15 963.227 965.824 1
3 16 125.872 536.987 2
3 17 563.237 20.7366 3
3 19 691.414 576.653 9
3 24 20.0806 62.8968 7
3 26 913.249 428.902 9
3 27 828.34 584.111 9
3 32 817.106 281.12 5
3 34 278.353 945.623 6
3 39 555.492 359.315 8
3 43 460.829 255.503 8
3 46 279.893 896.021 6
3 51 870.562 747.862 1
3 58 486.626 987.924 4
3 60 764.19 227.841 5
3 62 908.764 483.318 9
3 63 195.225 821.483 6
3 65 599.164 587.5 4
3 73 672.67 141.516 5
3 74 795.061 496.701 9
3 77 917.898 105.225 5
3 78 370.272 274.581 8
3 79 789.206 738.168 1
3 80 800.35 158.589 5
3 81 748.357 537.031 9
3 82 486.979 88.5907 3
3 83 148.737 95.1072 7
3 84 231.984 10.131 7
3 87 192.47 292.712 7
3 88 24.0393 509.808 2
3 89 316.686 311.822 8
3 91 525.118 681.256 4
3 93 775.205 181.054 5
3 94 109.477 27.3525 7
3 98 730.64 446.995 9
3 102 659.297 693.415 4
3 107 607.71 673.196 4
3 116 175.187 551.629 2
3 119 245.176 595.849 2
3 122 284.623 905.817 6
3 125 923.029 410.17 9
3 126 153.759 230.999 7
3 131 659.332 989.174 1
3 135 10.2508 829.527 6
3 141 449.959 883.516 4
3 145 980.879 821.977 1
3 152 134 228.874 7
3 154 156.372 445.891 2
3 157 456.946 809.262 4
3 160 381.612 457.549 8
3 161 310.765 220.815 8
3 168 416.783 521.535 8
3 169 852.354 420.312 9
3 170 850.689 321.301 5
3 171 745.771 57.0821 5
3 172 104.725 588.78 2
3 173 64.3447 87.0233 7
3 179 420.178 34.4287 3
3 181 615.069 4.82106 3
3 185 138.308 544.775 2
3 188 951.537 792.325 1
3 191 331.085 8.82753 3
3 195 172.306 772.747 6
3 208 636.977 852.552 4
3 214 642.573 589.53 9
3 215 228.193 537.552 2
3 222 853.959 621.638 9
3 227 783.667 742.083 1
3 231 291.053 292.049 8
3 232 607.013 13.6116 3
3 236 344.656 388.185 8
3 240 789.06 180.381 5
3 242 58.1823 207.452 7
3 245 557.17 378.511 8
3 246 256.513 606.643 2
3 248 462.037 417.062 8
3 251 203.288 280.22 7
3 262 176.023 365.196 2
3 264 667.645 810.279 4
3 268 818.774 606.902 9
3 274 452.184 663.382 4
3 276 886.343 4.94442 5
3 278 152.733 951.553 6
3 279 808.889 763.527 1
3 280 775.352 780.347 1
3 282 988.743 256.46 5
3 284 236.126 494.214 2
3 286 273.595 173.028 7
3 288 6.42906 353.95 7
3 289 540.007 528.659 8
3 297 91.7265 661.356 2
3 302 732.088 320.501 5
3 303 334.192 594.83 2
3 304 561.254 14.0532 3
3 305 33.0116 545.758 2
3 312 344.638 230.393 8
3 313 754.786 929.344 1
3 314 257.178 178.95 7
3 315 233.293 789.181 6
3 322 123.803 911.149 6
3 324 967.716 166.523 5
3 327 189.042 621.271 2
3 330 6.13562 122.624 7
3 331 680.526 979.535 1
3 333 740.572 359.87 9
3 338 463.399 711.7 4
3 344 537.144 893.849 4
3 347 34.4571 282.052 7
3 351 534.254 449.898 8
3 355 6.5945 196.999 7
3 356 122.621 436.923 2
3 359 603.56 723.736 4
3 360 910.373 948.618 1
3 361 498.328 926.571 4
3 363 779.11 99.0186 5
3 364 582.097 75.6071 3
3 365 214.744 82.1886 7
3 366 560.439 622.937 4
3 367 693.672 555.594 9
3 369 760.5 411.841 9
3 373 989.579 47.3211 5
3 375 961.419 413.034 9
3 376 825.413 709.361 1
3 378 35.7801 990.366 6
3 380 109.524 120.779 7
3 381 738.931 820.767 1
3 387 885.712 666.382 9
3 388 26.8873 163.883 7
3 389 741.314 972.935 1
