1 236 344.656 388.185 8
1 257 327.353 384.372 8
1 120 368.488 322.474 8
1 374 377.688 314.408 8
1 89 316.686 311.822 8
1 160 381.612 457.549 8
1 285 314.339 438.079 8
1 37 445.404 306.86 8
1 248 462.037 417.062 8
1 33 332.771 466.52 8
1 346 286.889 436.077 8
1 231 291.053 292.049 8
1 132 475.22 422.92 8
1 44 385.534 487.846 8
1 63 195.225 821.483 7
1 6 233.569 850.798 7
1 159 165.471 811.813 7
1 71 186.101 903.489 7
1 340 257.615 814.539 7
1 315 233.293 789.181 7
1 106 168.354 774.785 7
1 195 172.306 772.747 7
1 68 267.929 788.352 7
1 46 279.893 896.021 7
1 117 207.262 753.08 7
1 322 123.803 911.149 7
1 153 167.243 943.593 7
1 122 284.623 905.817 7
1 150 101.219 820.45 7
1 75 298.827 796.84 7
1 5 88.9064 838.954 7
1 278 152.733 951.553 7
1 270 231.083 960.553 7
1 176 868.707 180.065 1
1 80 800.35 158.589 1
1 143 882.698 149.994 1
1 240 789.06 180.381 1
1 69 792.919 136.517 1
1 93 775.205 181.054 1
1 323 826.839 234.883 1
1 234 769.072 182.917 1
1 137 901.1 207.153 1
1 197 904.883 126.216 1
1 207 889.914 107.701 1
1 332 752.455 173.084 1
1 149 875.589 251.226 1
1 363 779.11 99.0186 1
1 134 844.594 856.238 4
1 254 826.909 802.719 4
1 329 807.777 879.354 4
1 265 852.864 824.65 4
1 4 796.042 796.519 4
1 92 835.669 882.708 4
1 211 759.957 814.02 4
1 280 775.352 780.347 4
1 72 745.996 818.744 4
1 386 778.131 902.453 4
1 279 808.889 763.527 4
1 381 738.931 820.767 4
1 259 809.911 758.316 4
1 140 840.931 757.357 4
1 13 861.254 754.12 4
1 194 756.586 917.899 4
1 219 811.997 466.21 2
1 230 814.209 436.493 2
1 290 786.058 432.582 2
1 74 795.061 496.701 2
1 269 746.616 491.772 2
1 169 852.354 420.312 2
1 369 760.5 411.841 2
1 296 868.559 484.797 2
1 98 730.64 446.995 2
1 36 806.139 537.748 2
1 317 818.496 388.539 2
1 385 724.782 471.166 2
1 217 881.955 436.361 2
1 247 805.435 372.793 2
1 81 748.357 537.031 2
1 64 171.854 111.942 3
1 83 148.737 95.1072 3
1 342 172.907 173.232 3
1 40 156.444 178.995 3
1 380 109.524 120.779 3
1 70 156.993 187.479 3
1 113 226.997 149.199 3
1 365 214.744 82.1886 3
1 339 99.6077 192.347 3
1 397 127.116 42.9147 3
1 391 256.231 126.549 3
1 126 153.759 230.999 3
1 152 134 228.874 3
1 173 64.3447 87.0233 3
1 52 126.307 27.0835 3
1 314 257.178 178.95 3
1 91 525.118 681.256 6
1 156 476.475 711.843 6
1 384 592.712 764.167 6
1 359 603.56 723.736 6
1 109 505.772 795.094 6
1 338 463.399 711.7 6
1 353 609.907 714.945 6
1 357 517.93 649.464 6
1 298 616.789 748.507 6
1 138 607.208 778.844 6
1 147 541.69 818.375 6
1 107 607.71 673.196 6
1 343 483.206 814.332 6
1 1 602.539 801.704 6
1 274 452.184 663.382 6
1 306 451.636 797.971 6
1 292 509.984 834.341 6
1 366 560.439 622.937 6
1 157 456.946 809.262 6
1 272 431.006 685.786 6
1 202 486.743 625.481 6
1 121 618.453 808.454 6
1 82 486.979 88.5907 9
1 148 509.211 164.053 9
1 49 511.528 60.4103 9
1 90 494.944 163.27 9
1 393 524.925 53.7248 9
1 337 559.929 171.432 9
1 398 587.637 139.566 9
1 364 582.097 75.6071 9
1 204 117.937 480.467 5
1 66 132.524 507.626 5
1 16 125.872 536.987 5
1 154 156.372 445.891 5
1 356 122.621 436.923 5
1 267 93.5555 531.101 5
1 185 138.308 544.775 5
1 281 178.085 519.553 5
1 233 92.7453 433.967 5
1 316 109.638 555.178 5
1 210 134.598 416.191 5
1 116 175.187 551.629 5
1 201 205.641 477.219 5
1 394 72.1925 423.799 5
1 163 135.318 579.262 5
2 164 257.714 332.927 5
2 177 262.003 425.604 5
2 255 374.105 494.356 3
2 238 491.148 328.614 4
2 308 236.339 400.124 5
2 312 344.638 230.393 5
2 50 232.874 327.742 5
2 43 460.829 255.503 4
2 237 227.183 343.604 5
2 382 274.222 258.428 5
2 168 416.783 521.535 9
2 127 476.331 253.181 4
2 161 310.765 220.815 5
2 183 180.64 963.276 6
2 205 295.533 923.189 6
2 34 278.353 945.623 6
2 67 327.208 868.8 6
2 35 168.54 974.806 6
2 29 271.361 736.904 3
2 252 325.896 907.59 6
2 390 165.76 712.313 3
2 319 344.937 837.515 6
2 20 237.167 707.298 3
2 47 331.283 923.481 6
2 41 140.141 704.084 3
2 118 127.313 986.134 6
2 396 349.224 799.328 6
2 14 247.619 698.637 3
2 395 367.23 863.354 6
2 300 236.206 683.44 3
2 123 347.487 932.543 6
2 60 764.19 227.841 8
2 45 931.464 198.146 8
2 77 917.898 105.225 8
2 32 817.106 281.12 8
2 324 967.716 166.523 8
2 301 974.766 171.802 8
2 193 776.794 291.288 8
2 133 734.709 76.166 8
2 85 972.905 220.419 8
2 182 967.473 235.618 8
2 171 745.771 57.0821 8
2 266 746.32 56.0444 8
2 293 890.36 307.257 8
2 218 680.574 156.194 4
2 227 783.667 742.083 7
2 225 762.214 751.456 7
2 352 891.084 771.611 7
2 79 789.206 738.168 7
2 51 870.562 747.862 7
2 313 754.786 929.344 7
2 372 918.947 876.684 7
2 2 861.563 954.019 7
2 376 825.413 709.361 7
2 392 927.385 899.534 7
2 206 879.339 967.331 7
2 188 951.537 792.325 7
2 360 910.373 948.618 7
2 264 667.645 810.279 7
2 9 954.573 785.053 7
2 389 741.314 972.935 7
2 354 800.506 368.529 2
2 142 725.65 402.263 2
2 325 763.859 558.636 2
2 103 700.979 439.308 2
2 62 908.764 483.318 2
2 110 692.786 475.055 2
2 26 913.249 428.902 2
2 309 747.866 360.265 2
2 320 920.634 460.336 2
2 377 827.455 580.479 2
2 333 740.572 359.87 2
2 27 828.34 584.111 2
2 175 884.474 559.131 2
2 105 755.117 581.702 2
2 358 235.387 41.3129 1
2 94 109.477 27.3525 1
2 286 273.595 173.028 5
2 155 267.979 69.0196 1
2 158 217.245 20.1127 1
2 189 190.116 9.77048 1
2 196 85.7052 33.6732 1
2 184 153.897 253.897 5
2 260 260.672 213.383 5
2 307 197.287 1.98716 1
2 242 58.1823 207.452 1
2 368 90.496 16.7955 1
2 224 272.482 202.425 5
2 84 231.984 10.131 1
2 388 26.8873 163.883 1
2 199 21.9732 102.51 1
2 326 477.087 834.773 6
2 299 414.131 748.199 6
2 256 599.164 619.972 9
2 55 421.545 669.856 9
2 21 583.448 609.201 9
2 102 659.297 693.415 9
2 129 439.629 819.344 6
2 95 653.011 671.869 9
2 310 430.779 816.476 6
2 59 547.886 870.165 6
2 178 669.764 662.314 9
2 250 415.46 823.742 6
2 65 599.164 587.5 9
2 328 500.418 885.256 6
2 208 636.977 852.552 7
2 112 433.068 854.106 6
2 61 489.34 885.471 6
2 344 537.144 893.849 6
2 226 648.783 603.79 9
2 275 384.806 812.568 6
2 0 435.841 587.522 9
2 318 438.962 136.901 4
2 334 494.045 199.61 4
2 192 547.387 204.852 4
2 17 563.237 20.7366 4
2 295 473.917 22.3053 4
2 304 561.254 14.0532 4
2 151 485.894 5.4797 4
2 232 607.013 13.6116 4
2 235 175.856 408.861 5
2 172 104.725 588.78 3
2 88 24.0393 509.808 3
2 284 236.126 494.214 3
2 198 87.5416 389.28 5
2 305 33.0116 545.758 3
2 215 228.193 537.552 3
2 283 114.258 377.412 5
2 213 244.594 473.987 3
2 76 91.6001 378.018 5
2 335 225.447 556.169 3
2 12 83.0742 601.487 3
2 166 176.011 611.721 3
2 262 176.023 365.196 5
3 294 304.468 535.688 8
3 228 399.475 192.268 1
3 174 417.205 194.188 1
3 39 555.492 359.315 5
3 245 557.17 378.511 5
3 54 550.99 317.71 5
3 38 306.696 552.626 8
3 167 560.389 331.015 5
3 258 360.033 175.038 1
3 7 476.864 203.976 1
3 303 334.192 594.83 8
3 221 312.678 611.344 8
3 246 256.513 606.643 8
3 48 33.5356 889.86 3
3 57 30.6059 881.315 3
3 341 42.8894 926.489 3
3 100 377.453 863.505 4
3 212 44.5069 940.863 3
3 287 49.9968 742.733 3
3 229 32.4988 938.751 3
3 135 10.2508 829.527 3
3 190 347.579 997.518 4
3 378 35.7801 990.366 3
3 22 404.171 942.218 4
3 345 2.99018 973.272 3
3 97 1.94865 712.335 3
3 239 25.5217 669.796 3
3 114 326.41 615.676 8
3 23 15.771 614.642 3
3 58 486.626 987.924 4
3 104 801.207 327.664 7
3 73 672.67 141.516 9
3 371 995.853 234.577 7
3 276 886.343 4.94442 9
3 282 988.743 256.46 7
3 321 950.473 33.9817 9
3 291 995.164 77.7478 9
3 350 957.659 25.5349 9
3 302 732.088 320.501 5
3 187 701.018 43.4543 9
3 373 989.579 47.3211 9
3 96 628.285 197.058 9
3 379 620.154 281.819 5
3 336 782.186 687.569 2
3 271 683.546 930.491 4
3 124 942.046 733.577 2
3 145 980.879 821.977 2
3 115 756.359 997.073 4
3 387 885.712 666.382 2
3 331 680.526 979.535 4
3 261 934.248 685.015 2
3 241 980.725 735.09 2
3 15 963.227 965.824 2
3 30 979.153 716.97 2
3 131 659.332 989.174 4
3 10 593.326 968.644 4
3 244 543.707 996.057 4
3 223 518.363 989.629 4
3 125 923.029 410.17 7
3 268 818.774 606.902 2
3 11 946.1 432.995 7
3 170 850.689 321.301 7
3 42 963.235 442.629 7
3 375 961.419 413.034 7
3 222 853.959 621.638 2
3 249 818.209 629.891 2
3 130 959.404 382.332 7
3 111 615.258 416.034 5
3 220 963.481 584.969 2
3 263 606.972 355.066 5
3 108 569.788 359.946 5
3 351 534.254 449.898 5
3 28 49.6047 40.6059 6
3 101 258.125 251.372 1
3 330 6.13562 122.624 6
3 24 20.0806 62.8968 6
3 251 203.288 280.22 6
3 87 192.47 292.712 6
3 355 6.5945 196.999 6
3 186 23.8826 240.295 6
3 86 40.56 259.589 6
3 277 52.5835 271.001 6
3 162 2.19756 25.8493 6
3 191 331.085 8.82753 1
3 203 372.177 77.9249 1
3 209 382.491 96.1738 1
3 179 420.178 34.4287 1
3 141 449.959 883.516 4
3 214 642.573 589.53 5
3 253 512.472 906.526 4
3 136 359.094 688.825 8
3 8 406.271 601.839 8
3 349 407.053 857.824 4
3 56 699.395 641.832 5
3 200 417.302 581.199 8
3 146 578.122 545.104 5
3 3 444.217 553.301 8
3 361 498.328 926.571 4
3 289 540.007 528.659 5
3 99 580.371 933.465 4
3 19 691.414 576.653 5
3 370 626.521 526.724 5
3 362 548.665 952.849 4
3 165 678.108 546.502 5
3 31 489.418 957.946 4
3 367 693.672 555.594 5
3 273 709.83 561.077 5
3 181 615.069 4.82106 9
3 144 429.87 229.253 1
3 216 645.769 36.6176 9
3 180 424.972 239.973 1
3 139 682.389 84.7105 9
3 348 382.173 228.74 1
3 78 370.272 274.581 1
3 25 196.656 613.862 8
3 128 232.085 588.069 8
3 327 189.042 621.271 8
3 53 25.7158 384.711 6
3 18 55.259 619.092 3
3 119 245.176 595.849 8
3 383 82.5408 643.565 3
3 399 22.8315 355.085 6
3 297 91.7265 661.356 3
3 288 6.42906 353.95 6
3 243 195.262 304.483 6
3 347 34.4571 282.052 6
3 311 21.823 256.845 6
