1 3 444.217 553.301 9
1 6 233.569 850.798 5
1 8 406.271 601.839 9
1 10 593.326 968.644 7
1 11 946.1 432.995 8
1 12 83.0742 601.487 1
1 13 861.254 754.12 3
1 16 125.872 536.987 1
1 17 563.237 20.7366 2
1 22 404.171 942.218 7
1 23 15.771 614.642 1
1 24 20.0806 62.8968 4
1 27 828.34 584.111 8
1 28 49.6047 40.6059 4
1 30 979.153 716.97 3
1 31 489.418 957.946 7
1 34 278.353 945.623 5
1 36 806.139 537.748 8
1 38 306.696 552.626 9
1 48 33.5356 889.86 5
1 51 870.562 747.862 3
1 52 126.307 27.0835 4
1 56 699.395 641.832 3
1 58 486.626 987.924 7
1 61 489.34 885.471 7
1 64 171.854 111.942 4
1 67 327.208 868.8 7
1 68 267.929 788.352 5
1 72 745.996 818.744 3
1 73 672.67 141.516 2
1 76 91.6001 378.018 1
1 78 370.272 274.581 2
1 83 148.737 95.1072 4
1 85 972.905 220.419 6
1 86 40.56 259.589 4
1 87 192.47 292.712 4
1 88 24.0393 509.808 1
1 89 316.686 311.822 9
1 91 525.118 681.256 7
1 92 835.669 882.708 3
1 94 109.477 27.3525 4
1 95 653.011 671.869 3
1 101 258.125 251.372 4
1 102 659.297 693.415 3
1 106 168.354 774.785 5
1 112 433.068 854.106 7
1 119 245.176 595.849 1
1 126 153.759 230.999 4
1 127 476.331 253.181 2
1 130 959.404 382.332 8
1 131 659.332 989.174 7
1 134 844.594 856.238 3
1 135 10.2508 829.527 5
1 144 429.87 229.253 2
1 147 541.69 818.375 7
1 148 509.211 164.053 2
1 153 167.243 943.593 5
1 160 381.612 457.549 9
1 164 257.714 332.927 9
1 165 678.108 546.502 8
1 166 176.011 611.721 1
1 169 852.354 420.312 8
1 172 104.725 588.78 1
1 174 417.205 194.188 2
1 175 884.474 559.131 8
1 176 868.707 180.065 6
1 177 262.003 425.604 9
1 181 615.069 4.82106 2
1 185 138.308 544.775 1
1 188 951.537 792.325 3
1 190 347.579 997.518 7
1 191 331.085 8.82753 2
1 202 486.743 625.481 9
1 204 117.937 480.467 1
1 207 889.914 107.701 6
1 210 134.598 416.191 1
1 211 759.957 814.02 3
1 212 44.5069 940.863 5
1 218 680.574 156.194 2
1 224 272.482 202.425 4
1 232 607.013 13.6116 2
1 235 175.856 408.861 1
1 239 25.5217 669.796 1
1 242 58.1823 207.452 4
1 243 195.262 304.483 4
1 247 805.435 372.793 8
1 249 818.209 629.891 3
1 250 415.46 823.742 7
1 255 374.105 494.356 9
1 257 327.353 384.372 9
1 258 360.033 175.038 2
1 259 809.911 758.316 3
1 267 93.5555 531.101 1
1 268 818.774 606.902 8
1 270 231.083 960.553 5
1 271 683.546 930.491 3
1 278 152.733 951.553 5
1 287 49.9968 742.733 5
1 288 6.42906 353.95 4
1 289 540.007 528.659 9
1 296 868.559 484.797 8
1 300 236.206 683.44 1
1 301 974.766 171.802 6
1 302 732.088 320.501 8
1 303 334.192 594.83 9
1 308 236.339 400.124 9
1 309 747.866 360.265 8
1 310 430.779 816.476 7
1 319 344.937 837.515 7
1 322 123.803 911.149 5
1 327 189.042 621.271 1
1 329 807.777 879.354 3
1 332 752.455 173.084 6
1 337 559.929 171.432 2
1 338 463.399 711.7 7
1 345 2.99018 973.272 5
1 346 286.889 436.077 9
1 347 34.4571 282.052 4
1 348 382.173 228.74 2
1 354 800.506 368.529 8
1 355 6.5945 196.999 4
1 359 603.56 723.736 3
1 361 498.328 926.571 7
1 362 548.665 952.849 7
1 363 779.11 99.0186 6
1 364 582.097 75.6071 2
1 369 760.5 411.841 8
1 371 995.853 234.577 6
1 373 989.579 47.3211 6
1 375 961.419 413.034 8
1 377 827.455 580.479 8
1 380 109.524 120.779 4
1 386 778.131 902.453 3
1 390 165.76 712.313 1
2 5 88.9064 838.954 8
2 7 476.864 203.976 9
2 14 247.619 698.637 8
2 19 691.414 576.653 5
2 25 196.656 613.862 6
2 26 913.249 428.902 4
2 29 271.361 736.904 8
2 37 445.404 306.86 9
2 39 555.492 359.315 9
2 40 156.444 178.995 3
2 41 140.141 704.084 8
2 42 963.235 442.629 4
2 46 279.893 896.021 8
2 49 511.528 60.4103 9
2 50 232.874 327.742 6
2 54 550.99 317.71 9
2 65 599.164 587.5 5
2 66 132.524 507.626 6
2 74 795.061 496.701 5
2 80 800.35 158.589 1
2 84 231.984 10.131 3
2 96 628.285 197.058 9
2 97 1.94865 712.335 8
2 98 730.64 446.995 5
2 99 580.371 933.465 2
2 100 377.453 863.505 2
2 104 801.207 327.664 4
2 109 505.772 795.094 2
2 110 692.786 475.055 5
2 111 615.258 416.034 5
2 113 226.997 149.199 3
2 114 326.41 615.676 6
2 115 756.359 997.073 7
2 117 207.262 753.08 8
2 118 127.313 986.134 8
2 120 368.488 322.474 9
2 121 618.453 808.454 2
2 122 284.623 905.817 8
2 128 232.085 588.069 6
2 129 439.629 819.344 2
2 133 734.709 76.166 1
2 136 359.094 688.825 2
2 137 901.1 207.153 4
2 139 682.389 84.7105 1
2 145 980.879 821.977 7
2 146 578.122 545.104 5
2 149 875.589 251.226 4
2 150 101.219 820.45 8
2 154 156.372 445.891 6
2 157 456.946 809.262 2
2 158 217.245 20.1127 3
2 168 416.783 521.535 6
2 170 850.689 321.301 4
2 171 745.771 57.0821 1
2 173 64.3447 87.0233 3
2 178 669.764 662.314 5
2 179 420.178 34.4287 9
2 180 424.972 239.973 9
2 182 967.473 235.618 4
2 183 180.64 963.276 8
2 184 153.897 253.897 3
2 186 23.8826 240.295 3
2 187 701.018 43.4543 1
2 192 547.387 204.852 9
2 193 776.794 291.288 4
2 194 756.586 917.899 7
2 196 85.7052 33.6732 3
2 197 904.883 126.216 1
2 199 21.9732 102.51 3
2 201 205.641 477.219 6
2 206 879.339 967.331 7
2 213 244.594 473.987 6
2 214 642.573 589.53 5
2 222 853.959 621.638 7
2 223 518.363 989.629 2
2 226 648.783 603.79 5
2 228 399.475 192.268 9
2 229 32.4988 938.751 8
2 230 814.209 436.493 4
2 231 291.053 292.049 3
2 234 769.072 182.917 1
2 236 344.656 388.185 6
2 244 543.707 996.057 2
2 254 826.909 802.719 7
2 260 260.672 213.383 3
2 264 667.645 810.279 7
2 265 852.864 824.65 7
2 269 746.616 491.772 5
2 272 431.006 685.786 2
2 273 709.83 561.077 5
2 274 452.184 663.382 2
2 276 886.343 4.94442 1
2 277 52.5835 271.001 3
2 279 808.889 763.527 7
2 281 178.085 519.553 6
2 282 988.743 256.46 4
2 283 114.258 377.412 6
2 284 236.126 494.214 6
2 290 786.058 432.582 4
2 293 890.36 307.257 4
2 294 304.468 535.688 6
2 295 473.917 22.3053 9
2 299 414.131 748.199 2
2 305 33.0116 545.758 6
2 307 197.287 1.98716 3
2 314 257.178 178.95 3
2 315 233.293 789.181 8
2 317 818.496 388.539 4
2 318 438.962 136.901 9
2 320 920.634 460.336 4
2 321 950.473 33.9817 1
2 326 477.087 834.773 2
2 328 500.418 885.256 2
2 330 6.13562 122.624 3
2 335 225.447 556.169 6
2 336 782.186 687.569 7
2 340 257.615 814.539 8
2 341 42.8894 926.489 8
2 344 537.144 893.849 2
2 350 957.659 25.5349 1
2 351 534.254 449.898 5
2 352 891.084 771.611 7
2 357 517.93 649.464 2
2 358 235.387 41.3129 3
2 365 214.744 82.1886 3
2 367 693.672 555.594 5
2 368 90.496 16.7955 3
2 370 626.521 526.724 5
2 376 825.413 709.361 7
2 378 35.7801 990.366 8
2 379 620.154 281.819 9
2 381 738.931 820.767 7
2 382 274.222 258.428 3
2 383 82.5408 643.565 6
3 0 435.841 587.522 5
3 1 602.539 801.704 2
3 2 861.563 954.019 9
3 4 796.042 796.519 9
3 9 954.573 785.053 9
3 15 963.227 965.824 9
3 18 55.259 619.092 8
3 20 237.167 707.298 1
3 21 583.448 609.201 2
3 32 817.106 281.12 4
3 33 332.771 466.52 5
3 35 168.54 974.806 1
3 43 460.829 255.503 5
3 44 385.534 487.846 5
3 45 931.464 198.146 4
3 47 331.283 923.481 1
3 53 25.7158 384.711 8
3 55 421.545 669.856 2
3 57 30.6059 881.315 1
3 59 547.886 870.165 2
3 60 764.19 227.841 4
3 62 908.764 483.318 6
3 63 195.225 821.483 1
3 69 792.919 136.517 4
3 70 156.993 187.479 3
3 71 186.101 903.489 1
3 75 298.827 796.84 1
3 77 917.898 105.225 4
3 79 789.206 738.168 9
3 81 748.357 537.031 6
3 82 486.979 88.5907 7
3 90 494.944 163.27 7
3 93 775.205 181.054 4
3 103 700.979 439.308 6
3 105 755.117 581.702 6
3 107 607.71 673.196 2
3 108 569.788 359.946 5
3 116 175.187 551.629 8
3 123 347.487 932.543 1
3 124 942.046 733.577 9
3 125 923.029 410.17 6
3 132 475.22 422.92 5
3 138 607.208 778.844 2
3 140 840.931 757.357 9
3 141 449.959 883.516 2
3 142 725.65 402.263 6
3 143 882.698 149.994 4
3 151 485.894 5.4797 7
3 152 134 228.874 3
3 155 267.979 69.0196 3
3 156 476.475 711.843 2
3 159 165.471 811.813 1
3 161 310.765 220.815 3
3 162 2.19756 25.8493 3
3 163 135.318 579.262 8
3 167 560.389 331.015 5
3 189 190.116 9.77048 3
3 195 172.306 772.747 1
3 198 87.5416 389.28 8
3 200 417.302 581.199 5
3 203 372.177 77.9249 7
3 205 295.533 923.189 1
3 208 636.977 852.552 2
3 209 382.491 96.1738 7
3 215 228.193 537.552 8
3 216 645.769 36.6176 7
3 217 881.955 436.361 6
3 219 811.997 466.21 6
3 220 963.481 584.969 6
3 221 312.678 611.344 8
3 225 762.214 751.456 9
3 227 783.667 742.083 9
3 233 92.7453 433.967 8
3 237 227.183 343.604 8
3 238 491.148 328.614 5
3 240 789.06 180.381 4
3 241 980.725 735.09 9
3 245 557.17 378.511 5
3 246 256.513 606.643 8
3 248 462.037 417.062 5
3 251 203.288 280.22 3
3 252 325.896 907.59 1
3 253 512.472 906.526 2
3 256 599.164 619.972 2
3 261 934.248 685.015 9
3 262 176.023 365.196 8
3 263 606.972 355.066 5
3 266 746.32 56.0444 4
3 275 384.806 812.568 1
3 280 775.352 780.347 9
3 285 314.339 438.079 5
3 286 273.595 173.028 3
3 291 995.164 77.7478 4
3 292 509.984 834.341 2
3 297 91.7265 661.356 8
3 298 616.789 748.507 2
3 304 561.254 14.0532 7
3 306 451.636 797.971 2
3 311 21.823 256.845 3
3 312 344.638 230.393 3
3 313 754.786 929.344 9
3 316 109.638 555.178 8
3 323 826.839 234.883 4
3 324 967.716 166.523 4
3 325 763.859 558.636 6
3 331 680.526 979.535 9
3 333 740.572 359.87 6
3 334 494.045 199.61 7
3 339 99.6077 192.347 3
3 342 172.907 173.232 3
3 343 483.206 814.332 2
3 349 407.053 857.824 1
3 353 609.907 714.945 2
3 356 122.621 436.923 8
3 360 910.373 948.618 9
3 366 560.439 622.937 2
3 372 918.947 876.684 9
3 374 377.688 314.408 5
3 384 592.712 764.167 2
3 385 724.782 471.166 6
3 387 885.712 666.382 9
3 388 26.8873 163.883 3
3 389 741.314 972.935 9
3 391 256.231 126.549 3
3 392 927.385 899.534 9
3 393 524.925 53.7248 7
3 394 72.1925 423.799 8
3 395 367.23 863.354 1
3 396 349.224 799.328 1
3 397 127.116 42.9147 3
3 398 587.637 139.566 7
3 399 22.8315 355.085 8
