1 254 826.909 802.719 5
1 265 852.864 824.65 5
1 4 796.042 796.519 5
1 134 844.594 856.238 5
1 279 808.889 763.527 5
1 140 840.931 757.357 5
1 259 809.911 758.316 5
1 280 775.352 780.347 5
1 13 861.254 754.12 5
1 92 835.669 882.708 5
1 329 807.777 879.354 5
1 211 759.957 814.02 5
1 352 891.084 771.611 5
1 51 870.562 747.862 5
1 72 745.996 818.744 5
1 227 783.667 742.083 5
1 37 445.404 306.86 9
1 238 491.148 328.614 9
1 248 462.037 417.062 9
1 374 377.688 314.408 9
1 132 475.22 422.92 9
1 120 368.488 322.474 9
1 43 460.829 255.503 9
1 127 476.331 253.181 9
1 78 370.272 274.581 9
1 236 344.656 388.185 9
1 54 550.99 317.71 9
1 180 424.972 239.973 9
1 40 156.444 178.995 3
1 342 172.907 173.232 3
1 70 156.993 187.479 3
1 64 171.854 111.942 3
1 380 109.524 120.779 3
1 83 148.737 95.1072 3
1 339 99.6077 192.347 3
1 152 134 228.874 3
1 126 153.759 230.999 3
1 113 226.997 149.199 3
1 365 214.744 82.1886 3
1 184 153.897 253.897 3
1 242 58.1823 207.452 3
1 173 64.3447 87.0233 3
1 397 127.116 42.9147 3
1 391 256.231 126.549 3
1 314 257.178 178.95 3
1 71 186.101 903.489 1
1 6 233.569 850.798 1
1 63 195.225 821.483 1
1 153 167.243 943.593 1
1 159 165.471 811.813 1
1 322 123.803 911.149 1
1 278 152.733 951.553 1
1 183 180.64 963.276 1
1 46 279.893 896.021 1
1 340 257.615 814.539 1
1 270 231.083 960.553 1
1 122 284.623 905.817 1
1 315 233.293 789.181 1
1 35 168.54 974.806 1
1 106 168.354 774.785 1
1 219 811.997 466.21 6
1 74 795.061 496.701 6
1 290 786.058 432.582 6
1 230 814.209 436.493 6
1 269 746.616 491.772 6
1 36 806.139 537.748 6
1 98 730.64 446.995 6
1 385 724.782 471.166 6
1 369 760.5 411.841 6
1 81 748.357 537.031 6
1 296 868.559 484.797 6
1 169 852.354 420.312 6
1 317 818.496 388.539 6
1 325 763.859 558.636 6
1 217 881.955 436.361 6
1 103 700.979 439.308 6
1 176 868.707 180.065 2
1 143 882.698 149.994 2
1 197 904.883 126.216 2
1 80 800.35 158.589 2
1 207 889.914 107.701 2
1 137 901.1 207.153 2
1 69 792.919 136.517 2
1 240 789.06 180.381 2
1 77 917.898 105.225 2
1 45 931.464 198.146 2
1 323 826.839 234.883 2
1 93 775.205 181.054 2
1 234 769.072 182.917 2
1 281 178.085 519.553 4
1 116 175.187 551.629 4
1 185 138.308 544.775 4
1 66 132.524 507.626 4
1 16 125.872 536.987 4
1 163 135.318 579.262 4
1 316 109.638 555.178 4
1 215 228.193 537.552 4
1 335 225.447 556.169 4
1 201 205.641 477.219 4
1 204 117.937 480.467 4
1 267 93.5555 531.101 4
1 284 236.126 494.214 4
1 166 176.011 611.721 4
1 154 156.372 445.891 4
1 172 104.725 588.78 4
1 128 232.085 588.069 4
1 25 196.656 613.862 4
1 327 189.042 621.271 4
1 213 244.594 473.987 4
1 49 511.528 60.4103 7
1 82 486.979 88.5907 7
1 393 524.925 53.7248 7
1 364 582.097 75.6071 7
1 148 509.211 164.053 7
1 90 494.944 163.27 7
1 398 587.637 139.566 7
1 17 563.237 20.7366 7
1 295 473.917 22.3053 7
1 337 559.929 171.432 7
1 109 505.772 795.094 8
1 343 483.206 814.332 8
1 147 541.69 818.375 8
1 292 509.984 834.341 8
1 157 456.946 809.262 8
1 306 451.636 797.971 8
1 326 477.087 834.773 8
1 129 439.629 819.344 8
1 156 476.475 711.843 8
1 384 592.712 764.167 8
1 338 463.399 711.7 8
1 310 430.779 816.476 8
1 1 602.539 801.704 8
1 59 547.886 870.165 8
1 138 607.208 778.844 8
1 328 500.418 885.256 8
1 299 414.131 748.199 8
1 250 415.46 823.742 8
1 91 525.118 681.256 8
1 61 489.34 885.471 8
2 79 789.206 738.168 4
2 381 738.931 820.767 4
2 225 762.214 751.456 4
2 386 778.131 902.453 4
2 376 825.413 709.361 4
2 372 918.947 876.684 4
2 188 951.537 792.325 4
2 194 756.586 917.899 4
2 9 954.573 785.053 4
2 392 927.385 899.534 4
2 336 782.186 687.569 4
2 313 754.786 929.344 4
2 124 942.046 733.577 4
2 2 861.563 954.019 4
2 145 980.879 821.977 4
2 360 910.373 948.618 4
2 39 555.492 359.315 5
2 245 557.17 378.511 5
2 167 560.389 331.015 5
2 144 429.87 229.253 5
2 257 327.353 384.372 5
2 108 569.788 359.946 5
2 160 381.612 457.549 5
2 89 316.686 311.822 5
2 351 534.254 449.898 5
2 348 382.173 228.74 5
2 44 385.534 487.846 5
2 312 344.638 230.393 5
2 388 26.8873 163.883 6
2 52 126.307 27.0835 6
2 286 273.595 173.028 6
2 260 260.672 213.383 6
2 94 109.477 27.3525 6
2 196 85.7052 33.6732 6
2 199 21.9732 102.51 6
2 224 272.482 202.425 6
2 251 203.288 280.22 6
2 358 235.387 41.3129 6
2 330 6.13562 122.624 6
2 368 90.496 16.7955 6
2 155 267.979 69.0196 6
2 355 6.5945 196.999 6
2 87 192.47 292.712 6
2 28 49.6047 40.6059 6
2 195 172.306 772.747 7
2 34 278.353 945.623 7
2 150 101.219 820.45 7
2 205 295.533 923.189 7
2 5 88.9064 838.954 7
2 68 267.929 788.352 7
2 117 207.262 753.08 7
2 118 127.313 986.134 7
2 75 298.827 796.84 7
2 67 327.208 868.8 7
2 252 325.896 907.59 7
2 47 331.283 923.481 7
2 319 344.937 837.515 7
2 341 42.8894 926.489 7
2 142 725.65 402.263 8
2 110 692.786 475.055 8
2 247 805.435 372.793 8
2 354 800.506 368.529 8
2 377 827.455 580.479 8
2 105 755.117 581.702 8
2 27 828.34 584.111 8
2 62 908.764 483.318 8
2 273 709.83 561.077 8
2 309 747.866 360.265 8
2 333 740.572 359.87 8
2 175 884.474 559.131 8
2 367 693.672 555.594 8
2 26 913.249 428.902 8
2 320 920.634 460.336 8
2 165 678.108 546.502 8
2 149 875.589 251.226 9
2 363 779.11 99.0186 9
2 332 752.455 173.084 9
2 324 967.716 166.523 9
2 301 974.766 171.802 9
2 60 764.19 227.841 9
2 32 817.106 281.12 9
2 85 972.905 220.419 9
2 182 967.473 235.618 9
2 133 734.709 76.166 9
2 293 890.36 307.257 9
2 171 745.771 57.0821 9
2 356 122.621 436.923 2
2 119 245.176 595.849 2
2 12 83.0742 601.487 2
2 210 134.598 416.191 2
2 233 92.7453 433.967 2
2 246 256.513 606.643 2
2 235 175.856 408.861 2
2 305 33.0116 545.758 2
2 294 304.468 535.688 2
2 394 72.1925 423.799 2
2 383 82.5408 643.565 2
2 18 55.259 619.092 2
2 88 24.0393 509.808 2
2 177 262.003 425.604 2
2 38 306.696 552.626 2
2 308 236.339 400.124 2
2 297 91.7265 661.356 2
2 346 286.889 436.077 2
2 198 87.5416 389.28 2
2 283 114.258 377.412 2
2 304 561.254 14.0532 3
2 318 438.962 136.901 3
2 151 485.894 5.4797 3
2 334 494.045 199.61 3
2 192 547.387 204.852 3
2 179 420.178 34.4287 3
2 232 607.013 13.6116 3
2 7 476.864 203.976 3
2 181 615.069 4.82106 3
2 112 433.068 854.106 1
2 121 618.453 808.454 1
2 359 603.56 723.736 1
2 298 616.789 748.507 1
2 344 537.144 893.849 1
2 141 449.959 883.516 1
2 353 609.907 714.945 1
2 253 512.472 906.526 1
2 272 431.006 685.786 1
2 349 407.053 857.824 1
2 275 384.806 812.568 1
2 274 452.184 663.382 1
2 357 517.93 649.464 1
2 361 498.328 926.571 1
2 208 636.977 852.552 1
2 55 421.545 669.856 1
2 107 607.71 673.196 1
2 100 377.453 863.505 7
2 202 486.743 625.481 1
3 387 885.712 666.382 6
3 206 879.339 967.331 6
3 264 667.645 810.279 5
3 261 934.248 685.015 6
3 241 980.725 735.09 6
3 30 979.153 716.97 6
3 389 741.314 972.935 5
3 249 818.209 629.891 6
3 271 683.546 930.491 5
3 222 853.959 621.638 6
3 115 756.359 997.073 5
3 15 963.227 965.824 6
3 268 818.774 606.902 6
3 331 680.526 979.535 5
3 131 659.332 989.174 5
3 174 417.205 194.188 3
3 255 374.105 494.356 1
3 263 606.972 355.066 8
3 228 399.475 192.268 3
3 231 291.053 292.049 3
3 168 416.783 521.535 1
3 111 615.258 416.034 8
3 379 620.154 281.819 9
3 164 257.714 332.927 4
3 289 540.007 528.659 8
3 3 444.217 553.301 1
3 189 190.116 9.77048 3
3 101 258.125 251.372 3
3 158 217.245 20.1127 3
3 86 40.56 259.589 4
3 186 23.8826 240.295 4
3 277 52.5835 271.001 4
3 24 20.0806 62.8968 4
3 307 197.287 1.98716 3
3 243 195.262 304.483 4
3 311 21.823 256.845 4
3 84 231.984 10.131 3
3 382 274.222 258.428 3
3 347 34.4571 282.052 4
3 161 310.765 220.815 3
3 162 2.19756 25.8493 4
3 50 232.874 327.742 4
3 29 271.361 736.904 1
3 48 33.5356 889.86 7
3 212 44.5069 940.863 7
3 123 347.487 932.543 5
3 57 30.6059 881.315 7
3 229 32.4988 938.751 7
3 395 367.23 863.354 5
3 396 349.224 799.328 1
3 135 10.2508 829.527 7
3 378 35.7801 990.366 7
3 190 347.579 997.518 5
3 287 49.9968 742.733 7
3 345 2.99018 973.272 7
3 19 691.414 576.653 8
3 125 923.029 410.17 2
3 104 801.207 327.664 2
3 11 946.1 432.995 2
3 170 850.689 321.301 2
3 302 732.088 320.501 2
3 42 963.235 442.629 2
3 370 626.521 526.724 8
3 375 961.419 413.034 2
3 214 642.573 589.53 8
3 130 959.404 382.332 2
3 56 699.395 641.832 8
3 226 648.783 603.79 8
3 220 963.481 584.969 6
3 146 578.122 545.104 8
3 266 746.32 56.0444 9
3 321 950.473 33.9817 9
3 193 776.794 291.288 2
3 371 995.853 234.577 2
3 276 886.343 4.94442 9
3 291 995.164 77.7478 9
3 282 988.743 256.46 2
3 350 957.659 25.5349 9
3 373 989.579 47.3211 9
3 218 680.574 156.194 9
3 73 672.67 141.516 9
3 262 176.023 365.196 4
3 76 91.6001 378.018 4
3 221 312.678 611.344 1
3 300 236.206 683.44 1
3 23 15.771 614.642 7
3 285 314.339 438.079 1
3 41 140.141 704.084 7
3 33 332.771 466.52 1
3 303 334.192 594.83 1
3 390 165.76 712.313 7
3 114 326.41 615.676 1
3 14 247.619 698.637 1
3 20 237.167 707.298 1
3 237 227.183 343.604 4
3 239 25.5217 669.796 7
3 53 25.7158 384.711 4
3 399 22.8315 355.085 4
3 288 6.42906 353.95 4
3 97 1.94865 712.335 7
3 216 645.769 36.6176 9
3 209 382.491 96.1738 3
3 203 372.177 77.9249 3
3 96 628.285 197.058 9
3 139 682.389 84.7105 9
3 258 360.033 175.038 3
3 187 701.018 43.4543 9
3 191 331.085 8.82753 3
3 99 580.371 933.465 5
3 366 560.439 622.937 8
3 362 548.665 952.849 5
3 102 659.297 693.415 8
3 31 489.418 957.946 5
3 136 359.094 688.825 1
3 95 653.011 671.869 8
3 256 599.164 619.972 8
3 21 583.448 609.201 8
3 22 404.171 942.218 5
3 178 669.764 662.314 8
3 10 593.326 968.644 5
3 58 486.626 987.924 5
3 223 518.363 989.629 5
3 8 406.271 601.839 1
3 0 435.841 587.522 1
3 244 543.707 996.057 5
3 65 599.164 587.5 8
3 200 417.302 581.199 1
