1 3 444.217 553.301 1
1 4 796.042 796.519 3
1 10 593.326 968.644 9
1 12 83.0742 601.487 6
1 19 691.414 576.653 7
1 20 237.167 707.298 1
1 21 583.448 609.201 7
1 22 404.171 942.218 1
1 27 828.34 584.111 7
1 30 979.153 716.97 3
1 36 806.139 537.748 7
1 52 126.307 27.0835 2
1 53 25.7158 384.711 6
1 55 421.545 669.856 1
1 56 699.395 641.832 7
1 57 30.6059 881.315 8
1 60 764.19 227.841 4
1 62 908.764 483.318 7
1 63 195.225 821.483 8
1 72 745.996 818.744 3
1 79 789.206 738.168 3
1 86 40.56 259.589 2
1 90 494.944 163.27 5
1 93 775.205 181.054 4
1 97 1.94865 712.335 8
1 98 730.64 446.995 7
1 99 580.371 933.465 9
1 103 700.979 439.308 7
1 112 433.068 854.106 1
1 116 175.187 551.629 6
1 120 368.488 322.474 5
1 127 476.331 253.181 5
1 130 959.404 382.332 7
1 131 659.332 989.174 9
1 133 734.709 76.166 4
1 134 844.594 856.238 3
1 137 901.1 207.153 4
1 138 607.208 778.844 9
1 144 429.87 229.253 5
1 145 980.879 821.977 3
1 150 101.219 820.45 8
1 153 167.243 943.593 8
1 161 310.765 220.815 5
1 162 2.19756 25.8493 2
1 168 416.783 521.535 1
1 172 104.725 588.78 6
1 173 64.3447 87.0233 2
1 179 420.178 34.4287 5
1 180 424.972 239.973 5
1 181 615.069 4.82106 4
1 184 153.897 253.897 2
1 188 951.537 792.325 3
1 191 331.085 8.82753 5
1 192 547.387 204.852 5
1 198 87.5416 389.28 6
1 200 417.302 581.199 1
1 201 205.641 477.219 6
1 204 117.937 480.467 6
1 205 295.533 923.189 1
1 209 382.491 96.1738 5
1 211 759.957 814.02 3
1 212 44.5069 940.863 8
1 215 228.193 537.552 6
1 216 645.769 36.6176 4
1 227 783.667 742.083 3
1 228 399.475 192.268 5
1 229 32.4988 938.751 8
1 231 291.053 292.049 5
1 232 607.013 13.6116 4
1 237 227.183 343.604 6
1 238 491.148 328.614 5
1 240 789.06 180.381 4
1 248 462.037 417.062 5
1 252 325.896 907.59 1
1 257 327.353 384.372 5
1 258 360.033 175.038 5
1 261 934.248 685.015 3
1 265 852.864 824.65 3
1 266 746.32 56.0444 4
1 268 818.774 606.902 7
1 269 746.616 491.772 7
1 270 231.083 960.553 8
1 273 709.83 561.077 7
1 275 384.806 812.568 1
1 276 886.343 4.94442 4
1 279 808.889 763.527 3
1 287 49.9968 742.733 8
1 298 616.789 748.507 9
1 299 414.131 748.199 1
1 300 236.206 683.44 1
1 302 732.088 320.501 7
1 310 430.779 816.476 1
1 311 21.823 256.845 2
1 313 754.786 929.344 9
1 315 233.293 789.181 1
1 316 109.638 555.178 6
1 317 818.496 388.539 7
1 318 438.962 136.901 5
1 325 763.859 558.636 7
1 327 189.042 621.271 6
1 328 500.418 885.256 9
1 331 680.526 979.535 9
1 336 782.186 687.569 3
1 337 559.929 171.432 5
1 341 42.8894 926.489 8
1 344 537.144 893.849 9
1 350 957.659 25.5349 4
1 352 891.084 771.611 3
1 356 122.621 436.923 6
1 357 517.93 649.464 1
1 359 603.56 723.736 9
1 364 582.097 75.6071 4
1 365 214.744 82.1886 2
1 367 693.672 555.594 7
1 368 90.496 16.7955 2
1 372 918.947 876.684 3
1 374 377.688 314.408 5
1 376 825.413 709.361 3
1 378 35.7801 990.366 8
1 379 620.154 281.819 5
1 380 109.524 120.779 2
1 382 274.222 258.428 5
1 385 724.782 471.166 7
1 386 778.131 902.453 3
1 387 885.712 666.382 3
1 388 26.8873 163.883 2
1 389 741.314 972.935 9
1 393 524.925 53.7248 5
1 394 72.1925 423.799 6
1 395 367.23 863.354 1
1 396 349.224 799.328 1
1 397 127.116 42.9147 2
2 2 861.563 954.019 5
2 5 88.9064 838.954 9
2 7 476.864 203.976 6
2 13 861.254 754.12 5
2 15 963.227 965.824 5
2 17 563.237 20.7366 6
2 35 168.54 974.806 9
2 41 140.141 704.084 9
2 47 331.283 923.481 2
2 48 33.5356 889.86 9
2 51 870.562 747.862 5
2 54 550.99 317.71 6
2 58 486.626 987.924 2
2 61 489.34 885.471 2
2 64 171.854 111.942 3
2 66 132.524 507.626 7
2 67 327.208 868.8 2
2 69 792.919 136.517 8
2 73 672.67 141.516 6
2 76 91.6001 378.018 7
2 78 370.272 274.581 3
2 81 748.357 537.031 1
2 85 972.905 220.419 8
2 89 316.686 311.822 3
2 91 525.118 681.256 4
2 94 109.477 27.3525 3
2 95 653.011 671.869 4
2 104 801.207 327.664 1
2 107 607.71 673.196 4
2 109 505.772 795.094 2
2 110 692.786 475.055 1
2 111 615.258 416.034 1
2 113 226.997 149.199 3
2 114 326.41 615.676 7
2 117 207.262 753.08 9
2 119 245.176 595.849 7
2 123 347.487 932.543 2
2 125 923.029 410.17 1
2 128 232.085 588.069 7
2 142 725.65 402.263 1
2 149 875.589 251.226 8
2 151 485.894 5.4797 6
2 155 267.979 69.0196 3
2 156 476.475 711.843 4
2 157 456.946 809.262 2
2 164 257.714 332.927 3
2 166 176.011 611.721 7
2 169 852.354 420.312 1
2 170 850.689 321.301 1
2 176 868.707 180.065 8
2 177 262.003 425.604 7
2 182 967.473 235.618 8
2 185 138.308 544.775 7
2 187 701.018 43.4543 6
2 190 347.579 997.518 2
2 195 172.306 772.747 9
2 196 85.7052 33.6732 3
2 197 904.883 126.216 8
2 199 21.9732 102.51 3
2 202 486.743 625.481 4
2 203 372.177 77.9249 6
2 206 879.339 967.331 5
2 207 889.914 107.701 8
2 219 811.997 466.21 1
2 221 312.678 611.344 7
2 222 853.959 621.638 1
2 224 272.482 202.425 3
2 226 648.783 603.79 4
2 233 92.7453 433.967 7
2 235 175.856 408.861 7
2 236 344.656 388.185 7
2 243 195.262 304.483 3
2 247 805.435 372.793 1
2 249 818.209 629.891 1
2 256 599.164 619.972 4
2 259 809.911 758.316 5
2 260 260.672 213.383 3
2 263 606.972 355.066 1
2 264 667.645 810.279 5
2 267 93.5555 531.101 7
2 272 431.006 685.786 4
2 274 452.184 663.382 4
2 277 52.5835 271.001 3
2 278 152.733 951.553 9
2 283 114.258 377.412 7
2 284 236.126 494.214 7
2 286 273.595 173.028 3
2 288 6.42906 353.95 7
2 293 890.36 307.257 8
2 295 473.917 22.3053 6
2 296 868.559 484.797 1
2 301 974.766 171.802 8
2 303 334.192 594.83 7
2 304 561.254 14.0532 6
2 305 33.0116 545.758 7
2 309 747.866 360.265 1
2 312 344.638 230.393 3
2 319 344.937 837.515 2
2 322 123.803 911.149 9
2 324 967.716 166.523 8
2 326 477.087 834.773 2
2 329 807.777 879.354 5
2 330 6.13562 122.624 3
2 334 494.045 199.61 6
2 335 225.447 556.169 7
2 339 99.6077 192.347 3
2 343 483.206 814.332 2
2 345 2.99018 973.272 9
2 346 286.889 436.077 7
2 347 34.4571 282.052 3
2 348 382.173 228.74 6
2 349 407.053 857.824 2
2 351 534.254 449.898 4
2 354 800.506 368.529 1
2 358 235.387 41.3129 3
2 360 910.373 948.618 5
2 361 498.328 926.571 2
2 362 548.665 952.849 2
2 363 779.11 99.0186 8
2 366 560.439 622.937 4
2 369 760.5 411.841 1
2 370 626.521 526.724 4
2 371 995.853 234.577 8
2 373 989.579 47.3211 8
2 375 961.419 413.034 1
2 377 827.455 580.479 1
2 381 738.931 820.767 5
2 383 82.5408 643.565 7
2 384 592.712 764.167 4
2 390 165.76 712.313 9
2 391 256.231 126.549 3
2 392 927.385 899.534 5
2 398 587.637 139.566 6
2 399 22.8315 355.085 7
3 0 435.841 587.522 7
3 1 602.539 801.704 8
3 6 233.569 850.798 4
3 8 406.271 601.839 7
3 9 954.573 785.053 2
3 11 946.1 432.995 9
3 14 247.619 698.637 4
3 16 125.872 536.987 1
3 18 55.259 619.092 1
3 23 15.771 614.642 1
3 24 20.0806 62.8968 5
3 25 196.656 613.862 1
3 26 913.249 428.902 9
3 28 49.6047 40.6059 5
3 29 271.361 736.904 4
3 31 489.418 957.946 8
3 32 817.106 281.12 3
3 33 332.771 466.52 7
3 34 278.353 945.623 4
3 37 445.404 306.86 6
3 38 306.696 552.626 7
3 39 555.492 359.315 6
3 40 156.444 178.995 5
3 42 963.235 442.629 9
3 43 460.829 255.503 6
3 44 385.534 487.846 7
3 45 931.464 198.146 3
3 46 279.893 896.021 4
3 49 511.528 60.4103 6
3 50 232.874 327.742 5
3 59 547.886 870.165 8
3 65 599.164 587.5 7
3 68 267.929 788.352 4
3 70 156.993 187.479 5
3 71 186.101 903.489 4
3 74 795.061 496.701 9
3 75 298.827 796.84 4
3 77 917.898 105.225 3
3 80 800.35 158.589 3
3 82 486.979 88.5907 6
3 83 148.737 95.1072 5
3 84 231.984 10.131 5
3 87 192.47 292.712 5
3 88 24.0393 509.808 1
3 92 835.669 882.708 2
3 96 628.285 197.058 6
3 100 377.453 863.505 8
3 101 258.125 251.372 5
3 102 659.297 693.415 2
3 105 755.117 581.702 9
3 106 168.354 774.785 4
3 108 569.788 359.946 6
3 115 756.359 997.073 2
3 118 127.313 986.134 4
3 121 618.453 808.454 8
3 122 284.623 905.817 4
3 124 942.046 733.577 2
3 126 153.759 230.999 5
3 129 439.629 819.344 8
3 132 475.22 422.92 7
3 135 10.2508 829.527 4
3 136 359.094 688.825 7
3 139 682.389 84.7105 3
3 140 840.931 757.357 2
3 141 449.959 883.516 8
3 143 882.698 149.994 3
3 146 578.122 545.104 7
3 147 541.69 818.375 8
3 148 509.211 164.053 6
3 152 134 228.874 5
3 154 156.372 445.891 1
3 158 217.245 20.1127 5
3 159 165.471 811.813 4
3 160 381.612 457.549 7
3 163 135.318 579.262 1
3 165 678.108 546.502 9
3 167 560.389 331.015 6
3 171 745.771 57.0821 3
3 174 417.205 194.188 6
3 175 884.474 559.131 9
3 178 669.764 662.314 2
3 183 180.64 963.276 4
3 186 23.8826 240.295 5
3 189 190.116 9.77048 5
3 193 776.794 291.288 3
3 194 756.586 917.899 2
3 208 636.977 852.552 8
3 210 134.598 416.191 1
3 213 244.594 473.987 1
3 214 642.573 589.53 9
3 217 881.955 436.361 9
3 218 680.574 156.194 3
3 220 963.481 584.969 9
3 223 518.363 989.629 8
3 225 762.214 751.456 2
3 230 814.209 436.493 9
3 234 769.072 182.917 3
3 239 25.5217 669.796 1
3 241 980.725 735.09 2
3 242 58.1823 207.452 5
3 244 543.707 996.057 8
3 245 557.17 378.511 6
3 246 256.513 606.643 1
3 250 415.46 823.742 8
3 251 203.288 280.22 5
3 253 512.472 906.526 8
3 254 826.909 802.719 2
3 255 374.105 494.356 7
3 262 176.023 365.196 1
3 271 683.546 930.491 2
3 280 775.352 780.347 2
3 281 178.085 519.553 1
3 282 988.743 256.46 3
3 285 314.339 438.079 7
3 289 540.007 528.659 7
3 290 786.058 432.582 9
3 291 995.164 77.7478 3
3 292 509.984 834.341 8
3 294 304.468 535.688 7
3 297 91.7265 661.356 1
3 306 451.636 797.971 8
3 307 197.287 1.98716 5
3 308 236.339 400.124 1
3 314 257.178 178.95 5
3 320 920.634 460.336 9
3 321 950.473 33.9817 3
3 323 826.839 234.883 3
3 332 752.455 173.084 3
3 333 740.572 359.87 9
3 338 463.399 711.7 8
3 340 257.615 814.539 4
3 342 172.907 173.232 5
3 353 609.907 714.945 8
3 355 6.5945 196.999 5
