1 90 494.944 163.27 1
1 148 509.211 164.053 1
1 334 494.045 199.61 1
1 7 476.864 203.976 1
1 318 438.962 136.901 1
1 174 417.205 194.188 1
1 82 486.979 88.5907 1
1 192 547.387 204.852 1
1 337 559.929 171.432 1
1 144 429.87 229.253 1
1 228 399.475 192.268 1
1 127 476.331 253.181 1
1 180 424.972 239.973 1
1 43 460.829 255.503 1
1 159 165.471 811.813 2
1 63 195.225 821.483 2
1 150 101.219 820.45 2
1 71 186.101 903.489 2
1 5 88.9064 838.954 2
1 106 168.354 774.785 2
1 195 172.306 772.747 2
1 322 123.803 911.149 2
1 6 233.569 850.798 2
1 315 233.293 789.181 2
1 153 167.243 943.593 2
1 117 207.262 753.08 2
1 340 257.615 814.539 2
1 278 152.733 951.553 2
1 289 540.007 528.659 4
1 146 578.122 545.104 4
1 65 599.164 587.5 4
1 21 583.448 609.201 4
1 366 560.439 622.937 4
1 256 599.164 619.972 4
1 370 626.521 526.724 4
1 202 486.743 625.481 4
1 357 517.93 649.464 4
1 3 444.217 553.301 4
1 214 642.573 589.53 4
1 351 534.254 449.898 4
1 226 648.783 603.79 4
1 0 435.841 587.522 4
1 91 525.118 681.256 4
1 281 178.085 519.553 8
1 201 205.641 477.219 8
1 66 132.524 507.626 8
1 154 156.372 445.891 8
1 116 175.187 551.629 8
1 204 117.937 480.467 8
1 284 236.126 494.214 8
1 185 138.308 544.775 8
1 16 125.872 536.987 8
1 215 228.193 537.552 8
1 213 244.594 473.987 8
1 335 225.447 556.169 8
1 356 122.621 436.923 8
1 235 175.856 408.861 8
1 316 109.638 555.178 8
1 267 93.5555 531.101 8
1 210 134.598 416.191 8
1 163 135.318 579.262 8
1 233 92.7453 433.967 8
1 40 156.444 178.995 6
1 342 172.907 173.232 6
1 70 156.993 187.479 6
1 64 171.854 111.942 6
1 380 109.524 120.779 6
1 83 148.737 95.1072 6
1 339 99.6077 192.347 6
1 152 134 228.874 6
1 113 226.997 149.199 6
1 126 153.759 230.999 6
1 365 214.744 82.1886 6
1 184 153.897 253.897 6
1 173 64.3447 87.0233 6
1 242 58.1823 207.452 6
1 397 127.116 42.9147 6
1 391 256.231 126.549 6
1 314 257.178 178.95 6
1 265 852.864 824.65 3
1 254 826.909 802.719 3
1 134 844.594 856.238 3
1 4 796.042 796.519 3
1 92 835.669 882.708 3
1 329 807.777 879.354 3
1 279 808.889 763.527 3
1 140 840.931 757.357 3
1 259 809.911 758.316 3
1 280 775.352 780.347 3
1 13 861.254 754.12 3
1 211 759.957 814.02 3
1 352 891.084 771.611 3
1 51 870.562 747.862 3
1 72 745.996 818.744 3
1 219 811.997 466.21 9
1 230 814.209 436.493 9
1 74 795.061 496.701 9
1 290 786.058 432.582 9
1 296 868.559 484.797 9
1 169 852.354 420.312 9
1 217 881.955 436.361 9
1 36 806.139 537.748 9
1 317 818.496 388.539 9
1 269 746.616 491.772 9
1 369 760.5 411.841 9
1 62 908.764 483.318 9
1 98 730.64 446.995 9
1 247 805.435 372.793 9
1 385 724.782 471.166 9
1 176 868.707 180.065 7
1 143 882.698 149.994 7
1 80 800.35 158.589 7
1 69 792.919 136.517 7
1 207 889.914 107.701 7
1 197 904.883 126.216 7
1 240 789.06 180.381 7
1 137 901.1 207.153 7
1 93 775.205 181.054 7
1 77 917.898 105.225 7
1 323 826.839 234.883 7
1 234 769.072 182.917 7
1 363 779.11 99.0186 7
1 326 477.087 834.773 5
1 61 489.34 885.471 5
1 141 449.959 883.516 5
1 328 500.418 885.256 5
1 112 433.068 854.106 5
1 292 509.984 834.341 5
1 343 483.206 814.332 5
1 157 456.946 809.262 5
1 129 439.629 819.344 5
1 253 512.472 906.526 5
1 310 430.779 816.476 5
1 306 451.636 797.971 5
1 349 407.053 857.824 5
1 250 415.46 823.742 5
1 361 498.328 926.571 5
1 344 537.144 893.849 5
1 109 505.772 795.094 5
2 49 511.528 60.4103 6
2 398 587.637 139.566 6
2 209 382.491 96.1738 6
2 348 382.173 228.74 6
2 393 524.925 53.7248 6
2 258 360.033 175.038 6
2 364 582.097 75.6071 6
2 203 372.177 77.9249 6
2 295 473.917 22.3053 6
2 179 420.178 34.4287 6
2 37 445.404 306.86 6
2 312 344.638 230.393 6
2 96 628.285 197.058 6
2 78 370.272 274.581 6
2 183 180.64 963.276 9
2 68 267.929 788.352 9
2 35 168.54 974.806 9
2 48 33.5356 889.86 9
2 46 279.893 896.021 9
2 57 30.6059 881.315 9
2 390 165.76 712.313 9
2 270 231.083 960.553 9
2 122 284.623 905.817 9
2 341 42.8894 926.489 9
2 41 140.141 704.084 9
2 118 127.313 986.134 9
2 135 10.2508 829.527 9
2 287 49.9968 742.733 9
2 200 417.302 581.199 3
2 107 607.71 673.196 7
2 165 678.108 546.502 7
2 168 416.783 521.535 3
2 274 452.184 663.382 3
2 8 406.271 601.839 3
2 19 691.414 576.653 7
2 367 693.672 555.594 7
2 132 475.22 422.92 3
2 95 653.011 671.869 7
2 111 615.258 416.034 7
2 178 669.764 662.314 7
2 248 462.037 417.062 3
2 55 421.545 669.856 3
2 128 232.085 588.069 3
2 177 262.003 425.604 8
2 308 236.339 400.124 8
2 166 176.011 611.721 3
2 172 104.725 588.78 8
2 25 196.656 613.862 3
2 119 245.176 595.849 3
2 327 189.042 621.271 3
2 394 72.1925 423.799 8
2 346 286.889 436.077 3
2 262 176.023 365.196 8
2 283 114.258 377.412 8
2 294 304.468 535.688 3
2 246 256.513 606.643 3
2 198 87.5416 389.28 8
2 12 83.0742 601.487 8
2 38 306.696 552.626 3
2 76 91.6001 378.018 8
2 305 33.0116 545.758 8
2 388 26.8873 163.883 5
2 52 126.307 27.0835 5
2 286 273.595 173.028 6
2 260 260.672 213.383 6
2 94 109.477 27.3525 5
2 196 85.7052 33.6732 5
2 224 272.482 202.425 6
2 199 21.9732 102.51 5
2 251 203.288 280.22 8
2 358 235.387 41.3129 5
2 330 6.13562 122.624 5
2 155 267.979 69.0196 5
2 368 90.496 16.7955 5
2 189 190.116 9.77048 5
2 87 192.47 292.712 8
2 28 49.6047 40.6059 5
2 381 738.931 820.767 2
2 386 778.131 902.453 2
2 227 783.667 742.083 2
2 79 789.206 738.168 2
2 372 918.947 876.684 2
2 225 762.214 751.456 2
2 376 825.413 709.361 2
2 392 927.385 899.534 2
2 188 951.537 792.325 2
2 194 756.586 917.899 2
2 9 954.573 785.053 2
2 313 754.786 929.344 2
2 2 861.563 954.019 2
2 124 942.046 733.577 2
2 354 800.506 368.529 7
2 26 913.249 428.902 7
2 320 920.634 460.336 7
2 81 748.357 537.031 7
2 325 763.859 558.636 7
2 142 725.65 402.263 7
2 175 884.474 559.131 7
2 377 827.455 580.479 7
2 125 923.029 410.17 7
2 27 828.34 584.111 7
2 103 700.979 439.308 7
2 309 747.866 360.265 7
2 110 692.786 475.055 7
2 11 946.1 432.995 7
2 45 931.464 198.146 1
2 332 752.455 173.084 1
2 149 875.589 251.226 1
2 60 764.19 227.841 1
2 324 967.716 166.523 1
2 301 974.766 171.802 1
2 32 817.106 281.12 1
2 85 972.905 220.419 1
2 133 734.709 76.166 1
2 182 967.473 235.618 1
2 171 745.771 57.0821 1
2 266 746.32 56.0444 1
2 276 886.343 4.94442 1
2 59 547.886 870.165 4
2 147 541.69 818.375 4
2 100 377.453 863.505 4
2 31 489.418 957.946 4
2 275 384.806 812.568 4
2 395 367.23 863.354 4
2 22 404.171 942.218 4
2 362 548.665 952.849 4
2 299 414.131 748.199 4
2 99 580.371 933.465 4
2 58 486.626 987.924 4
2 319 344.937 837.515 4
2 223 518.363 989.629 4
2 396 349.224 799.328 4
2 1 602.539 801.704 4
2 123 347.487 932.543 4
3 151 485.894 5.4797 1
3 17 563.237 20.7366 1
3 304 561.254 14.0532 1
3 54 550.99 317.71 2
3 374 377.688 314.408 8
3 379 620.154 281.819 2
3 167 560.389 331.015 2
3 120 368.488 322.474 8
3 232 607.013 13.6116 1
3 181 615.069 4.82106 1
3 216 645.769 36.6176 1
3 191 331.085 8.82753 1
3 89 316.686 311.822 8
3 212 44.5069 940.863 5
3 75 298.827 796.84 7
3 29 271.361 736.904 7
3 229 32.4988 938.751 5
3 34 278.353 945.623 7
3 205 295.533 923.189 7
3 20 237.167 707.298 7
3 14 247.619 698.637 7
3 300 236.206 683.44 7
3 378 35.7801 990.366 5
3 345 2.99018 973.272 5
3 97 1.94865 712.335 5
3 239 25.5217 669.796 5
3 353 609.907 714.945 3
3 272 431.006 685.786 7
3 44 385.534 487.846 8
3 56 699.395 641.832 9
3 359 603.56 723.736 3
3 102 659.297 693.415 3
3 245 557.17 378.511 2
3 255 374.105 494.356 8
3 160 381.612 457.549 8
3 39 555.492 359.315 2
3 108 569.788 359.946 2
3 263 606.972 355.066 2
3 238 491.148 328.614 2
3 285 314.339 438.079 8
3 88 24.0393 509.808 5
3 33 332.771 466.52 8
3 237 227.183 343.604 8
3 18 55.259 619.092 5
3 383 82.5408 643.565 5
3 50 232.874 327.742 8
3 221 312.678 611.344 7
3 164 257.714 332.927 8
3 297 91.7265 661.356 5
3 53 25.7158 384.711 4
3 303 334.192 594.83 7
3 257 327.353 384.372 8
3 114 326.41 615.676 7
3 23 15.771 614.642 5
3 236 344.656 388.185 8
3 399 22.8315 355.085 4
3 288 6.42906 353.95 4
3 158 217.245 20.1127 4
3 355 6.5945 196.999 4
3 101 258.125 251.372 8
3 86 40.56 259.589 4
3 186 23.8826 240.295 4
3 277 52.5835 271.001 4
3 24 20.0806 62.8968 4
3 307 197.287 1.98716 4
3 243 195.262 304.483 8
3 84 231.984 10.131 4
3 311 21.823 256.845 4
3 382 274.222 258.428 8
3 347 34.4571 282.052 4
3 161 310.765 220.815 8
3 162 2.19756 25.8493 4
3 231 291.053 292.049 8
3 360 910.373 948.618 3
3 145 980.879 821.977 9
3 336 782.186 687.569 9
3 206 879.339 967.331 3
3 387 885.712 666.382 9
3 264 667.645 810.279 3
3 241 980.725 735.09 9
3 261 934.248 685.015 9
3 389 741.314 972.935 3
3 30 979.153 716.97 9
3 271 683.546 930.491 3
3 115 756.359 997.073 3
3 15 963.227 965.824 3
3 331 680.526 979.535 3
3 333 740.572 359.87 2
3 105 755.117 581.702 9
3 104 801.207 327.664 6
3 268 818.774 606.902 9
3 42 963.235 442.629 6
3 273 709.83 561.077 9
3 170 850.689 321.301 6
3 375 961.419 413.034 6
3 222 853.959 621.638 9
3 130 959.404 382.332 6
3 249 818.209 629.891 9
3 302 732.088 320.501 2
3 220 963.481 584.969 9
3 193 776.794 291.288 6
3 321 950.473 33.9817 6
3 293 890.36 307.257 6
3 291 995.164 77.7478 6
3 371 995.853 234.577 6
3 350 957.659 25.5349 6
3 218 680.574 156.194 1
3 282 988.743 256.46 6
3 373 989.579 47.3211 6
3 73 672.67 141.516 1
3 139 682.389 84.7105 1
3 187 701.018 43.4543 1
3 156 476.475 711.843 7
3 67 327.208 868.8 7
3 338 463.399 711.7 7
3 384 592.712 764.167 3
3 121 618.453 808.454 3
3 244 543.707 996.057 3
3 138 607.208 778.844 3
3 252 325.896 907.59 7
3 47 331.283 923.481 7
3 10 593.326 968.644 3
3 208 636.977 852.552 3
3 298 616.789 748.507 3
3 190 347.579 997.518 7
3 136 359.094 688.825 7
3 131 659.332 989.174 3
