1 0 435.841 587.522 2
1 2 861.563 954.019 4
1 5 88.9064 838.954 7
1 9 954.573 785.053 9
1 10 593.326 968.644 2
1 11 946.1 432.995 5
1 15 963.227 965.824 4
1 17 563.237 20.7366 1
1 23 15.771 614.642 8
1 24 20.0806 62.8968 6
1 28 49.6047 40.6059 6
1 30 979.153 716.97 9
1 31 489.418 957.946 2
1 35 168.54 974.806 7
1 40 156.444 178.995 6
1 42 963.235 442.629 5
1 45 931.464 198.146 5
1 48 33.5356 889.86 7
1 51 870.562 747.862 9
1 52 126.307 27.0835 6
1 53 25.7158 384.711 3
1 57 30.6059 881.315 7
1 58 486.626 987.924 2
1 67 327.208 868.8 2
1 69 792.919 136.517 5
1 70 156.993 187.479 6
1 71 186.101 903.489 7
1 77 917.898 105.225 5
1 80 800.35 158.589 5
1 83 148.737 95.1072 6
1 84 231.984 10.131 6
1 85 972.905 220.419 5
1 86 40.56 259.589 3
1 88 24.0393 509.808 8
1 92 835.669 882.708 4
1 94 109.477 27.3525 6
1 97 1.94865 712.335 8
1 115 756.359 997.073 4
1 118 127.313 986.134 7
1 122 284.623 905.817 2
1 123 347.487 932.543 2
1 124 942.046 733.577 9
1 130 959.404 382.332 5
1 131 659.332 989.174 4
1 134 844.594 856.238 4
1 135 10.2508 829.527 7
1 137 901.1 207.153 5
1 139 682.389 84.7105 1
1 140 840.931 757.357 9
1 143 882.698 149.994 5
1 145 980.879 821.977 9
1 149 875.589 251.226 5
1 150 101.219 820.45 7
1 153 167.243 943.593 7
1 155 267.979 69.0196 6
1 158 217.245 20.1127 6
1 162 2.19756 25.8493 6
1 171 745.771 57.0821 1
1 173 64.3447 87.0233 6
1 175 884.474 559.131 9
1 176 868.707 180.065 5
1 179 420.178 34.4287 1
1 181 615.069 4.82106 1
1 182 967.473 235.618 5
1 183 180.64 963.276 7
1 186 23.8826 240.295 3
1 187 701.018 43.4543 1
1 188 951.537 792.325 9
1 190 347.579 997.518 2
1 191 331.085 8.82753 6
1 194 756.586 917.899 4
1 196 85.7052 33.6732 6
1 205 295.533 923.189 2
1 206 879.339 967.331 4
1 207 889.914 107.701 5
1 212 44.5069 940.863 7
1 216 645.769 36.6176 1
1 220 963.481 584.969 9
1 223 518.363 989.629 2
1 229 32.4988 938.751 7
1 232 607.013 13.6116 1
1 239 25.5217 669.796 8
1 241 980.725 735.09 9
1 242 58.1823 207.452 3
1 244 543.707 996.057 2
1 254 826.909 802.719 4
1 261 934.248 685.015 9
1 265 852.864 824.65 4
1 266 746.32 56.0444 1
1 270 231.083 960.553 7
1 271 683.546 930.491 4
1 276 886.343 4.94442 5
1 277 52.5835 271.001 3
1 278 152.733 951.553 7
1 282 988.743 256.46 5
1 287 49.9968 742.733 8
1 288 6.42906 353.95 3
1 293 890.36 307.257 5
1 295 473.917 22.3053 1
1 301 974.766 171.802 5
1 304 561.254 14.0532 1
1 305 33.0116 545.758 8
1 307 197.287 1.98716 6
1 311 21.823 256.845 3
1 313 754.786 929.344 4
1 316 109.638 555.178 8
1 322 123.803 911.149 7
1 324 967.716 166.523 5
1 329 807.777 879.354 4
1 330 6.13562 122.624 3
1 331 680.526 979.535 4
1 339 99.6077 192.347 3
1 341 42.8894 926.489 7
1 342 172.907 173.232 6
1 345 2.99018 973.272 7
1 347 34.4571 282.052 3
1 350 957.659 25.5349 5
1 352 891.084 771.611 9
1 355 6.5945 196.999 3
1 360 910.373 948.618 4
1 362 548.665 952.849 2
1 365 214.744 82.1886 6
1 368 90.496 16.7955 6
1 371 995.853 234.577 5
1 372 918.947 876.684 4
1 373 989.579 47.3211 5
1 378 35.7801 990.366 7
1 380 109.524 120.779 6
1 386 778.131 902.453 4
1 388 26.8873 163.883 3
1 389 741.314 972.935 4
1 392 927.385 899.534 4
1 397 127.116 42.9147 6
1 399 22.8315 355.085 3
2 4 796.042 796.519 4
2 6 233.569 850.798 7
2 12 83.0742 601.487 3
2 13 861.254 754.12 4
2 16 125.872 536.987 3
2 18 55.259 619.092 3
2 22 404.171 942.218 2
2 26 913.249 428.902 1
2 27 828.34 584.111 4
2 32 817.106 281.12 9
2 34 278.353 945.623 7
2 41 140.141 704.084 3
2 46 279.893 896.021 7
2 47 331.283 923.481 7
2 59 547.886 870.165 2
2 60 764.19 227.841 9
2 61 489.34 885.471 2
2 62 908.764 483.318 1
2 63 195.225 821.483 7
2 64 171.854 111.942 5
2 66 132.524 507.626 6
2 68 267.929 788.352 7
2 72 745.996 818.744 4
2 73 672.67 141.516 9
2 75 298.827 796.84 7
2 76 91.6001 378.018 6
2 79 789.206 738.168 4
2 82 486.979 88.5907 8
2 87 192.47 292.712 5
2 90 494.944 163.27 8
2 93 775.205 181.054 9
2 96 628.285 197.058 8
2 99 580.371 933.465 2
2 100 377.453 863.505 7
2 101 258.125 251.372 5
2 104 801.207 327.664 1
2 106 168.354 774.785 7
2 112 433.068 854.106 2
2 113 226.997 149.199 5
2 117 207.262 753.08 7
2 121 618.453 808.454 2
2 125 923.029 410.17 1
2 126 153.759 230.999 5
2 141 449.959 883.516 2
2 152 134 228.874 5
2 159 165.471 811.813 7
2 161 310.765 220.815 5
2 163 135.318 579.262 3
2 166 176.011 611.721 3
2 169 852.354 420.312 1
2 170 850.689 321.301 1
2 172 104.725 588.78 3
2 177 262.003 425.604 6
2 184 153.897 253.897 5
2 185 138.308 544.775 3
2 189 190.116 9.77048 5
2 193 776.794 291.288 9
2 195 172.306 772.747 7
2 197 904.883 126.216 9
2 198 87.5416 389.28 6
2 199 21.9732 102.51 5
2 203 372.177 77.9249 8
2 204 117.937 480.467 6
2 208 636.977 852.552 2
2 209 382.491 96.1738 8
2 210 134.598 416.191 6
2 211 759.957 814.02 4
2 217 881.955 436.361 1
2 218 680.574 156.194 9
2 219 811.997 466.21 1
2 222 853.959 621.638 4
2 224 272.482 202.425 5
2 225 762.214 751.456 4
2 227 783.667 742.083 4
2 230 814.209 436.493 1
2 233 92.7453 433.967 6
2 234 769.072 182.917 9
2 240 789.06 180.381 9
2 243 195.262 304.483 5
2 247 805.435 372.793 1
2 249 818.209 629.891 4
2 251 203.288 280.22 5
2 252 325.896 907.59 7
2 253 512.472 906.526 2
2 258 360.033 175.038 5
2 259 809.911 758.316 4
2 260 260.672 213.383 5
2 262 176.023 365.196 6
2 264 667.645 810.279 4
2 267 93.5555 531.101 3
2 268 818.774 606.902 4
2 279 808.889 763.527 4
2 280 775.352 780.347 4
2 281 178.085 519.553 3
2 283 114.258 377.412 6
2 286 273.595 173.028 5
2 291 995.164 77.7478 9
2 292 509.984 834.341 2
2 296 868.559 484.797 1
2 297 91.7265 661.356 3
2 314 257.178 178.95 5
2 315 233.293 789.181 7
2 317 818.496 388.539 1
2 318 438.962 136.901 8
2 319 344.937 837.515 7
2 320 920.634 460.336 1
2 321 950.473 33.9817 9
2 323 826.839 234.883 9
2 328 500.418 885.256 2
2 332 752.455 173.084 9
2 336 782.186 687.569 4
2 337 559.929 171.432 8
2 340 257.615 814.539 7
2 344 537.144 893.849 2
2 349 407.053 857.824 2
2 354 800.506 368.529 1
2 356 122.621 436.923 6
2 358 235.387 41.3129 5
2 361 498.328 926.571 2
2 363 779.11 99.0186 9
2 364 582.097 75.6071 8
2 375 961.419 413.034 1
2 376 825.413 709.361 4
2 377 827.455 580.479 4
2 381 738.931 820.767 4
2 383 82.5408 643.565 3
2 387 885.712 666.382 4
2 390 165.76 712.313 3
2 391 256.231 126.549 5
2 393 524.925 53.7248 8
2 394 72.1925 423.799 6
2 395 367.23 863.354 7
2 396 349.224 799.328 7
2 398 587.637 139.566 8
3 1 602.539 801.704 9
3 3 444.217 553.301 6
3 7 476.864 203.976 8
3 8 406.271 601.839 6
3 14 247.619 698.637 5
3 19 691.414 576.653 7
3 20 237.167 707.298 5
3 21 583.448 609.201 9
3 25 196.656 613.862 5
3 29 271.361 736.904 5
3 33 332.771 466.52 3
3 36 806.139 537.748 7
3 37 445.404 306.86 4
3 38 306.696 552.626 5
3 39 555.492 359.315 2
3 43 460.829 255.503 4
3 44 385.534 487.846 6
3 49 511.528 60.4103 8
3 50 232.874 327.742 3
3 54 550.99 317.71 2
3 55 421.545 669.856 1
3 56 699.395 641.832 9
3 65 599.164 587.5 9
3 74 795.061 496.701 7
3 78 370.272 274.581 4
3 81 748.357 537.031 7
3 89 316.686 311.822 4
3 91 525.118 681.256 9
3 95 653.011 671.869 9
3 98 730.64 446.995 7
3 102 659.297 693.415 9
3 103 700.979 439.308 7
3 105 755.117 581.702 7
3 107 607.71 673.196 9
3 108 569.788 359.946 2
3 109 505.772 795.094 1
3 110 692.786 475.055 7
3 111 615.258 416.034 2
3 114 326.41 615.676 5
3 116 175.187 551.629 5
3 119 245.176 595.849 5
3 120 368.488 322.474 4
3 127 476.331 253.181 4
3 128 232.085 588.069 5
3 129 439.629 819.344 1
3 132 475.22 422.92 2
3 133 734.709 76.166 8
3 136 359.094 688.825 1
3 138 607.208 778.844 9
3 142 725.65 402.263 7
3 144 429.87 229.253 4
3 146 578.122 545.104 9
3 147 541.69 818.375 1
3 148 509.211 164.053 8
3 151 485.894 5.4797 8
3 154 156.372 445.891 3
3 156 476.475 711.843 1
3 157 456.946 809.262 1
3 160 381.612 457.549 6
3 164 257.714 332.927 3
3 165 678.108 546.502 7
3 167 560.389 331.015 2
3 168 416.783 521.535 6
3 174 417.205 194.188 4
3 178 669.764 662.314 9
3 180 424.972 239.973 4
3 192 547.387 204.852 8
3 200 417.302 581.199 6
3 201 205.641 477.219 3
3 202 486.743 625.481 6
3 213 244.594 473.987 3
3 214 642.573 589.53 9
3 215 228.193 537.552 5
3 221 312.678 611.344 5
3 226 648.783 603.79 9
3 228 399.475 192.268 4
3 231 291.053 292.049 4
3 235 175.856 408.861 3
3 236 344.656 388.185 3
3 237 227.183 343.604 3
3 238 491.148 328.614 2
3 245 557.17 378.511 2
3 246 256.513 606.643 5
3 248 462.037 417.062 2
3 250 415.46 823.742 1
3 255 374.105 494.356 6
3 256 599.164 619.972 9
3 257 327.353 384.372 3
3 263 606.972 355.066 2
3 269 746.616 491.772 7
3 272 431.006 685.786 1
3 273 709.83 561.077 7
3 274 452.184 663.382 1
3 275 384.806 812.568 1
3 284 236.126 494.214 3
3 285 314.339 438.079 3
3 289 540.007 528.659 6
3 290 786.058 432.582 7
3 294 304.468 535.688 5
3 298 616.789 748.507 9
3 299 414.131 748.199 1
3 300 236.206 683.44 5
3 302 732.088 320.501 7
3 303 334.192 594.83 5
3 306 451.636 797.971 1
3 308 236.339 400.124 3
3 309 747.866 360.265 7
3 310 430.779 816.476 1
3 312 344.638 230.393 4
3 325 763.859 558.636 7
3 326 477.087 834.773 1
3 327 189.042 621.271 5
3 333 740.572 359.87 7
3 334 494.045 199.61 8
3 335 225.447 556.169 5
3 338 463.399 711.7 1
3 343 483.206 814.332 1
3 346 286.889 436.077 3
3 348 382.173 228.74 4
3 351 534.254 449.898 2
3 353 609.907 714.945 9
3 357 517.93 649.464 9
3 359 603.56 723.736 9
3 366 560.439 622.937 9
3 367 693.672 555.594 7
3 369 760.5 411.841 7
3 370 626.521 526.724 7
3 374 377.688 314.408 4
3 379 620.154 281.819 2
3 382 274.222 258.428 4
3 384 592.712 764.167 9
3 385 724.782 471.166 7
