1 78 192.119 314.184 8
1 58 224.318 312.468 8
1 15 246.928 322.461 8
1 120 172.309 344.396 8
1 14 240.825 281.514 8
1 77 220.704 270.082 8
1 110 269.367 367.476 8
1 44 91.5848 110.02 5
1 70 117.862 112.98 5
1 114 97.7359 157.456 5
1 3 53.4418 131.485 5
1 149 91.6468 166.354 5
1 43 138.244 137.168 5
1 6 112.748 529.418 7
1 83 118.663 508.713 7
1 7 141.488 504.818 7
1 29 104.653 482.822 7
1 88 141.451 485.248 7
1 33 58.7767 507.171 7
1 102 59.7537 551.632 7
1 97 49.9187 541.435 7
1 95 144.6 457.422 7
1 0 37.4394 541.209 7
1 129 635.497 133.323 1
1 38 547.266 161.659 1
1 126 608.426 222.542 1
1 59 595.836 81.813 1
1 56 530.363 137.688 1
1 68 630.923 230.343 1
1 1 612.176 494.317 4
1 36 639.031 467.23 4
1 41 629.998 433.455 4
1 119 598.416 414.556 4
1 46 565.162 429.16 4
1 8 661.051 445.938 4
1 109 537.466 472.584 4
1 54 486.465 593.043 2
1 64 432.264 629.409 2
1 57 498.807 576.21 2
1 49 531.029 612.387 2
1 131 484.803 677.073 2
1 140 461.411 530.525 2
1 144 308.435 115.205 6
1 146 334.275 152.149 6
1 48 334.351 153.797 6
1 143 352.314 140.327 6
1 30 356.71 67.6477 6
1 133 381.654 360.334 3
1 137 398.55 392.649 3
1 108 457.263 350.016 3
1 66 436.519 282.936 3
1 42 471.101 314.222 3
1 53 358.917 404.467 3
1 45 390.697 423.977 3
2 87 135.638 325.841 3
2 132 278.871 299.931 8
2 93 130.924 351.149 3
2 51 228.833 410.446 3
2 104 283.005 376.444 3
2 121 299.481 251.83 8
2 127 70.2723 77.9227 6
2 103 15.2146 143.044 6
2 67 59.4163 40.128 6
2 105 146.539 39.4232 6
2 118 66.2308 24.1317 6
2 123 197.897 512.389 3
2 62 79.4653 445.964 1
2 86 22.6471 526.247 1
2 34 189.751 460.382 3
2 47 54.5249 438.552 1
2 75 10.0261 488.931 1
2 4 143.061 631.72 1
2 106 101.869 635.099 1
2 72 22.7643 455.534 1
2 60 661.559 217.046 4
2 65 623.249 69.1893 4
2 147 690.966 134.579 4
2 35 659.912 226.628 4
2 10 697.388 180.396 4
2 16 649.731 62.3332 4
2 28 571.219 530.262 2
2 27 672.862 432.883 2
2 18 633.392 534.94 2
2 80 530.732 504.067 2
2 5 689.945 468.535 2
2 138 590.894 370.741 2
2 98 656.694 558.111 2
2 134 557.607 595.319 2
2 85 559.016 560.887 2
2 136 562.905 670.038 2
2 69 579.327 601.036 2
2 82 396.127 539.465 7
2 71 297.791 166.313 5
2 135 249.059 76.6595 5
2 111 239.905 102.63 5
2 122 303.838 21.0526 5
2 128 398.23 119.558 5
2 130 378.348 272.291 8
2 91 350.425 420.653 7
2 31 400.407 253.679 8
2 37 415.026 233.305 8
2 89 396.774 460.756 7
2 22 397.559 231.359 8
2 19 488.312 437.487 7
3 76 315.293 273.228 7
3 79 271.504 225.292 7
3 9 98.7899 384.593 2
3 112 88.4678 384.051 2
3 92 216.701 466.482 7
3 148 48.0798 270.968 2
3 90 87.7495 19.617 5
3 20 141.404 228.433 2
3 63 210.416 130.715 5
3 124 56.02 243.066 2
3 21 17.3633 240.241 2
3 96 212.373 594.922 1
3 94 72.633 645.785 1
3 99 176.594 648.524 1
3 81 42.5331 656.365 1
3 142 193.661 669.743 1
3 145 299.588 530.589 8
3 2 38.1312 353.148 2
3 25 322.422 550.317 8
3 61 43.6892 305.472 2
3 40 494.859 148.122 3
3 117 594.405 275.874 6
3 23 565.785 282.386 6
3 116 500.257 64.9136 3
3 139 558.201 0.419881 3
3 39 616.655 339.341 6
3 24 475.898 468.539 4
3 113 658.913 583.958 4
3 52 578.381 321.33 6
3 50 475.735 385.784 6
3 101 634.318 612.829 4
3 84 395.691 699.538 8
3 107 588.197 580.595 4
3 17 352.966 666.787 8
3 74 342.358 599.388 8
3 141 354.724 685.405 8
3 26 397.559 74.7588 3
3 73 259.71 10.62 5
3 13 282.787 229.8 7
3 12 192.407 20.4394 5
3 11 536.489 287.228 6
3 32 282.304 426.838 7
3 115 506.619 233.002 6
3 55 343.169 509.312 8
3 100 500.383 198.743 6
3 125 255.557 448.865 7
