1 6 112.748 529.418 8
1 83 118.663 508.713 8
1 102 59.7537 551.632 8
1 97 49.9187 541.435 8
1 33 58.7767 507.171 8
1 29 104.653 482.822 8
1 7 141.488 504.818 8
1 0 37.4394 541.209 8
1 129 635.497 133.323 3
1 38 547.266 161.659 3
1 126 608.426 222.542 3
1 56 530.363 137.688 3
1 59 595.836 81.813 3
1 68 630.923 230.343 3
1 143 352.314 140.327 6
1 144 308.435 115.205 6
1 146 334.275 152.149 6
1 48 334.351 153.797 6
1 30 356.71 67.6477 6
1 128 398.23 119.558 6
1 55 343.169 509.312 1
1 82 396.127 539.465 1
1 25 322.422 550.317 1
1 145 299.588 530.589 1
1 74 342.358 599.388 1
1 89 396.774 460.756 1
1 140 461.411 530.525 1
1 45 390.697 423.977 1
1 91 350.425 420.653 1
1 70 117.862 112.98 2
1 44 91.5848 110.02 2
1 127 70.2723 77.9227 2
1 43 138.244 137.168 2
1 114 97.7359 157.456 2
1 78 192.119 314.184 4
1 58 224.318 312.468 4
1 120 172.309 344.396 4
1 77 220.704 270.082 4
1 87 135.638 325.841 4
1 14 240.825 281.514 4
1 15 246.928 322.461 4
1 93 130.924 351.149 4
1 1 612.176 494.317 5
1 18 633.392 534.94 5
1 28 571.219 530.262 5
1 36 639.031 467.23 5
1 98 656.694 558.111 5
1 85 559.016 560.887 5
1 107 588.197 580.595 5
1 42 471.101 314.222 7
1 108 457.263 350.016 7
1 50 475.735 385.784 7
1 11 536.489 287.228 7
1 66 436.519 282.936 7
2 88 141.451 485.248 1
2 86 22.6471 526.247 1
2 62 79.4653 445.964 1
2 95 144.6 457.422 1
2 75 10.0261 488.931 1
2 106 101.869 635.099 8
2 47 54.5249 438.552 1
2 4 143.061 631.72 8
2 60 661.559 217.046 2
2 35 659.912 226.628 2
2 65 623.249 69.1893 2
2 147 690.966 134.579 2
2 10 697.388 180.396 2
2 16 649.731 62.3332 2
2 71 297.791 166.313 4
2 26 397.559 74.7588 4
2 111 239.905 102.63 4
2 122 303.838 21.0526 4
2 22 397.559 231.359 4
2 64 432.264 629.409 7
2 53 358.917 404.467 5
2 17 352.966 666.787 7
2 32 282.304 426.838 5
2 54 486.465 593.043 7
2 125 255.557 448.865 5
2 57 498.807 576.21 7
2 137 398.55 392.649 5
2 3 53.4418 131.485 3
2 149 91.6468 166.354 3
2 105 146.539 39.4232 3
2 67 59.4163 40.128 3
2 90 87.7495 19.617 3
2 20 141.404 228.433 3
2 132 278.871 299.931 5
2 110 269.367 367.476 5
2 51 228.833 410.446 5
2 79 271.504 225.292 4
2 104 283.005 376.444 5
2 13 282.787 229.8 4
2 112 88.4678 384.051 1
2 80 530.732 504.067 6
2 113 658.913 583.958 7
2 109 537.466 472.584 6
2 69 579.327 601.036 7
2 41 629.998 433.455 6
2 134 557.607 595.319 7
2 8 661.051 445.938 6
2 52 578.381 321.33 6
2 115 506.619 233.002 2
2 19 488.312 437.487 6
2 133 381.654 360.334 5
2 138 590.894 370.741 6
3 72 22.7643 455.534 1
3 94 72.633 645.785 8
3 96 212.373 594.922 8
3 81 42.5331 656.365 8
3 99 176.594 648.524 8
3 9 98.7899 384.593 1
3 142 193.661 669.743 8
3 100 500.383 198.743 2
3 117 594.405 275.874 3
3 23 565.785 282.386 3
3 116 500.257 64.9136 2
3 139 558.201 0.419881 2
3 73 259.71 10.62 4
3 37 415.026 233.305 5
3 40 494.859 148.122 2
3 12 192.407 20.4394 4
3 141 354.724 685.405 6
3 92 216.701 466.482 1
3 123 197.897 512.389 1
3 84 395.691 699.538 6
3 49 531.029 612.387 6
3 131 484.803 677.073 6
3 34 189.751 460.382 1
3 118 66.2308 24.1317 4
3 103 15.2146 143.044 7
3 63 210.416 130.715 4
3 135 249.059 76.6595 4
3 121 299.481 251.83 5
3 76 315.293 273.228 5
3 148 48.0798 270.968 7
3 61 43.6892 305.472 7
3 124 56.02 243.066 7
3 2 38.1312 353.148 7
3 21 17.3633 240.241 7
3 101 634.318 612.829 6
3 5 689.945 468.535 3
3 46 565.162 429.16 3
3 119 598.416 414.556 3
3 27 672.862 432.883 3
3 136 562.905 670.038 6
3 31 400.407 253.679 5
3 130 378.348 272.291 5
3 39 616.655 339.341 3
3 24 475.898 468.539 3
