1 144 308.435 115.205 2
1 146 334.275 152.149 2
1 71 297.791 166.313 2
1 48 334.351 153.797 2
1 143 352.314 140.327 2
1 111 239.905 102.63 2
1 1 612.176 494.317 4
1 36 639.031 467.23 4
1 28 571.219 530.262 4
1 18 633.392 534.94 4
1 41 629.998 433.455 4
1 109 537.466 472.584 4
1 80 530.732 504.067 4
1 46 565.162 429.16 4
1 6 112.748 529.418 5
1 83 118.663 508.713 5
1 29 104.653 482.822 5
1 7 141.488 504.818 5
1 33 58.7767 507.171 5
1 88 141.451 485.248 5
1 102 59.7537 551.632 5
1 97 49.9187 541.435 5
1 0 37.4394 541.209 5
1 95 144.6 457.422 5
1 114 97.7359 157.456 3
1 149 91.6468 166.354 3
1 3 53.4418 131.485 3
1 44 91.5848 110.02 3
1 70 117.862 112.98 3
1 43 138.244 137.168 3
1 38 547.266 161.659 7
1 126 608.426 222.542 7
1 129 635.497 133.323 7
1 56 530.363 137.688 7
1 68 630.923 230.343 7
1 60 661.559 217.046 7
1 35 659.912 226.628 7
1 100 500.383 198.743 7
1 15 246.928 322.461 8
1 58 224.318 312.468 8
1 110 269.367 367.476 8
1 78 192.119 314.184 8
1 14 240.825 281.514 8
1 132 278.871 299.931 8
1 64 432.264 629.409 1
1 82 396.127 539.465 1
1 54 486.465 593.043 1
1 74 342.358 599.388 1
1 57 498.807 576.21 1
1 140 461.411 530.525 1
1 133 381.654 360.334 6
1 108 457.263 350.016 6
1 137 398.55 392.649 6
1 42 471.101 314.222 6
1 66 436.519 282.936 6
1 50 475.735 385.784 6
2 135 249.059 76.6595 1
2 30 356.71 67.6477 1
2 63 210.416 130.715 1
2 122 303.838 21.0526 1
2 128 398.23 119.558 1
2 8 661.051 445.938 4
2 85 559.016 560.887 4
2 119 598.416 414.556 4
2 98 656.694 558.111 4
2 107 588.197 580.595 4
2 5 689.945 468.535 4
2 27 672.862 432.883 4
2 62 79.4653 445.964 3
2 86 22.6471 526.247 3
2 123 197.897 512.389 3
2 47 54.5249 438.552 3
2 75 10.0261 488.931 3
2 34 189.751 460.382 3
2 72 22.7643 455.534 3
2 106 101.869 635.099 3
2 4 143.061 631.72 3
2 103 15.2146 143.044 6
2 127 70.2723 77.9227 6
2 124 56.02 243.066 6
2 20 141.404 228.433 8
2 67 59.4163 40.128 6
2 21 17.3633 240.241 6
2 59 595.836 81.813 2
2 40 494.859 148.122 2
2 115 506.619 233.002 2
2 117 594.405 275.874 2
2 10 697.388 180.396 2
2 147 690.966 134.579 2
2 23 565.785 282.386 2
2 104 283.005 376.444 5
2 120 172.309 344.396 8
2 77 220.704 270.082 8
2 51 228.833 410.446 8
2 87 135.638 325.841 8
2 17 352.966 666.787 7
2 84 395.691 699.538 7
2 131 484.803 677.073 7
2 141 354.724 685.405 7
2 25 322.422 550.317 7
2 53 358.917 404.467 5
2 45 390.697 423.977 5
2 130 378.348 272.291 5
2 31 400.407 253.679 5
2 91 350.425 420.653 5
3 26 397.559 74.7588 7
3 73 259.71 10.62 1
3 79 271.504 225.292 7
3 13 282.787 229.8 7
3 12 192.407 20.4394 1
3 113 658.913 583.958 3
3 69 579.327 601.036 3
3 134 557.607 595.319 3
3 101 634.318 612.829 3
3 138 590.894 370.741 6
3 24 475.898 468.539 6
3 39 616.655 339.341 6
3 92 216.701 466.482 8
3 94 72.633 645.785 5
3 96 212.373 594.922 5
3 9 98.7899 384.593 2
3 112 88.4678 384.051 2
3 99 176.594 648.524 5
3 81 42.5331 656.365 5
3 142 193.661 669.743 5
3 2 38.1312 353.148 2
3 118 66.2308 24.1317 1
3 105 146.539 39.4232 1
3 90 87.7495 19.617 1
3 148 48.0798 270.968 2
3 61 43.6892 305.472 2
3 65 623.249 69.1893 4
3 11 536.489 287.228 6
3 16 649.731 62.3332 4
3 116 500.257 64.9136 4
3 52 578.381 321.33 6
3 139 558.201 0.419881 4
3 76 315.293 273.228 7
3 32 282.304 426.838 8
3 121 299.481 251.83 7
3 93 130.924 351.149 2
3 125 255.557 448.865 8
3 49 531.029 612.387 3
3 55 343.169 509.312 8
3 145 299.588 530.589 8
3 136 562.905 670.038 3
3 89 396.774 460.756 8
3 37 415.026 233.305 7
3 19 488.312 437.487 6
3 22 397.559 231.359 7
