1 0 37.4394 541.209 4
1 1 612.176 494.317 3
1 2 38.1312 353.148 5
1 3 53.4418 131.485 1
1 5 689.945 468.535 3
1 6 112.748 529.418 4
1 7 141.488 504.818 4
1 9 98.7899 384.593 5
1 11 536.489 287.228 6
1 14 240.825 281.514 7
1 18 633.392 534.94 3
1 19 488.312 437.487 3
1 22 397.559 231.359 7
1 25 322.422 550.317 8
1 27 672.862 432.883 3
1 36 639.031 467.23 3
1 37 415.026 233.305 7
1 41 629.998 433.455 3
1 42 471.101 314.222 6
1 43 138.244 137.168 1
1 44 91.5848 110.02 1
1 48 334.351 153.797 7
1 53 358.917 404.467 2
1 56 530.363 137.688 6
1 60 661.559 217.046 6
1 61 43.6892 305.472 5
1 63 210.416 130.715 1
1 64 432.264 629.409 8
1 69 579.327 601.036 3
1 71 297.791 166.313 7
1 73 259.71 10.62 1
1 78 192.119 314.184 5
1 79 271.504 225.292 7
1 81 42.5331 656.365 4
1 82 396.127 539.465 8
1 85 559.016 560.887 3
1 86 22.6471 526.247 4
1 91 350.425 420.653 2
1 92 216.701 466.482 2
1 93 130.924 351.149 5
1 97 49.9187 541.435 4
1 98 656.694 558.111 3
1 99 176.594 648.524 4
1 102 59.7537 551.632 4
1 104 283.005 376.444 2
1 109 537.466 472.584 3
1 110 269.367 367.476 2
1 111 239.905 102.63 1
1 117 594.405 275.874 6
1 119 598.416 414.556 3
1 121 299.481 251.83 7
2 4 143.061 631.72 7
2 15 246.928 322.461 5
2 16 649.731 62.3332 3
2 17 352.966 666.787 7
2 20 141.404 228.433 5
2 24 475.898 468.539 4
2 28 571.219 530.262 4
2 30 356.71 67.6477 6
2 31 400.407 253.679 8
2 35 659.912 226.628 3
2 38 547.266 161.659 3
2 40 494.859 148.122 3
2 47 54.5249 438.552 2
2 55 343.169 509.312 7
2 57 498.807 576.21 4
2 58 224.318 312.468 5
2 59 595.836 81.813 3
2 62 79.4653 445.964 2
2 65 623.249 69.1893 3
2 66 436.519 282.936 8
2 67 59.4163 40.128 1
2 70 117.862 112.98 1
2 72 22.7643 455.534 2
2 74 342.358 599.388 7
2 75 10.0261 488.931 2
2 77 220.704 270.082 5
2 83 118.663 508.713 2
2 84 395.691 699.538 7
2 87 135.638 325.841 5
2 88 141.451 485.248 2
2 90 87.7495 19.617 1
2 94 72.633 645.785 2
2 95 144.6 457.422 2
2 96 212.373 594.922 7
2 100 500.383 198.743 8
2 108 457.263 350.016 8
2 112 88.4678 384.051 2
2 113 658.913 583.958 4
2 116 500.257 64.9136 3
2 122 303.838 21.0526 6
2 124 56.02 243.066 5
2 127 70.2723 77.9227 1
2 129 635.497 133.323 3
2 130 378.348 272.291 8
2 131 484.803 677.073 4
2 134 557.607 595.319 4
2 135 249.059 76.6595 6
2 136 562.905 670.038 4
2 138 590.894 370.741 8
2 142 193.661 669.743 7
2 143 352.314 140.327 6
3 8 661.051 445.938 6
3 10 697.388 180.396 4
3 12 192.407 20.4394 8
3 13 282.787 229.8 1
3 21 17.3633 240.241 3
3 23 565.785 282.386 6
3 26 397.559 74.7588 1
3 29 104.653 482.822 5
3 32 282.304 426.838 7
3 33 58.7767 507.171 5
3 34 189.751 460.382 5
3 39 616.655 339.341 6
3 45 390.697 423.977 7
3 46 565.162 429.16 6
3 49 531.029 612.387 2
3 50 475.735 385.784 6
3 51 228.833 410.446 7
3 52 578.381 321.33 6
3 54 486.465 593.043 2
3 68 630.923 230.343 4
3 76 315.293 273.228 1
3 80 530.732 504.067 2
3 89 396.774 460.756 7
3 101 634.318 612.829 2
3 103 15.2146 143.044 3
3 105 146.539 39.4232 8
3 106 101.869 635.099 5
3 107 588.197 580.595 2
3 114 97.7359 157.456 3
3 115 506.619 233.002 4
3 118 66.2308 24.1317 8
3 120 172.309 344.396 7
3 123 197.897 512.389 5
3 125 255.557 448.865 7
3 126 608.426 222.542 4
3 128 398.23 119.558 1
3 132 278.871 299.931 7
3 133 381.654 360.334 7
3 137 398.55 392.649 7
3 139 558.201 0.419881 4
3 140 461.411 530.525 2
3 141 354.724 685.405 2
3 144 308.435 115.205 1
3 145 299.588 530.589 7
3 146 334.275 152.149 1
3 147 690.966 134.579 4
3 148 48.0798 270.968 3
3 149 91.6468 166.354 3
