1 3 53.4418 131.485 1
1 9 98.7899 384.593 4
1 12 192.407 20.4394 1
1 19 488.312 437.487 3
1 24 475.898 468.539 3
1 25 322.422 550.317 7
1 27 672.862 432.883 6
1 28 571.219 530.262 2
1 29 104.653 482.822 7
1 30 356.71 67.6477 5
1 39 616.655 339.341 6
1 41 629.998 433.455 6
1 45 390.697 423.977 3
1 46 565.162 429.16 6
1 57 498.807 576.21 2
1 58 224.318 312.468 4
1 59 595.836 81.813 8
1 60 661.559 217.046 8
1 64 432.264 629.409 2
1 65 623.249 69.1893 8
1 74 342.358 599.388 7
1 78 192.119 314.184 4
1 79 271.504 225.292 5
1 82 396.127 539.465 3
1 85 559.016 560.887 2
1 88 141.451 485.248 7
1 94 72.633 645.785 7
1 96 212.373 594.922 7
1 101 634.318 612.829 2
1 108 457.263 350.016 3
1 111 239.905 102.63 5
1 115 506.619 233.002 8
1 116 500.257 64.9136 8
1 123 197.897 512.389 7
1 127 70.2723 77.9227 1
1 129 635.497 133.323 8
1 131 484.803 677.073 2
1 133 381.654 360.334 3
1 134 557.607 595.319 2
1 137 398.55 392.649 3
1 138 590.894 370.741 6
1 140 461.411 530.525 2
1 143 352.314 140.327 5
1 145 299.588 530.589 7
1 146 334.275 152.149 5
1 147 690.966 134.579 8
1 148 48.0798 270.968 4
1 149 91.6468 166.354 1
2 0 37.4394 541.209 5
2 1 612.176 494.317 3
2 2 38.1312 353.148 2
2 6 112.748 529.418 5
2 7 141.488 504.818 5
2 8 661.051 445.938 3
2 16 649.731 62.3332 4
2 17 352.966 666.787 8
2 18 633.392 534.94 3
2 20 141.404 228.433 2
2 32 282.304 426.838 6
2 33 58.7767 507.171 5
2 38 547.266 161.659 4
2 43 138.244 137.168 7
2 47 54.5249 438.552 5
2 48 334.351 153.797 1
2 50 475.735 385.784 6
2 53 358.917 404.467 6
2 61 43.6892 305.472 2
2 66 436.519 282.936 6
2 70 117.862 112.98 7
2 73 259.71 10.62 1
2 76 315.293 273.228 6
2 83 118.663 508.713 5
2 84 395.691 699.538 8
2 86 22.6471 526.247 5
2 87 135.638 325.841 2
2 91 350.425 420.653 6
2 92 216.701 466.482 5
2 95 144.6 457.422 5
2 104 283.005 376.444 6
2 105 146.539 39.4232 7
2 107 588.197 580.595 3
2 109 537.466 472.584 3
2 110 269.367 367.476 6
2 112 88.4678 384.051 2
2 114 97.7359 157.456 7
2 119 598.416 414.556 3
2 120 172.309 344.396 2
2 124 56.02 243.066 2
2 125 255.557 448.865 6
2 126 608.426 222.542 4
2 128 398.23 119.558 1
2 130 378.348 272.291 6
2 132 278.871 299.931 6
2 135 249.059 76.6595 1
2 136 562.905 670.038 3
2 139 558.201 0.419881 4
2 141 354.724 685.405 8
2 142 193.661 669.743 8
2 144 308.435 115.205 1
3 4 143.061 631.72 3
3 5 689.945 468.535 2
3 10 697.388 180.396 6
3 11 536.489 287.228 6
3 13 282.787 229.8 4
3 14 240.825 281.514 4
3 15 246.928 322.461 4
3 21 17.3633 240.241 7
3 22 397.559 231.359 1
3 23 565.785 282.386 6
3 26 397.559 74.7588 5
3 31 400.407 253.679 1
3 34 189.751 460.382 8
3 35 659.912 226.628 6
3 36 639.031 467.23 2
3 37 415.026 233.305 1
3 40 494.859 148.122 1
3 42 471.101 314.222 1
3 44 91.5848 110.02 7
3 49 531.029 612.387 2
3 51 228.833 410.446 8
3 52 578.381 321.33 6
3 54 486.465 593.043 2
3 55 343.169 509.312 8
3 56 530.363 137.688 1
3 62 79.4653 445.964 3
3 63 210.416 130.715 5
3 67 59.4163 40.128 7
3 68 630.923 230.343 6
3 69 579.327 601.036 2
3 71 297.791 166.313 5
3 72 22.7643 455.534 3
3 75 10.0261 488.931 3
3 77 220.704 270.082 4
3 80 530.732 504.067 2
3 81 42.5331 656.365 3
3 89 396.774 460.756 8
3 90 87.7495 19.617 7
3 93 130.924 351.149 4
3 97 49.9187 541.435 3
3 98 656.694 558.111 2
3 99 176.594 648.524 3
3 100 500.383 198.743 1
3 102 59.7537 551.632 3
3 103 15.2146 143.044 7
3 106 101.869 635.099 3
3 113 658.913 583.958 2
3 117 594.405 275.874 6
3 118 66.2308 24.1317 7
3 121 299.481 251.83 4
3 122 303.838 21.0526 5
